pair_id,file1,start1,end1,file2,start2,end2,is_first_occurrence,pair_hash
1,/app/Repos/pandas/asv_bench/benchmarks/algorithms.py,21,27,/app/Repos/pandas/asv_bench/benchmarks/algorithms.py,42,48,True,c7db2708b5226be5dde01299f5766b7a
2,/app/Repos/pandas/asv_bench/benchmarks/io/msgpack.py,10,20,/app/Repos/pandas/asv_bench/benchmarks/io/stata.py,13,32,True,6829a79f4c883bc5a2b59259ebecfbde
3,/app/Repos/pandas/asv_bench/benchmarks/io/excel.py,12,25,/app/Repos/pandas/asv_bench/benchmarks/io/excel.py,12,25,True,ffd63542f5f329d6a84fac6380622955
4,/app/Repos/pandas/asv_bench/benchmarks/panel_ctor.py,8,18,/app/Repos/pandas/asv_bench/benchmarks/panel_ctor.py,25,32,True,62e07116cdd88aab93d7fca9fee2a2f5
5,/app/Repos/pandas/asv_bench/benchmarks/indexing_engines.py,26,41,/app/Repos/pandas/asv_bench/benchmarks/indexing_engines.py,50,63,True,793c05b626b7dd97a706623b9a8651ed
6,/app/Repos/pandas/asv_bench/benchmarks/io/msgpack.py,10,20,/app/Repos/pandas/asv_bench/benchmarks/io/pickle.py,10,20,True,a57a56dcc02532faabae91d238f577b8
7,/app/Repos/pandas/asv_bench/benchmarks/io/pickle.py,10,20,/app/Repos/pandas/asv_bench/benchmarks/io/pickle.py,10,20,True,9b72774b3ffeda87e08e3a29c4c2db04
8,/app/Repos/pandas/asv_bench/benchmarks/io/hdf.py,132,142,/app/Repos/pandas/asv_bench/benchmarks/io/pickle.py,10,20,True,695687c9a33f6938437c4d64faf23fb4
9,/app/Repos/pandas/asv_bench/benchmarks/io/excel.py,12,25,/app/Repos/pandas/asv_bench/benchmarks/io/pickle.py,10,20,True,2157e4780c22a966a575212d3ba60574
10,/app/Repos/pandas/asv_bench/benchmarks/gil.py,35,52,/app/Repos/pandas/asv_bench/benchmarks/gil.py,249,264,True,ec709ad8ef9fd3a151ee20f19f1dd449
11,/app/Repos/pandas/asv_bench/benchmarks/io/hdf.py,132,142,/app/Repos/pandas/asv_bench/benchmarks/io/hdf.py,132,142,True,76c9fed1feb2d457177215557c0f70cc
11,/app/Repos/pandas/asv_bench/benchmarks/io/hdf.py,132,142,/app/Repos/pandas/asv_bench/benchmarks/io/hdf.py,132,142,False,76c9fed1feb2d457177215557c0f70cc
12,/app/Repos/pandas/asv_bench/benchmarks/io/sql.py,14,34,/app/Repos/pandas/asv_bench/benchmarks/io/sql.py,76,93,True,d6cde1dc8d5b509f7b979360a3201f2a
13,/app/Repos/pandas/asv_bench/benchmarks/io/sql.py,47,67,/app/Repos/pandas/asv_bench/benchmarks/io/sql.py,76,93,True,79214742e557d7928bdd45ff7eda14c8
14,/app/Repos/pandas/asv_bench/benchmarks/binary_ops.py,15,24,/app/Repos/pandas/asv_bench/benchmarks/eval.py,14,23,True,9ce48338011ad797029d0f49f67a0acc
15,/app/Repos/pandas/asv_bench/benchmarks/rolling.py,15,20,/app/Repos/pandas/asv_bench/benchmarks/rolling.py,70,75,True,dd03acf2359f7a54d9f46b0404a63dbf
3,/app/Repos/pandas/asv_bench/benchmarks/io/excel.py,12,25,/app/Repos/pandas/asv_bench/benchmarks/io/excel.py,12,25,False,ffd63542f5f329d6a84fac6380622955
16,/app/Repos/pandas/asv_bench/benchmarks/rolling.py,33,40,/app/Repos/pandas/asv_bench/benchmarks/rolling.py,70,75,True,f745e32971c4c9373a0a3e9cbd4526f1
3,/app/Repos/pandas/asv_bench/benchmarks/io/excel.py,12,25,/app/Repos/pandas/asv_bench/benchmarks/io/excel.py,12,25,False,ffd63542f5f329d6a84fac6380622955
17,/app/Repos/pandas/asv_bench/benchmarks/stat_ops.py,14,23,/app/Repos/pandas/asv_bench/benchmarks/stat_ops.py,50,59,True,ca70723a0e58bd1cb7c17f7de899217b
18,/app/Repos/pandas/asv_bench/benchmarks/io/sql.py,76,93,/app/Repos/pandas/asv_bench/benchmarks/io/sql.py,106,123,True,9c80f7525df920143e987a6fc3c7d302
19,/app/Repos/pandas/asv_bench/benchmarks/io/sql.py,14,34,/app/Repos/pandas/asv_bench/benchmarks/io/sql.py,106,123,True,2d48e8ebd8a93f9fdcd5b95af59e6161
20,/app/Repos/pandas/asv_bench/benchmarks/io/sql.py,47,67,/app/Repos/pandas/asv_bench/benchmarks/io/sql.py,106,123,True,8433cf857618bd51f6392858c26d7a77
21,/app/Repos/pandas/asv_bench/benchmarks/frame_methods.py,425,432,/app/Repos/pandas/asv_bench/benchmarks/reindex.py,150,160,True,6adec3a62d64b896a801089a01668dc5
22,/app/Repos/pandas/asv_bench/benchmarks/panel_ctor.py,25,32,/app/Repos/pandas/asv_bench/benchmarks/panel_ctor.py,39,50,True,e1b71dbff37b2a51f8116564aaef3a4c
23,/app/Repos/pandas/asv_bench/benchmarks/stat_ops.py,32,41,/app/Repos/pandas/asv_bench/benchmarks/stat_ops.py,68,77,True,d96c1b5c5c3bc86effadc3a28b47ef4e
24,/app/Repos/pandas/asv_bench/benchmarks/io/csv.py,86,97,/app/Repos/pandas/asv_bench/benchmarks/io/csv.py,86,97,True,59b5abb85b48cdb70642aaca0690c648
25,/app/Repos/pandas/asv_bench/benchmarks/io/json.py,14,23,/app/Repos/pandas/asv_bench/benchmarks/io/json.py,33,42,True,a34f5c5b9cf5db6dd5526b46668b89fc
26,/app/Repos/pandas/asv_bench/benchmarks/frame_methods.py,425,432,/app/Repos/pandas/asv_bench/benchmarks/reindex.py,10,26,True,1dd544cca7d6a06f98c0babfde52e832
27,/app/Repos/pandas/asv_bench/benchmarks/binary_ops.py,43,57,/app/Repos/pandas/asv_bench/benchmarks/binary_ops.py,43,57,True,ca484a74a303b1ced664deac96091e9f
28,/app/Repos/pandas/asv_bench/benchmarks/frame_methods.py,218,226,/app/Repos/pandas/asv_bench/benchmarks/frame_methods.py,238,254,True,dc45fc65220fa541f3c89cfded4eddb2
29,/app/Repos/pandas/asv_bench/benchmarks/io/sql.py,14,34,/app/Repos/pandas/asv_bench/benchmarks/io/sql.py,47,67,True,5b8f73a3d19de7ade1f51c3e0e561399
30,/app/Repos/pandas/asv_bench/benchmarks/reindex.py,94,114,/app/Repos/pandas/asv_bench/benchmarks/reindex.py,150,160,True,733cbdf6cead525b3eef2e6efcb07df5
31,/app/Repos/pandas/asv_bench/benchmarks/join_merge.py,74,85,/app/Repos/pandas/asv_bench/benchmarks/join_merge.py,99,107,True,739932f4d29976cd2c7fa21c67c9ef4d
32,/app/Repos/pandas/asv_bench/benchmarks/rolling.py,15,20,/app/Repos/pandas/asv_bench/benchmarks/rolling.py,33,40,True,0f02e695341a5506230d37d20485a4fd
33,/app/Repos/pandas/asv_bench/benchmarks/categoricals.py,77,82,/app/Repos/pandas/asv_bench/benchmarks/categoricals.py,148,158,True,21b8cbf2bd4c8aa1fa87ab9857db1954
34,/app/Repos/pandas/asv_bench/benchmarks/categoricals.py,97,102,/app/Repos/pandas/asv_bench/benchmarks/categoricals.py,148,158,True,1f7b5cc5c1fae770f26c54258211131e
35,/app/Repos/pandas/asv_bench/benchmarks/frame_methods.py,425,432,/app/Repos/pandas/asv_bench/benchmarks/reindex.py,94,114,True,496fa0b9e5cf2a074468d49e32e61d8c
36,/app/Repos/pandas/scripts/tests/test_validate_docstrings.py,622,632,/app/Repos/pandas/scripts/tests/test_validate_docstrings.py,639,648,True,757c50ecd358394f5476f8ead27f8bec
37,/app/Repos/pandas/pandas/core/tools/datetimes.py,775,876,/app/Repos/pandas/pandas/core/tools/datetimes.py,804,863,True,79c9cd9817cf5289222d83d89f9f6cc6
38,/app/Repos/pandas/asv_bench/benchmarks/groupby.py,170,190,/app/Repos/pandas/asv_bench/benchmarks/groupby.py,196,204,True,acd0e7021310276109a7a366db5e3a43
39,/app/Repos/pandas/doc/sphinxext/numpydoc/docscrape.py,236,292,/app/Repos/pandas/doc/sphinxext/numpydoc/docscrape.py,246,257,True,9eaa0d4b2b54f5c08caab7a766e92196
40,/app/Repos/pandas/asv_bench/benchmarks/timeseries.py,245,252,/app/Repos/pandas/asv_bench/benchmarks/timeseries.py,261,268,True,febed1f647719cd68e2fa4e07a931df4
41,/app/Repos/pandas/pandas/compat/__init__.py,401,412,/app/Repos/pandas/pandas/compat/__init__.py,403,410,True,b65b634bf471ba0b53117e21e8b6b52a
42,/app/Repos/pandas/asv_bench/benchmarks/groupby.py,213,224,/app/Repos/pandas/asv_bench/benchmarks/groupby.py,213,224,True,910b4e4ac0cdb7507dbc8701b1389ac5
43,/app/Repos/pandas/pandas/core/dtypes/missing.py,189,234,/app/Repos/pandas/pandas/core/dtypes/missing.py,234,263,True,11b1e70d4f502394feda96780ded65a3
44,/app/Repos/pandas/scripts/validate_docstrings.py,591,629,/app/Repos/pandas/scripts/validate_docstrings.py,592,603,True,505226f88a5f12f3cf047585a2be3ae2
45,/app/Repos/pandas/doc/sphinxext/numpydoc/tests/test_docscrape.py,169,179,/app/Repos/pandas/doc/sphinxext/numpydoc/tests/test_docscrape.py,179,187,True,807cccad984341540d7777c70fdedb15
46,/app/Repos/pandas/asv_bench/benchmarks/categoricals.py,202,215,/app/Repos/pandas/asv_bench/benchmarks/indexing.py,243,258,True,2a4ab27463ad2196f7d056f34ded1c26
47,/app/Repos/pandas/pandas/core/computation/pytables.py,83,128,/app/Repos/pandas/pandas/core/computation/pytables.py,85,115,True,f02da497f38f2aa92ef7d1ae0728693a
48,/app/Repos/pandas/pandas/core/dtypes/missing.py,112,131,/app/Repos/pandas/pandas/core/dtypes/missing.py,131,159,True,f2022b7961adbf35353f8b4f11e26ff1
49,/app/Repos/pandas/scripts/find_undoc_args.py,86,101,/app/Repos/pandas/scripts/find_undoc_args.py,101,114,True,f3097c01bd2ca2d565882ed43f1e56c3
50,/app/Repos/pandas/pandas/core/tools/datetimes.py,704,756,/app/Repos/pandas/pandas/core/tools/datetimes.py,723,733,True,26554a495170922303028df4653edf20
51,/app/Repos/pandas/doc/sphinxext/numpydoc/docscrape.py,599,609,/app/Repos/pandas/doc/sphinxext/numpydoc/docscrape.py,609,619,True,b15983ece43ef8a67aceb8eb19fdfcad
52,/app/Repos/pandas/asv_bench/benchmarks/categoricals.py,77,82,/app/Repos/pandas/asv_bench/benchmarks/categoricals.py,97,102,True,ce30e357887b46757d8a0a0c9fd269ca
53,/app/Repos/pandas/pandas/compat/numpy/function.py,284,298,/app/Repos/pandas/pandas/compat/numpy/function.py,298,312,True,a6597cefc7ce5de90cdf348a2236a54e
54,/app/Repos/pandas/asv_bench/benchmarks/reindex.py,41,46,/app/Repos/pandas/asv_bench/benchmarks/reindex.py,55,62,True,802fcfe4b21fea2be0f4a08c03317b22
55,/app/Repos/pandas/setup.py,113,128,/app/Repos/pandas/setup.py,461,484,True,c58f663ac25e700040dc94f67a0373ef
56,/app/Repos/pandas/doc/sphinxext/numpydoc/docscrape.py,456,466,/app/Repos/pandas/doc/sphinxext/numpydoc/docscrape.py,456,466,True,9a8268cda12a1da401e8a8e8705456fd
57,/app/Repos/pandas/pandas/core/config.py,797,818,/app/Repos/pandas/pandas/core/config.py,802,813,True,65640a5584843bcc7a51ba35efa82e46
58,/app/Repos/pandas/asv_bench/benchmarks/reindex.py,71,82,/app/Repos/pandas/asv_bench/benchmarks/reindex.py,71,82,True,10951b9c6ec063bc637db9e59f364319
58,/app/Repos/pandas/asv_bench/benchmarks/reindex.py,71,82,/app/Repos/pandas/asv_bench/benchmarks/reindex.py,71,82,False,10951b9c6ec063bc637db9e59f364319
59,/app/Repos/pandas/doc/sphinxext/numpydoc/numpydoc.py,266,289,/app/Repos/pandas/doc/sphinxext/numpydoc/numpydoc.py,268,288,True,cae6b562c46f7f28441c53b1c1e10e1c
58,/app/Repos/pandas/asv_bench/benchmarks/reindex.py,71,82,/app/Repos/pandas/asv_bench/benchmarks/reindex.py,71,82,False,10951b9c6ec063bc637db9e59f364319
60,/app/Repos/pandas/pandas/core/reshape/reshape.py,530,645,/app/Repos/pandas/pandas/core/reshape/reshape.py,531,548,True,b11cdd335bf1878f0e0f79164cd0d39f
61,/app/Repos/pandas/pandas/compat/__init__.py,293,302,/app/Repos/pandas/pandas/compat/__init__.py,349,362,True,6a443b669b30b8a48212d4af347f472d
62,/app/Repos/pandas/doc/sphinxext/numpydoc/docscrape.py,408,422,/app/Repos/pandas/doc/sphinxext/numpydoc/docscrape.py,408,422,True,1137c89f6ef8af28be5ec68b5cd72eac
62,/app/Repos/pandas/doc/sphinxext/numpydoc/docscrape.py,408,422,/app/Repos/pandas/doc/sphinxext/numpydoc/docscrape.py,408,422,False,1137c89f6ef8af28be5ec68b5cd72eac
63,/app/Repos/pandas/pandas/conftest.py,252,285,/app/Repos/pandas/pandas/conftest.py,272,282,True,915329e1c5539405bb4ebdc8e0927f0b
64,/app/Repos/pandas/pandas/core/nanops.py,712,737,/app/Repos/pandas/pandas/core/nanops.py,713,733,True,ee387c88408f062306d57d31293d856c
62,/app/Repos/pandas/doc/sphinxext/numpydoc/docscrape.py,408,422,/app/Repos/pandas/doc/sphinxext/numpydoc/docscrape.py,408,422,False,1137c89f6ef8af28be5ec68b5cd72eac
65,/app/Repos/pandas/asv_bench/benchmarks/indexing.py,323,328,/app/Repos/pandas/asv_bench/benchmarks/indexing.py,323,328,True,0a17486b561b3e36e6dc2cb0fdf56f84
65,/app/Repos/pandas/asv_bench/benchmarks/indexing.py,323,328,/app/Repos/pandas/asv_bench/benchmarks/indexing.py,323,328,False,0a17486b561b3e36e6dc2cb0fdf56f84
65,/app/Repos/pandas/asv_bench/benchmarks/indexing.py,323,328,/app/Repos/pandas/asv_bench/benchmarks/indexing.py,323,328,False,0a17486b561b3e36e6dc2cb0fdf56f84
66,/app/Repos/pandas/pandas/compat/pickle_compat.py,156,169,/app/Repos/pandas/pandas/compat/pickle_compat.py,172,185,True,2bf32db30c7dd2acb79ec4759ae83e18
67,/app/Repos/pandas/pandas/core/nanops.py,326,359,/app/Repos/pandas/pandas/core/nanops.py,480,547,True,e00eddeed8e01e3f00c72f9d253f88d3
68,/app/Repos/pandas/doc/sphinxext/numpydoc/docscrape_sphinx.py,70,96,/app/Repos/pandas/doc/sphinxext/numpydoc/docscrape_sphinx.py,172,215,True,eb6d11d8fae71534569d2789d95dfad2
69,/app/Repos/pandas/pandas/core/nanops.py,359,392,/app/Repos/pandas/pandas/core/nanops.py,480,547,True,a5cec067a8206d1fa6aa7e3f96f20b11
70,/app/Repos/pandas/pandas/core/nanops.py,326,359,/app/Repos/pandas/pandas/core/nanops.py,771,801,True,4547153dbb54fcfb7d2232f43ccd3158
71,/app/Repos/pandas/pandas/core/nanops.py,359,392,/app/Repos/pandas/pandas/core/nanops.py,771,801,True,2907d0dba386ec41f3ca30bcea485ddc
72,/app/Repos/pandas/pandas/core/nanops.py,741,771,/app/Repos/pandas/pandas/core/nanops.py,771,801,True,681c6cfb2c1a8062401c7073273b3ff0
73,/app/Repos/pandas/pandas/core/missing.py,477,503,/app/Repos/pandas/pandas/core/missing.py,561,592,True,e7a8db1a52e8d25a2928dd7a553d735c
74,/app/Repos/pandas/pandas/core/arrays/integer.py,591,652,/app/Repos/pandas/pandas/core/arrays/integer.py,593,648,True,8f5a922aeb20b9b2582ea8ac11d823e7
65,/app/Repos/pandas/asv_bench/benchmarks/indexing.py,323,328,/app/Repos/pandas/asv_bench/benchmarks/indexing.py,323,328,False,0a17486b561b3e36e6dc2cb0fdf56f84
75,/app/Repos/pandas/pandas/core/config.py,662,695,/app/Repos/pandas/pandas/core/config.py,668,676,True,307b9d53ef45f3b4ad971d95f67f74ec
76,/app/Repos/pandas/pandas/core/missing.py,503,530,/app/Repos/pandas/pandas/core/missing.py,561,592,True,363c3f616378134d9ecef8553e026a60
77,/app/Repos/pandas/pandas/core/missing.py,530,561,/app/Repos/pandas/pandas/core/missing.py,561,592,True,b1a4915ed9abae955a7076fd583354a5
78,/app/Repos/pandas/pandas/core/missing.py,740,803,/app/Repos/pandas/pandas/core/missing.py,774,781,True,6d78c2449ca2d25ee6e4546f2f498a01
65,/app/Repos/pandas/asv_bench/benchmarks/indexing.py,323,328,/app/Repos/pandas/asv_bench/benchmarks/indexing.py,323,328,False,0a17486b561b3e36e6dc2cb0fdf56f84
79,/app/Repos/pandas/pandas/core/reshape/reshape.py,645,815,/app/Repos/pandas/pandas/core/reshape/reshape.py,760,770,True,43498d5bbaecf63dddd469f027fd54da
65,/app/Repos/pandas/asv_bench/benchmarks/indexing.py,323,328,/app/Repos/pandas/asv_bench/benchmarks/indexing.py,323,328,False,0a17486b561b3e36e6dc2cb0fdf56f84
80,/app/Repos/pandas/pandas/core/nanops.py,326,359,/app/Repos/pandas/pandas/core/nanops.py,430,480,True,214b5f4e5f314070f89129365132a54f
81,/app/Repos/pandas/pandas/core/nanops.py,359,392,/app/Repos/pandas/pandas/core/nanops.py,430,480,True,0c027dfee70a838552e2913a923b98c7
82,/app/Repos/pandas/pandas/core/nanops.py,392,430,/app/Repos/pandas/pandas/core/nanops.py,430,480,True,dd2db1f64d8ed9c388867cf6c766a708
83,/app/Repos/pandas/pandas/core/nanops.py,326,359,/app/Repos/pandas/pandas/core/nanops.py,741,771,True,0500727314850a04ccd20e6ec9f85873
84,/app/Repos/pandas/pandas/core/nanops.py,359,392,/app/Repos/pandas/pandas/core/nanops.py,741,771,True,f1b07d21916e90760691cd025b0106f1
85,/app/Repos/pandas/pandas/core/nanops.py,69,91,/app/Repos/pandas/pandas/core/nanops.py,70,88,True,b0c806407f6f15d22d97a8ee21cc507d
86,/app/Repos/pandas/pandas/compat/chainmap_impl.py,16,42,/app/Repos/pandas/pandas/compat/chainmap_impl.py,22,34,True,e96877f66803f77766088db1e12ad302
87,/app/Repos/pandas/pandas/compat/chainmap_impl.py,19,39,/app/Repos/pandas/pandas/compat/chainmap_impl.py,22,34,True,152fd2299bb7f0389d84b2bfb6ea588e
88,/app/Repos/pandas/pandas/core/nanops.py,565,600,/app/Repos/pandas/pandas/core/nanops.py,600,668,True,333fa0849ea9d24728e039db7629b5e9
89,/app/Repos/pandas/pandas/core/tools/datetimes.py,704,756,/app/Repos/pandas/pandas/core/tools/datetimes.py,715,723,True,7e045e0441621799b8d938a48e86679d
90,/app/Repos/pandas/scripts/validate_docstrings.py,239,248,/app/Repos/pandas/scripts/validate_docstrings.py,248,257,True,fbc86c965fe654bf3f7769f7ec505090
91,/app/Repos/pandas/versioneer.py,1177,1201,/app/Repos/pandas/versioneer.py,1243,1263,True,5ea472afb974960693689018a3a14cc3
92,/app/Repos/pandas/pandas/core/nanops.py,801,880,/app/Repos/pandas/pandas/core/nanops.py,880,969,True,8619351beac5245c501dea968d843c84
93,/app/Repos/pandas/versioneer.py,1201,1217,/app/Repos/pandas/versioneer.py,1243,1263,True,f2277e83a68c3360bb59ff188728a529
94,/app/Repos/pandas/versioneer.py,1217,1243,/app/Repos/pandas/versioneer.py,1243,1263,True,a1c054fb4a67b5bd75d0df06adffea01
95,/app/Repos/pandas/versioneer.py,1410,1535,/app/Repos/pandas/versioneer.py,1482,1501,True,0a8773922840f1b0d0950666b5eb7de0
96,/app/Repos/pandas/pandas/core/nanops.py,1068,1091,/app/Repos/pandas/pandas/core/nanops.py,1117,1136,True,743a830f1380bbb09ae7e710f4a52230
97,/app/Repos/pandas/pandas/core/indexes/accessors.py,56,88,/app/Repos/pandas/pandas/core/indexes/accessors.py,93,113,True,37a30c9c2a30dbe22ac06412def99ae5
98,/app/Repos/pandas/pandas/core/reshape/merge.py,558,591,/app/Repos/pandas/pandas/core/reshape/merge.py,1157,1192,True,9c3a49b4994c095e04041e906aab6149
99,/app/Repos/pandas/pandas/core/missing.py,477,503,/app/Repos/pandas/pandas/core/missing.py,503,530,True,79d21e302e608918bd2f5b87bbde41fa
100,/app/Repos/pandas/versioneer.py,1177,1201,/app/Repos/pandas/versioneer.py,1263,1282,True,bf974905d7532eeae4fc40454cbe7f48
101,/app/Repos/pandas/versioneer.py,1201,1217,/app/Repos/pandas/versioneer.py,1263,1282,True,87594d596f8a74e72e40e9c8e01886f8
102,/app/Repos/pandas/versioneer.py,1217,1243,/app/Repos/pandas/versioneer.py,1263,1282,True,d8939134f5bda0cb11525518ceed9a77
103,/app/Repos/pandas/versioneer.py,1243,1263,/app/Repos/pandas/versioneer.py,1263,1282,True,5ebf1f25b55331bb66d00d6fb3a82e4f
104,/app/Repos/pandas/pandas/core/accessor.py,56,108,/app/Repos/pandas/pandas/core/accessor.py,72,86,True,e195d5755f9c4d0e4dd0577e3ce3c144
105,/app/Repos/pandas/pandas/compat/chainmap_impl.py,16,42,/app/Repos/pandas/pandas/compat/chainmap_impl.py,19,39,True,da1baccdd2b6aca2fa26279eacc97ae7
106,/app/Repos/pandas/versioneer.py,1177,1201,/app/Repos/pandas/versioneer.py,1282,1300,True,4eedae7c705cc78c687d2a18ba8bd881
107,/app/Repos/pandas/versioneer.py,1217,1243,/app/Repos/pandas/versioneer.py,1282,1300,True,fc1de5077bc68165bb00f4390d832460
108,/app/Repos/pandas/versioneer.py,1243,1263,/app/Repos/pandas/versioneer.py,1282,1300,True,9e327f28bbf5ff707a3b5b4aaeafc464
109,/app/Repos/pandas/versioneer.py,1263,1282,/app/Repos/pandas/versioneer.py,1282,1300,True,b508f41fd7ecac849b0137414bb3809b
110,/app/Repos/pandas/versioneer.py,1410,1535,/app/Repos/pandas/versioneer.py,1519,1530,True,34a394c4d16d636370f11e23efc43c73
111,/app/Repos/pandas/pandas/core/accessor.py,56,108,/app/Repos/pandas/pandas/core/accessor.py,86,96,True,b6fdaa8591d43c1ed307aace1434d624
112,/app/Repos/pandas/pandas/core/resample.py,1416,1441,/app/Repos/pandas/pandas/core/resample.py,1463,1509,True,e7317090a7ab0c6fcb1c4ca7383ee86b
113,/app/Repos/pandas/pandas/core/missing.py,477,503,/app/Repos/pandas/pandas/core/missing.py,530,561,True,d7c4545fcf009f389c4c3cc699241a0f
114,/app/Repos/pandas/pandas/core/dtypes/cast.py,178,263,/app/Repos/pandas/pandas/core/dtypes/cast.py,212,239,True,ddc015623256e6d14ab8133ab3ad3254
115,/app/Repos/pandas/pandas/core/missing.py,503,530,/app/Repos/pandas/pandas/core/missing.py,530,561,True,db6af971392c0f5479ac2929749350d4
116,/app/Repos/pandas/pandas/core/dtypes/cast.py,902,1006,/app/Repos/pandas/pandas/core/dtypes/cast.py,943,970,True,42b481b6354f4abe1a4d0a612cf1d5e5
117,/app/Repos/pandas/pandas/core/reshape/reshape.py,815,916,/app/Repos/pandas/pandas/core/reshape/reshape.py,857,867,True,488c5d06935389ae5c45bf64c71377ae
118,/app/Repos/pandas/pandas/core/resample.py,1416,1441,/app/Repos/pandas/pandas/core/resample.py,1441,1463,True,65bcbb799ac5ab2fbadccafaa8745320
119,/app/Repos/pandas/pandas/compat/numpy/function.py,284,298,/app/Repos/pandas/pandas/compat/numpy/function.py,312,326,True,f75870bc404dc66c131e13a0ed67027d
120,/app/Repos/pandas/pandas/compat/numpy/function.py,298,312,/app/Repos/pandas/pandas/compat/numpy/function.py,312,326,True,a48ea8fc862a299b9ffdae23d76c1f27
121,/app/Repos/pandas/pandas/core/nanops.py,96,148,/app/Repos/pandas/pandas/core/nanops.py,104,145,True,79e133972a9beea607ce8421cfbcba53
122,/app/Repos/pandas/pandas/core/sorting.py,401,503,/app/Repos/pandas/pandas/core/sorting.py,449,457,True,e13859c0fa8aeba7594a076850f33f0d
123,/app/Repos/pandas/pandas/core/nanops.py,326,359,/app/Repos/pandas/pandas/core/nanops.py,359,392,True,dc7854f61a45dddfa51f92489d8ecc48
124,/app/Repos/pandas/pandas/core/reshape/reshape.py,815,916,/app/Repos/pandas/pandas/core/reshape/reshape.py,827,838,True,9b740da9c1a6570282454f158217abfb
125,/app/Repos/pandas/pandas/core/nanops.py,1162,1181,/app/Repos/pandas/pandas/core/nanops.py,1163,1178,True,cbef4b5b2e2fa4310eab54fc29219f4d
126,/app/Repos/pandas/pandas/core/reshape/melt.py,163,445,/app/Repos/pandas/pandas/core/reshape/melt.py,401,412,True,9e3d9ab660b2669d53e9bbd5f6ae1cdc
127,/app/Repos/pandas/pandas/core/series.py,1895,1940,/app/Repos/pandas/pandas/core/series.py,1940,1962,True,32f9446e89000c7981aefecde8148e6c
128,/app/Repos/pandas/pandas/core/resample.py,250,270,/app/Repos/pandas/pandas/core/window.py,744,758,True,e6f9a0c1b172d7002b17d46041bea46a
129,/app/Repos/pandas/pandas/core/reshape/merge.py,1351,1432,/app/Repos/pandas/pandas/core/reshape/merge.py,1354,1362,True,3958c071ca742a76125d25f33c252de5
130,/app/Repos/pandas/pandas/core/series.py,4075,4099,/app/Repos/pandas/pandas/core/series.py,4099,4123,True,6f2a444cd4a1935639a38b04ff56d74e
131,/app/Repos/pandas/pandas/core/resample.py,250,270,/app/Repos/pandas/pandas/core/window.py,1915,1923,True,d3dfedd21c5b5ec8023809c79aefdac0
132,/app/Repos/pandas/pandas/core/window.py,744,758,/app/Repos/pandas/pandas/core/window.py,1915,1923,True,1732b0da876d52572f8f7c694cb8bb70
133,/app/Repos/pandas/pandas/core/window.py,1651,1659,/app/Repos/pandas/pandas/core/window.py,1915,1923,True,a4ab8d9c5ac86aeac176d5801c127a6f
134,/app/Repos/pandas/versioneer.py,1177,1201,/app/Repos/pandas/versioneer.py,1217,1243,True,d6820e3057b98a8f90ad46c1d44795c1
135,/app/Repos/pandas/pandas/core/window.py,658,706,/app/Repos/pandas/pandas/core/window.py,691,698,True,5ec2430d5f25ce5dc38432e2cf4e8bea
136,/app/Repos/pandas/pandas/core/arrays/integer.py,501,541,/app/Repos/pandas/pandas/core/arrays/integer.py,503,538,True,7e5972b65851c3b551d4fd1c8d03cfff
137,/app/Repos/pandas/versioneer.py,1201,1217,/app/Repos/pandas/versioneer.py,1217,1243,True,336676d5e52754d07875411538de1605
138,/app/Repos/pandas/pandas/core/window.py,1756,1763,/app/Repos/pandas/pandas/core/window.py,2015,2022,True,29fd5f2bf76f00d712f9d7f2ffe72624
139,/app/Repos/pandas/pandas/core/reshape/merge.py,1143,1157,/app/Repos/pandas/pandas/core/reshape/merge.py,1222,1244,True,07312e438b8ec871cb206faebee8449f
140,/app/Repos/pandas/pandas/core/accessor.py,177,192,/app/Repos/pandas/pandas/core/accessor.py,178,189,True,49d2f45346bd731f9b043e5642fd1a48
141,/app/Repos/pandas/pandas/core/resample.py,877,895,/app/Repos/pandas/pandas/core/window.py,776,786,True,91cde9f2f732e7ff3ad43d030301a2d5
142,/app/Repos/pandas/pandas/core/reshape/melt.py,163,445,/app/Repos/pandas/pandas/core/reshape/melt.py,395,401,True,1c0ab9668c420a91ae419842131f7901
143,/app/Repos/pandas/versioneer.py,1410,1535,/app/Repos/pandas/versioneer.py,1464,1476,True,c706a5853717b969e62c51d02add81db
144,/app/Repos/pandas/pandas/core/reshape/pivot.py,250,319,/app/Repos/pandas/pandas/core/reshape/pivot.py,319,360,True,7a21b11b1333b30c28997b28d23ce232
145,/app/Repos/pandas/pandas/core/reshape/tile.py,27,241,/app/Repos/pandas/pandas/core/reshape/tile.py,241,313,True,4d774fbad7fadd317485b903156fd98b
146,/app/Repos/pandas/pandas/core/window.py,1158,1171,/app/Repos/pandas/pandas/core/window.py,1229,1235,True,c24fbc52d659ff4857f155244eb2d456
147,/app/Repos/pandas/pandas/core/resample.py,1322,1396,/app/Repos/pandas/pandas/core/resample.py,1416,1441,True,3cf0eef664b69e66c46baed4773d950c
148,/app/Repos/pandas/pandas/core/groupby/base.py,16,28,/app/Repos/pandas/pandas/core/groupby/base.py,20,25,True,23a4b6fbb19c3f6cfa0d52e7efc6608b
149,/app/Repos/pandas/pandas/core/resample.py,895,912,/app/Repos/pandas/pandas/core/resample.py,901,909,True,7af414adafe0b6e5712024b8454e436a
150,/app/Repos/pandas/pandas/core/window.py,1678,1684,/app/Repos/pandas/pandas/core/window.py,1697,1703,True,fdc2718b4bed9997466e7f0a7eea4284
151,/app/Repos/pandas/pandas/core/series.py,874,935,/app/Repos/pandas/pandas/core/series.py,877,930,True,6cdc434e417a50175fb1d1751a5e3691
152,/app/Repos/pandas/pandas/core/groupby/base.py,20,25,/app/Repos/pandas/pandas/core/groupby/base.py,20,25,True,2a09e9288d30d128c08a7bf5865eb167
153,/app/Repos/pandas/pandas/core/dtypes/concat.py,204,247,/app/Repos/pandas/pandas/core/dtypes/concat.py,221,233,True,9ac4854547b2e45b5c9d9fac9ea619db
154,/app/Repos/pandas/pandas/core/window.py,1684,1691,/app/Repos/pandas/pandas/core/window.py,1697,1703,True,b6d0d11986bdfa10b52d3b3d0ebdac4a
155,/app/Repos/pandas/pandas/core/series.py,3176,3206,/app/Repos/pandas/pandas/core/series.py,3208,3214,True,8167e384961fb05c5774a12a2ac49950
152,/app/Repos/pandas/pandas/core/groupby/base.py,20,25,/app/Repos/pandas/pandas/core/groupby/base.py,20,25,False,2a09e9288d30d128c08a7bf5865eb167
156,/app/Repos/pandas/pandas/core/dtypes/cast.py,618,653,/app/Repos/pandas/pandas/core/dtypes/cast.py,628,650,True,27c61afcd7dfe51cd8a845d6b7ef3b7c
157,/app/Repos/pandas/pandas/core/window.py,1691,1697,/app/Repos/pandas/pandas/core/window.py,1697,1703,True,9b79f64a1946ed1c1ce0ebbf9c0a7e17
158,/app/Repos/pandas/pandas/core/window.py,621,658,/app/Repos/pandas/pandas/core/window.py,645,654,True,73edbeba8a96718f2ea95e0115ebee9e
159,/app/Repos/pandas/pandas/core/dtypes/common.py,843,890,/app/Repos/pandas/pandas/core/dtypes/common.py,1027,1075,True,80250c63b6ea27d09fbbe6f1c107e7b6
160,/app/Repos/pandas/pandas/core/series.py,944,977,/app/Repos/pandas/pandas/core/series.py,988,994,True,9695252e62d5d660ab18c501f731381a
161,/app/Repos/pandas/pandas/core/window.py,766,773,/app/Repos/pandas/pandas/core/window.py,1697,1703,True,9c929f0b50a810ba5d23fe36c4adf749
162,/app/Repos/pandas/pandas/core/window.py,790,808,/app/Repos/pandas/pandas/core/window.py,797,805,True,0f9d10661d2f099d3b99ebdb1ed7882a
163,/app/Repos/pandas/pandas/core/dtypes/common.py,890,939,/app/Repos/pandas/pandas/core/dtypes/common.py,1027,1075,True,f54b57ff17d81caa84a04b9f11336d9a
164,/app/Repos/pandas/pandas/core/resample.py,91,101,/app/Repos/pandas/pandas/core/window.py,156,165,True,48102fecc39943086584568677c6ba98
165,/app/Repos/pandas/pandas/core/window.py,1937,1943,/app/Repos/pandas/pandas/core/window.py,1956,1962,True,49e10a2d145b430b799e30fc63ad980d
166,/app/Repos/pandas/pandas/core/window.py,1329,1349,/app/Repos/pandas/pandas/core/window.py,1333,1346,True,3dde0b8c6069b9218409f825b8bb89d8
167,/app/Repos/pandas/pandas/core/dtypes/common.py,939,980,/app/Repos/pandas/pandas/core/dtypes/common.py,1027,1075,True,348455e98ed008b53a013e8fb785acce
168,/app/Repos/pandas/pandas/core/window.py,976,1007,/app/Repos/pandas/pandas/core/window.py,996,1004,True,dbc1390a2c4815f6be0696f43e081637
169,/app/Repos/pandas/pandas/core/window.py,1943,1950,/app/Repos/pandas/pandas/core/window.py,1956,1962,True,f29e049e2b5a3f8f0ef9fb2acd98fea8
170,/app/Repos/pandas/pandas/core/resample.py,250,270,/app/Repos/pandas/pandas/core/window.py,1651,1659,True,28374a882f45e694e59fc139831e12cb
171,/app/Repos/pandas/pandas/core/algorithms.py,971,1055,/app/Repos/pandas/pandas/core/algorithms.py,1023,1044,True,2169a2de15f0bbd3e399a7f42121ddb2
172,/app/Repos/pandas/pandas/core/window.py,1504,1524,/app/Repos/pandas/pandas/core/window.py,1512,1520,True,5dbbe81679aaabb44a483c3cb3db1607
173,/app/Repos/pandas/pandas/core/window.py,1950,1956,/app/Repos/pandas/pandas/core/window.py,1956,1962,True,17ec3ea054c2b912d95489b9ed226e2b
174,/app/Repos/pandas/pandas/core/window.py,744,758,/app/Repos/pandas/pandas/core/window.py,1651,1659,True,4f9e686488284461b7550120a171d9f4
175,/app/Repos/pandas/pandas/_version.py,272,296,/app/Repos/pandas/pandas/_version.py,272,296,True,39fa54836a868b51943fe0df4e93ac78
176,/app/Repos/pandas/pandas/core/window.py,1671,1678,/app/Repos/pandas/pandas/core/window.py,1684,1691,True,60af92a3b756890d4c730227c432bf8c
177,/app/Repos/pandas/pandas/core/window.py,766,773,/app/Repos/pandas/pandas/core/window.py,1956,1962,True,623c2661774d37dcbc47212d1b185109
178,/app/Repos/pandas/pandas/core/window.py,1678,1684,/app/Repos/pandas/pandas/core/window.py,1714,1720,True,18058e1e3aeace2cd7f9a481512dec03
175,/app/Repos/pandas/pandas/_version.py,272,296,/app/Repos/pandas/pandas/_version.py,272,296,False,39fa54836a868b51943fe0df4e93ac78
179,/app/Repos/pandas/pandas/core/window.py,1678,1684,/app/Repos/pandas/pandas/core/window.py,1684,1691,True,4b16746d590d0c9a8c2907ad18e5aa97
180,/app/Repos/pandas/pandas/core/window.py,1697,1703,/app/Repos/pandas/pandas/core/window.py,1956,1962,True,00b0cea3160f11b94bf0e71aadc53112
181,/app/Repos/pandas/pandas/core/window.py,1684,1691,/app/Repos/pandas/pandas/core/window.py,1714,1720,True,a1e634b3ac1316d3c2f5e385780b9448
175,/app/Repos/pandas/pandas/_version.py,272,296,/app/Repos/pandas/pandas/_version.py,272,296,False,39fa54836a868b51943fe0df4e93ac78
182,/app/Repos/pandas/pandas/core/window.py,1763,1770,/app/Repos/pandas/pandas/core/window.py,1770,1777,True,f07f5add5bb183391b8fb8fe9a33b8f0
183,/app/Repos/pandas/pandas/core/series.py,4176,4345,/app/Repos/pandas/pandas/core/series.py,4193,4233,True,d6b32c6dde69a35b6728103c6a02983c
184,/app/Repos/pandas/pandas/core/window.py,1691,1697,/app/Repos/pandas/pandas/core/window.py,1714,1720,True,5b272ae4ad26e3f01ec67c1ef5e5949a
175,/app/Repos/pandas/pandas/_version.py,272,296,/app/Repos/pandas/pandas/_version.py,272,296,False,39fa54836a868b51943fe0df4e93ac78
185,/app/Repos/pandas/pandas/core/window.py,1930,1937,/app/Repos/pandas/pandas/core/window.py,1943,1950,True,bce4aba09dc55cd50075e0bb6666d7b4
186,/app/Repos/pandas/pandas/core/window.py,2320,2356,/app/Repos/pandas/pandas/core/window.py,2331,2350,True,44c04a0a22a4a7c77632c8fe7ada8bd8
187,/app/Repos/pandas/pandas/core/window.py,1697,1703,/app/Repos/pandas/pandas/core/window.py,1714,1720,True,09b2d12ca27432a07d03ebfae4d346f5
175,/app/Repos/pandas/pandas/_version.py,272,296,/app/Repos/pandas/pandas/_version.py,272,296,False,39fa54836a868b51943fe0df4e93ac78
188,/app/Repos/pandas/pandas/core/window.py,1937,1943,/app/Repos/pandas/pandas/core/window.py,1943,1950,True,cedd2a2b8a6acaa3b7f2aade0ad23c60
189,/app/Repos/pandas/pandas/core/window.py,2309,2317,/app/Repos/pandas/pandas/core/window.py,2331,2350,True,6f90a34cbad889b7f51d3b2722cc6d84
190,/app/Repos/pandas/pandas/core/window.py,1708,1714,/app/Repos/pandas/pandas/core/window.py,1714,1720,True,3cb72b0408d83b2f2775c3bc29f59b6a
191,/app/Repos/pandas/pandas/core/groupby/groupby.py,400,450,/app/Repos/pandas/pandas/core/groupby/groupby.py,406,416,True,3878ddbb97e6dfb31e9e1a9aa244c8f3
192,/app/Repos/pandas/pandas/core/window.py,1684,1691,/app/Repos/pandas/pandas/core/window.py,1943,1950,True,210ff46f2c70ebef3d9468d21217c58a
193,/app/Repos/pandas/pandas/core/dtypes/dtypes.py,260,298,/app/Repos/pandas/pandas/core/dtypes/dtypes.py,582,591,True,0af3907fee95fc4ac6a7fa591112ba14
194,/app/Repos/pandas/pandas/core/window.py,2022,2029,/app/Repos/pandas/pandas/core/window.py,2029,2036,True,74cc8629a72a05f6b81c04d3ff3a8a24
195,/app/Repos/pandas/pandas/core/dtypes/common.py,843,890,/app/Repos/pandas/pandas/core/dtypes/common.py,1478,1522,True,aa488d4d8672015b54ee3f1de17bc12f
196,/app/Repos/pandas/pandas/core/window.py,1770,1777,/app/Repos/pandas/pandas/core/window.py,2029,2036,True,15199c13000bb87bef812aab043860e8
197,/app/Repos/pandas/pandas/core/dtypes/common.py,890,939,/app/Repos/pandas/pandas/core/dtypes/common.py,1478,1522,True,6a4ef4ac4939075b92fd58f5107e4295
198,/app/Repos/pandas/pandas/core/dtypes/common.py,939,980,/app/Repos/pandas/pandas/core/dtypes/common.py,1478,1522,True,88c14eafd7ea76e23810ac4be041b69e
199,/app/Repos/pandas/pandas/core/dtypes/common.py,1027,1075,/app/Repos/pandas/pandas/core/dtypes/common.py,1478,1522,True,168f42c4e04e963822e3c83145cd72f6
200,/app/Repos/pandas/pandas/core/groupby/groupby.py,516,527,/app/Repos/pandas/pandas/core/groupby/groupby.py,516,527,True,fbfbadf90c798f3699c67b812ed9dac6
200,/app/Repos/pandas/pandas/core/groupby/groupby.py,516,527,/app/Repos/pandas/pandas/core/groupby/groupby.py,516,527,False,fbfbadf90c798f3699c67b812ed9dac6
201,/app/Repos/pandas/pandas/core/window.py,1937,1943,/app/Repos/pandas/pandas/core/window.py,1973,1979,True,1ba3791b454285bbc7e71556ae039821
202,/app/Repos/pandas/pandas/core/window.py,2298,2320,/app/Repos/pandas/pandas/core/window.py,2309,2317,True,d51706fdfe83dcade6e1b3a871a56436
203,/app/Repos/pandas/pandas/core/window.py,1943,1950,/app/Repos/pandas/pandas/core/window.py,1973,1979,True,08a6d599d99b958d019da93368f8edc8
204,/app/Repos/pandas/pandas/core/groupby/groupby.py,527,550,/app/Repos/pandas/pandas/core/groupby/groupby.py,527,550,True,c026590414bfd524efe3001ea7dcfcaf
205,/app/Repos/pandas/pandas/core/window.py,1950,1956,/app/Repos/pandas/pandas/core/window.py,1973,1979,True,eb11e11a747e19d570ed6b14f1e80d4e
206,/app/Repos/pandas/pandas/core/window.py,1956,1962,/app/Repos/pandas/pandas/core/window.py,1973,1979,True,b2a74a00dc504f9deb4a84056b68c26a
207,/app/Repos/pandas/pandas/core/window.py,1967,1973,/app/Repos/pandas/pandas/core/window.py,1973,1979,True,00748bc735a93c8a94bf768bbe85e83a
208,/app/Repos/pandas/pandas/core/window.py,1714,1720,/app/Repos/pandas/pandas/core/window.py,1973,1979,True,7a2bbf5fea1b09f93a086897006ca375
209,/app/Repos/pandas/pandas/core/groupby/groupby.py,552,615,/app/Repos/pandas/pandas/core/groupby/groupby.py,571,613,True,755f76190bf0eab00902c2964aefeded
210,/app/Repos/pandas/pandas/core/window.py,1367,1395,/app/Repos/pandas/pandas/core/window.py,1380,1392,True,bfaf485b6f0ca008366ea0a568fbb10c
211,/app/Repos/pandas/pandas/core/window.py,760,766,/app/Repos/pandas/pandas/core/window.py,1678,1684,True,3679feb9ad92c69e6c209fab5f05965a
212,/app/Repos/pandas/pandas/core/window.py,814,894,/app/Repos/pandas/pandas/core/window.py,2226,2267,True,37bf49b655c8396ea90f9a3d1b17d6a7
213,/app/Repos/pandas/pandas/core/groupby/groupby.py,776,800,/app/Repos/pandas/pandas/core/groupby/groupby.py,800,820,True,33b6d74a3af01399ba2f5caed3ef2aa6
214,/app/Repos/pandas/pandas/core/window.py,1671,1678,/app/Repos/pandas/pandas/core/window.py,1930,1937,True,91c52d94a67a4892b7b90e7f3956f2c5
215,/app/Repos/pandas/pandas/core/dtypes/common.py,617,648,/app/Repos/pandas/pandas/core/dtypes/common.py,648,679,True,f5d13aeb4245733ff59d6383378ae9e1
216,/app/Repos/pandas/pandas/core/groupby/groupby.py,998,1021,/app/Repos/pandas/pandas/core/groupby/groupby.py,1001,1009,True,2e136513be826b1fb2f8d3892db2a310
217,/app/Repos/pandas/pandas/core/window.py,760,766,/app/Repos/pandas/pandas/core/window.py,1937,1943,True,f24c2f258455e646c31b4499d1596164
218,/app/Repos/pandas/pandas/core/window.py,1678,1684,/app/Repos/pandas/pandas/core/window.py,1937,1943,True,20a3451ac6c7424bb73d25f83eede1a3
219,/app/Repos/pandas/pandas/core/window.py,2274,2282,/app/Repos/pandas/pandas/core/window.py,2284,2298,True,b5c27efd4ba3a86b9dbb8da6bb23af79
220,/app/Repos/pandas/versioneer.py,1177,1201,/app/Repos/pandas/versioneer.py,1201,1217,True,68e9edf17a22a1e26aad767c861d46f0
221,/app/Repos/pandas/versioneer.py,1410,1535,/app/Repos/pandas/versioneer.py,1442,1449,True,6da3c91b6883824f9a821bbfcee112ef
222,/app/Repos/pandas/pandas/core/groupby/groupby.py,1132,1150,/app/Repos/pandas/pandas/core/groupby/groupby.py,1132,1150,True,68fa0a0a028cfc588562c2fd8ced8d19
222,/app/Repos/pandas/pandas/core/groupby/groupby.py,1132,1150,/app/Repos/pandas/pandas/core/groupby/groupby.py,1132,1150,False,68fa0a0a028cfc588562c2fd8ced8d19
223,/app/Repos/pandas/pandas/core/dtypes/common.py,843,890,/app/Repos/pandas/pandas/core/dtypes/common.py,939,980,True,25619500640776c6205b7c8aa9fc708e
224,/app/Repos/pandas/pandas/core/dtypes/common.py,890,939,/app/Repos/pandas/pandas/core/dtypes/common.py,939,980,True,7db6f8660343226f76e451fc21177d0f
225,/app/Repos/pandas/pandas/core/groupby/groupby.py,1132,1150,/app/Repos/pandas/pandas/core/groupby/groupby.py,1150,1176,True,cb54cd341e8511bd3bdae67628cb0e32
226,/app/Repos/pandas/pandas/core/computation/align.py,44,61,/app/Repos/pandas/pandas/core/computation/align.py,45,58,True,383f458f93c36db580da687ea089669d
227,/app/Repos/pandas/pandas/core/groupby/groupby.py,1150,1176,/app/Repos/pandas/pandas/core/groupby/groupby.py,1150,1176,True,11c8481bcccfa25f7605cf2b86ed32bb
227,/app/Repos/pandas/pandas/core/groupby/groupby.py,1150,1176,/app/Repos/pandas/pandas/core/groupby/groupby.py,1150,1176,False,11c8481bcccfa25f7605cf2b86ed32bb
227,/app/Repos/pandas/pandas/core/groupby/groupby.py,1150,1176,/app/Repos/pandas/pandas/core/groupby/groupby.py,1150,1176,False,11c8481bcccfa25f7605cf2b86ed32bb
228,/app/Repos/pandas/pandas/core/computation/eval.py,153,349,/app/Repos/pandas/pandas/core/computation/eval.py,153,349,True,30b728181c460fb9ea0027a1658b0ed4
229,/app/Repos/pandas/pandas/core/groupby/base.py,28,68,/app/Repos/pandas/pandas/core/groupby/base.py,28,68,True,d5bdbd94fcbeb5291bde4dec152b0d35
230,/app/Repos/pandas/pandas/core/window.py,1763,1770,/app/Repos/pandas/pandas/core/window.py,2022,2029,True,5633d537d12a2297636f878132556727
231,/app/Repos/pandas/pandas/core/algorithms.py,1257,1270,/app/Repos/pandas/pandas/core/algorithms.py,1270,1278,True,f30b34e184050a390b6fd9284c154b80
232,/app/Repos/pandas/pandas/core/groupby/ops.py,134,148,/app/Repos/pandas/pandas/core/groupby/ops.py,164,197,True,23554396a51e5a9eba285c3e06dd4f88
233,/app/Repos/pandas/pandas/core/dtypes/dtypes.py,582,591,/app/Repos/pandas/pandas/core/dtypes/dtypes.py,681,687,True,106a2bd5657d0156bdbd10ecdc660a6d
234,/app/Repos/pandas/pandas/core/dtypes/dtypes.py,260,298,/app/Repos/pandas/pandas/core/dtypes/dtypes.py,681,687,True,a0e6e56ba168794a1bba1ea79126d070
235,/app/Repos/pandas/pandas/core/groupby/ops.py,549,566,/app/Repos/pandas/pandas/core/groupby/ops.py,566,584,True,d0cf9ae48d70f76d8376f9ec72b47c11
236,/app/Repos/pandas/pandas/core/groupby/groupby.py,1202,1277,/app/Repos/pandas/pandas/core/groupby/groupby.py,1206,1238,True,e4456b5dcacbf37a66a7362899bc5769
237,/app/Repos/pandas/pandas/core/groupby/groupby.py,1202,1277,/app/Repos/pandas/pandas/core/groupby/groupby.py,1212,1234,True,dc68adc48ad1744e0b9ac604d3dadbd2
238,/app/Repos/pandas/pandas/core/groupby/groupby.py,1206,1238,/app/Repos/pandas/pandas/core/groupby/groupby.py,1212,1234,True,c2e128820d8913d506428f68bdf32fa3
239,/app/Repos/pandas/pandas/_version.py,63,96,/app/Repos/pandas/pandas/_version.py,63,96,True,bc14507ca56a57db52b4bcac6c46bc1e
240,/app/Repos/pandas/pandas/core/groupby/groupby.py,1202,1277,/app/Repos/pandas/pandas/core/groupby/groupby.py,1238,1253,True,d7e4c86a9855b6f470e1449d1aaf8062
241,/app/Repos/pandas/pandas/_version.py,338,358,/app/Repos/pandas/pandas/_version.py,338,358,True,ac8b1133adbd93c726fc827f214d3750
242,/app/Repos/pandas/pandas/core/groupby/groupby.py,1202,1277,/app/Repos/pandas/pandas/core/groupby/groupby.py,1253,1268,True,2751814e4987863382fe695c9bfdb417
243,/app/Repos/pandas/pandas/_version.py,181,266,/app/Repos/pandas/pandas/_version.py,181,266,True,aa13101ac0581e245a4cac740d6ef759
241,/app/Repos/pandas/pandas/_version.py,338,358,/app/Repos/pandas/pandas/_version.py,338,358,False,ac8b1133adbd93c726fc827f214d3750
244,/app/Repos/pandas/pandas/core/groupby/groupby.py,1238,1253,/app/Repos/pandas/pandas/core/groupby/groupby.py,1253,1268,True,f1ccbc645b54fe9f188f95b84c02c5b6
241,/app/Repos/pandas/pandas/_version.py,338,358,/app/Repos/pandas/pandas/_version.py,338,358,False,ac8b1133adbd93c726fc827f214d3750
241,/app/Repos/pandas/pandas/_version.py,338,358,/app/Repos/pandas/pandas/_version.py,338,358,False,ac8b1133adbd93c726fc827f214d3750
241,/app/Repos/pandas/pandas/_version.py,338,358,/app/Repos/pandas/pandas/_version.py,338,358,False,ac8b1133adbd93c726fc827f214d3750
241,/app/Repos/pandas/pandas/_version.py,338,358,/app/Repos/pandas/pandas/_version.py,338,358,False,ac8b1133adbd93c726fc827f214d3750
245,/app/Repos/pandas/pandas/_version.py,272,296,/app/Repos/pandas/pandas/_version.py,338,358,True,0d49e006cc154be7522fd445eb3457de
246,/app/Repos/pandas/pandas/_version.py,296,312,/app/Repos/pandas/pandas/_version.py,338,358,True,03a3a23a6ff4905dad5f4032cf49b1fd
247,/app/Repos/pandas/pandas/_version.py,312,338,/app/Repos/pandas/pandas/_version.py,338,358,True,dd041990d22ae79cbf0756687968eb6b
248,/app/Repos/pandas/pandas/_version.py,296,312,/app/Repos/pandas/pandas/_version.py,296,312,True,3e8b9609f45aa2f9c40e1652152af705
248,/app/Repos/pandas/pandas/_version.py,296,312,/app/Repos/pandas/pandas/_version.py,296,312,False,3e8b9609f45aa2f9c40e1652152af705
248,/app/Repos/pandas/pandas/_version.py,296,312,/app/Repos/pandas/pandas/_version.py,296,312,False,3e8b9609f45aa2f9c40e1652152af705
248,/app/Repos/pandas/pandas/_version.py,296,312,/app/Repos/pandas/pandas/_version.py,296,312,False,3e8b9609f45aa2f9c40e1652152af705
248,/app/Repos/pandas/pandas/_version.py,296,312,/app/Repos/pandas/pandas/_version.py,296,312,False,3e8b9609f45aa2f9c40e1652152af705
249,/app/Repos/pandas/pandas/_version.py,272,296,/app/Repos/pandas/pandas/_version.py,296,312,True,68f9be03aa62ecef93afa51ccff33b3f
250,/app/Repos/pandas/pandas/core/groupby/groupby.py,1716,1727,/app/Repos/pandas/pandas/core/groupby/groupby.py,1727,1738,True,c84eaa3fc8acad8ba4b9d5304df670b7
251,/app/Repos/pandas/pandas/core/groupby/groupby.py,1716,1727,/app/Repos/pandas/pandas/core/groupby/groupby.py,1738,1747,True,b187ba831aa2b558df128144564b3f52
252,/app/Repos/pandas/pandas/core/groupby/groupby.py,1727,1738,/app/Repos/pandas/pandas/core/groupby/groupby.py,1738,1747,True,44c5e1eca47dc87e80170fd19dacadbd
253,/app/Repos/pandas/pandas/_version.py,312,338,/app/Repos/pandas/pandas/_version.py,312,338,True,d6e22e52c48f3e13f226680998ad99c6
253,/app/Repos/pandas/pandas/_version.py,312,338,/app/Repos/pandas/pandas/_version.py,312,338,False,d6e22e52c48f3e13f226680998ad99c6
253,/app/Repos/pandas/pandas/_version.py,312,338,/app/Repos/pandas/pandas/_version.py,312,338,False,d6e22e52c48f3e13f226680998ad99c6
253,/app/Repos/pandas/pandas/_version.py,312,338,/app/Repos/pandas/pandas/_version.py,312,338,False,d6e22e52c48f3e13f226680998ad99c6
253,/app/Repos/pandas/pandas/_version.py,312,338,/app/Repos/pandas/pandas/_version.py,312,338,False,d6e22e52c48f3e13f226680998ad99c6
254,/app/Repos/pandas/pandas/core/groupby/groupby.py,1716,1727,/app/Repos/pandas/pandas/core/groupby/groupby.py,1747,1756,True,2f33ce00a96cdc7d98e03814f0fbd356
253,/app/Repos/pandas/pandas/_version.py,312,338,/app/Repos/pandas/pandas/_version.py,312,338,False,d6e22e52c48f3e13f226680998ad99c6
255,/app/Repos/pandas/pandas/core/groupby/groupby.py,1727,1738,/app/Repos/pandas/pandas/core/groupby/groupby.py,1747,1756,True,2661a39b8da50f35e1c21db635d76508
256,/app/Repos/pandas/pandas/core/groupby/groupby.py,1738,1747,/app/Repos/pandas/pandas/core/groupby/groupby.py,1747,1756,True,68428b1aa5886cbaa9fbf56fe56a3b14
257,/app/Repos/pandas/pandas/_version.py,272,296,/app/Repos/pandas/pandas/_version.py,312,338,True,1a771473f86c3873eac8b69203c98914
258,/app/Repos/pandas/pandas/_version.py,296,312,/app/Repos/pandas/pandas/_version.py,312,338,True,af56271e2b45abaf1a75b56d86b43c93
259,/app/Repos/pandas/pandas/core/series.py,1651,1720,/app/Repos/pandas/pandas/core/series.py,1720,1791,True,5a7801d017a45a81008da37de5374e06
260,/app/Repos/pandas/pandas/io/formats/html.py,197,331,/app/Repos/pandas/pandas/io/formats/html.py,204,224,True,230f50d12ffd7cf96a8eebb099fcf79f
261,/app/Repos/pandas/pandas/core/resample.py,83,91,/app/Repos/pandas/pandas/core/window.py,175,184,True,a94b0058da74d6547999abaef7e77e92
262,/app/Repos/pandas/pandas/core/groupby/groupby.py,1853,1876,/app/Repos/pandas/pandas/core/groupby/groupby.py,1876,1893,True,bdbd4082805a0357aaded900f4a7a0c4
263,/app/Repos/pandas/pandas/core/window.py,760,766,/app/Repos/pandas/pandas/core/window.py,766,773,True,212a32ae9d7ac33412181b3219616b30
264,/app/Repos/pandas/pandas/core/indexes/api.py,93,142,/app/Repos/pandas/pandas/core/indexes/api.py,104,113,True,c2179cb5b72b7dc37d977f0a0effb9d3
265,/app/Repos/pandas/pandas/core/window.py,1678,1684,/app/Repos/pandas/pandas/core/window.py,1691,1697,True,4fc8c4c17e9c617dcf7d4b83e3aa56c1
266,/app/Repos/pandas/pandas/core/window.py,1684,1691,/app/Repos/pandas/pandas/core/window.py,1691,1697,True,0a44b65741363f6b25cb993ae037869e
267,/app/Repos/pandas/pandas/util/_test_decorators.py,116,150,/app/Repos/pandas/pandas/util/_test_decorators.py,140,147,True,01b6d8f6f9968e0384f6c86e696810e9
268,/app/Repos/pandas/pandas/core/resample.py,250,270,/app/Repos/pandas/pandas/core/series.py,3176,3206,True,243ea3f89ec3c885caa8d528322f2aa7
269,/app/Repos/pandas/pandas/core/window.py,1937,1943,/app/Repos/pandas/pandas/core/window.py,1950,1956,True,a159029cf8e73d1540594c20487a4162
270,/app/Repos/pandas/pandas/core/window.py,1943,1950,/app/Repos/pandas/pandas/core/window.py,1950,1956,True,34762b77d965c481d15b9f708fd19bea
271,/app/Repos/pandas/pandas/io/formats/terminal.py,114,142,/app/Repos/pandas/pandas/io/formats/terminal.py,115,125,True,88be1f66a0124e5121fd5f12d1c6a06d
272,/app/Repos/pandas/pandas/core/window.py,1691,1697,/app/Repos/pandas/pandas/core/window.py,1950,1956,True,90ba22e8ee97c9f013466226e58d9061
273,/app/Repos/pandas/pandas/_version.py,395,424,/app/Repos/pandas/pandas/_version.py,395,424,True,0a3c063b4d306e61130cb81addc145b5
274,/app/Repos/pandas/pandas/core/window.py,621,658,/app/Repos/pandas/pandas/core/window.py,634,645,True,943aae7c34abe8e87bdb43e7e1d7f674
275,/app/Repos/pandas/pandas/core/sparse/series.py,108,120,/app/Repos/pandas/pandas/core/sparse/series.py,120,132,True,6ad06def116294eeae46a135448e1640
276,/app/Repos/pandas/pandas/core/window.py,2298,2320,/app/Repos/pandas/pandas/core/window.py,2320,2356,True,8822b24b00b093896cdef2944853168d
277,/app/Repos/pandas/pandas/core/sparse/series.py,108,120,/app/Repos/pandas/pandas/core/sparse/series.py,142,149,True,0f32d1d4144cc058e793bfe6b8a9b70e
278,/app/Repos/pandas/pandas/core/window.py,1770,1777,/app/Repos/pandas/pandas/core/window.py,2320,2356,True,ccd5c50030bf5a6108844defb2862cef
279,/app/Repos/pandas/pandas/core/sparse/series.py,120,132,/app/Repos/pandas/pandas/core/sparse/series.py,142,149,True,180f324967e7c8a37fa8ff9fc6ea2f52
280,/app/Repos/pandas/pandas/core/window.py,2029,2036,/app/Repos/pandas/pandas/core/window.py,2320,2356,True,0f4ea6be09614135dd185624d8e83684
281,/app/Repos/pandas/pandas/core/sparse/series.py,108,120,/app/Repos/pandas/pandas/core/sparse/series.py,149,156,True,5dc298c8cecc8f93d4eb40b5d4f0bc58
282,/app/Repos/pandas/pandas/core/sparse/series.py,120,132,/app/Repos/pandas/pandas/core/sparse/series.py,149,156,True,6c4aa7a4bef4662fde75c5a4a8509f05
283,/app/Repos/pandas/pandas/core/sparse/series.py,142,149,/app/Repos/pandas/pandas/core/sparse/series.py,149,156,True,ca3249406649b3c84900dd61b0c42339
284,/app/Repos/pandas/pandas/core/sparse/series.py,108,120,/app/Repos/pandas/pandas/core/sparse/series.py,156,163,True,a25fa9538c8d149b7517ca0560aa686c
285,/app/Repos/pandas/pandas/core/sparse/series.py,120,132,/app/Repos/pandas/pandas/core/sparse/series.py,156,163,True,47e7f63162bc14f21bcead25d04d2416
286,/app/Repos/pandas/pandas/core/sparse/series.py,142,149,/app/Repos/pandas/pandas/core/sparse/series.py,156,163,True,58ebcb96218fda5da0befe32a21ef628
287,/app/Repos/pandas/pandas/core/sparse/series.py,149,156,/app/Repos/pandas/pandas/core/sparse/series.py,156,163,True,f1660c117be61e0271530207f2e74b84
288,/app/Repos/pandas/pandas/core/window.py,2309,2317,/app/Repos/pandas/pandas/core/window.py,2320,2356,True,66de206185de82102327a98f5d86d507
289,/app/Repos/pandas/pandas/core/series.py,316,334,/app/Repos/pandas/pandas/core/sparse/series.py,189,203,True,234969d3b8d0ab4e0dcaadd20119a8ee
290,/app/Repos/pandas/pandas/core/arrays/datetimes.py,53,92,/app/Repos/pandas/pandas/core/arrays/datetimes.py,54,87,True,d4b4ac3d0452a4920d6086d4b2631657
291,/app/Repos/pandas/pandas/core/window.py,1678,1684,/app/Repos/pandas/pandas/core/window.py,1708,1714,True,319b8a3cba83cc3d9274978a4e2bfdc7
292,/app/Repos/pandas/pandas/core/window.py,1684,1691,/app/Repos/pandas/pandas/core/window.py,1708,1714,True,70d075dcfdbc842a2696d9cafb95cd8b
293,/app/Repos/pandas/pandas/core/window.py,1691,1697,/app/Repos/pandas/pandas/core/window.py,1708,1714,True,1c9f9b33cb46588f3e0f0a0b24e5a5fa
294,/app/Repos/pandas/pandas/core/window.py,1697,1703,/app/Repos/pandas/pandas/core/window.py,1708,1714,True,2218d167a00216bfaf6d3944747e104f
295,/app/Repos/pandas/pandas/core/arrays/datetimes.py,92,153,/app/Repos/pandas/pandas/core/arrays/datetimes.py,99,150,True,d8e941bae665217bcdd4128e74350492
296,/app/Repos/pandas/pandas/core/window.py,1937,1943,/app/Repos/pandas/pandas/core/window.py,1967,1973,True,da71d7a62c1558871186a2a051637f75
297,/app/Repos/pandas/pandas/core/window.py,1943,1950,/app/Repos/pandas/pandas/core/window.py,1967,1973,True,81f04db340ba6954a404f5deba76ea2d
298,/app/Repos/pandas/pandas/core/window.py,1950,1956,/app/Repos/pandas/pandas/core/window.py,1967,1973,True,7336f484df67d0327f287391ac3d1ecb
299,/app/Repos/pandas/pandas/core/arrays/datetimes.py,53,92,/app/Repos/pandas/pandas/core/arrays/timedeltas.py,44,59,True,83e4cf72a52a0c59ed799f9ab6391b7a
300,/app/Repos/pandas/pandas/core/window.py,1956,1962,/app/Repos/pandas/pandas/core/window.py,1967,1973,True,f8a7feb12e83eb8626be4cbd271d6bdc
301,/app/Repos/pandas/pandas/core/window.py,1708,1714,/app/Repos/pandas/pandas/core/window.py,1967,1973,True,de55e5cd1f844166bf1bf6e917b906c9
302,/app/Repos/pandas/pandas/core/resample.py,250,270,/app/Repos/pandas/pandas/core/window.py,2216,2224,True,76f93341e99bab31f95278b3716b47d6
303,/app/Repos/pandas/pandas/core/window.py,744,758,/app/Repos/pandas/pandas/core/window.py,2216,2224,True,55b9a9a2d65b4f96ff2ee25c4a696dc5
304,/app/Repos/pandas/pandas/core/window.py,1651,1659,/app/Repos/pandas/pandas/core/window.py,2216,2224,True,67a5bad6a204904d5a92d0c472847f7e
305,/app/Repos/pandas/pandas/core/window.py,1915,1923,/app/Repos/pandas/pandas/core/window.py,2216,2224,True,746e65753c472724f802e2d36c1ae11a
306,/app/Repos/pandas/pandas/core/arrays/datetimes.py,92,153,/app/Repos/pandas/pandas/core/arrays/timedeltas.py,59,100,True,b1ec8f95ef11225feee2d7bf27211a66
307,/app/Repos/pandas/pandas/core/series.py,715,748,/app/Repos/pandas/pandas/core/sparse/series.py,277,295,True,39f203146f819bbbc6cbbdbb5984525c
308,/app/Repos/pandas/pandas/core/ops.py,1212,1264,/app/Repos/pandas/pandas/core/ops.py,1228,1245,True,cb4326b75e4e71b153463dc845d40ce9
309,/app/Repos/pandas/pandas/core/arrays/datetimes.py,53,92,/app/Repos/pandas/pandas/core/arrays/datetimes.py,851,887,True,d6ffe1a0bb201dd38f26201531663f29
310,/app/Repos/pandas/pandas/core/arrays/datetimes.py,54,87,/app/Repos/pandas/pandas/core/arrays/datetimes.py,851,887,True,05ac8045f0c5f7c5f3643db9e52eb437
311,/app/Repos/pandas/pandas/core/arrays/datetimes.py,53,92,/app/Repos/pandas/pandas/core/arrays/datetimes.py,887,923,True,825c7c44c6794de7ac0c64405abbfdd9
312,/app/Repos/pandas/pandas/core/arrays/datetimes.py,54,87,/app/Repos/pandas/pandas/core/arrays/datetimes.py,887,923,True,2f3cb4a22f9a069624090c99f2fea16d
313,/app/Repos/pandas/pandas/core/arrays/datetimes.py,851,887,/app/Repos/pandas/pandas/core/arrays/datetimes.py,887,923,True,121204e96a9040424576283405c801ac
314,/app/Repos/pandas/pandas/core/dtypes/common.py,1326,1384,/app/Repos/pandas/pandas/core/dtypes/common.py,1384,1437,True,afe6e653dfa343738cd6573cfd7bd9ca
315,/app/Repos/pandas/pandas/core/arrays/datetimes.py,923,938,/app/Repos/pandas/pandas/core/arrays/datetimes.py,946,962,True,dc0d67cf96b11dd810d0a30b88642b92
316,/app/Repos/pandas/pandas/core/arrays/datetimes.py,198,222,/app/Repos/pandas/pandas/core/arrays/timedeltas.py,130,142,True,89ab4cffa30bdb039bd2217fc28d9e48
317,/app/Repos/pandas/pandas/core/sparse/scipy_sparse.py,21,98,/app/Repos/pandas/pandas/core/sparse/scipy_sparse.py,33,92,True,9875dd6c78b296f19eabf69798da47a8
318,/app/Repos/pandas/pandas/core/sparse/scipy_sparse.py,21,98,/app/Repos/pandas/pandas/core/sparse/scipy_sparse.py,49,59,True,b32aa111b351ee5e339fc0c903d7a79a
319,/app/Repos/pandas/pandas/core/sparse/scipy_sparse.py,33,92,/app/Repos/pandas/pandas/core/sparse/scipy_sparse.py,49,59,True,940888da3cd8952a6aa26d92fdefda35
320,/app/Repos/pandas/pandas/core/sparse/scipy_sparse.py,21,98,/app/Repos/pandas/pandas/core/sparse/scipy_sparse.py,59,82,True,52660a8bf524458f9fd12978ba7cde58
321,/app/Repos/pandas/pandas/core/sparse/scipy_sparse.py,33,92,/app/Repos/pandas/pandas/core/sparse/scipy_sparse.py,59,82,True,515602e063db8d5c5b07c6c397fb6cef
322,/app/Repos/pandas/pandas/core/arrays/datetimes.py,222,304,/app/Repos/pandas/pandas/core/arrays/timedeltas.py,142,184,True,1b10d5767989aac1013bc11269e65577
323,/app/Repos/pandas/pandas/core/algorithms.py,1301,1317,/app/Repos/pandas/pandas/core/algorithms.py,1552,1670,True,2497e573939518a3c89ea4e150159500
324,/app/Repos/pandas/pandas/core/groupby/ops.py,369,410,/app/Repos/pandas/pandas/core/groupby/ops.py,373,386,True,8293957af697c5dc7122c653582edef3
325,/app/Repos/pandas/pandas/_version.py,96,112,/app/Repos/pandas/pandas/_version.py,96,112,True,d0e239dce1abd7e7a0fc05c65fa21f5a
326,/app/Repos/pandas/pandas/core/arrays/datetimes.py,1322,1364,/app/Repos/pandas/pandas/core/arrays/timedeltas.py,396,414,True,8a1c2b9f88b9411a612b186fc0dee2fd
327,/app/Repos/pandas/pandas/_version.py,358,377,/app/Repos/pandas/pandas/_version.py,358,377,True,cd58a66e18ffb001333225b43e72a435
328,/app/Repos/pandas/pandas/core/indexes/interval.py,1092,1249,/app/Repos/pandas/pandas/core/indexes/interval.py,1092,1249,True,77da311473ab341d947a2c5bdd501a1f
327,/app/Repos/pandas/pandas/_version.py,358,377,/app/Repos/pandas/pandas/_version.py,358,377,False,cd58a66e18ffb001333225b43e72a435
327,/app/Repos/pandas/pandas/_version.py,358,377,/app/Repos/pandas/pandas/_version.py,358,377,False,cd58a66e18ffb001333225b43e72a435
327,/app/Repos/pandas/pandas/_version.py,358,377,/app/Repos/pandas/pandas/_version.py,358,377,False,cd58a66e18ffb001333225b43e72a435
327,/app/Repos/pandas/pandas/_version.py,358,377,/app/Repos/pandas/pandas/_version.py,358,377,False,cd58a66e18ffb001333225b43e72a435
327,/app/Repos/pandas/pandas/_version.py,358,377,/app/Repos/pandas/pandas/_version.py,358,377,False,cd58a66e18ffb001333225b43e72a435
329,/app/Repos/pandas/pandas/_version.py,272,296,/app/Repos/pandas/pandas/_version.py,358,377,True,671b29bade9a8aca84753f9ffce9ebbb
330,/app/Repos/pandas/pandas/_version.py,296,312,/app/Repos/pandas/pandas/_version.py,358,377,True,39f9357b651427e9666afdd6c2153c9f
331,/app/Repos/pandas/pandas/_version.py,312,338,/app/Repos/pandas/pandas/_version.py,358,377,True,6cc61019dc31b48ae61c9b4382784f04
332,/app/Repos/pandas/pandas/io/formats/printing.py,153,230,/app/Repos/pandas/pandas/io/formats/printing.py,182,207,True,5ceaee821964ad44da84fdf4484d3deb
333,/app/Repos/pandas/pandas/_version.py,338,358,/app/Repos/pandas/pandas/_version.py,358,377,True,9bb2295b7df82298cbd2169171968b24
334,/app/Repos/pandas/pandas/io/formats/printing.py,271,394,/app/Repos/pandas/pandas/io/formats/printing.py,313,322,True,f604da8e6b23a0b4fa5ae7c52e35c34d
335,/app/Repos/pandas/pandas/core/computation/expr.py,208,227,/app/Repos/pandas/pandas/core/computation/expr.py,216,224,True,0476e311302028bc3e0e879171d049df
336,/app/Repos/pandas/pandas/core/generic.py,3352,3380,/app/Repos/pandas/pandas/core/generic.py,3352,3380,True,c4248314091e3da3d6f3ab69c2f920f4
337,/app/Repos/pandas/pandas/core/computation/expr.py,250,266,/app/Repos/pandas/pandas/core/computation/expr.py,252,263,True,17c3a7c438390456ba341a5257486c50
338,/app/Repos/pandas/pandas/core/computation/expr.py,522,542,/app/Repos/pandas/pandas/core/computation/expr.py,522,542,True,dbe5b1b804a2963dbbffaacb4d08938b
339,/app/Repos/pandas/pandas/_version.py,112,136,/app/Repos/pandas/pandas/_version.py,112,136,True,c5441aa44a4bb5f1541be0393a143d01
340,/app/Repos/pandas/pandas/_version.py,377,395,/app/Repos/pandas/pandas/_version.py,377,395,True,0460b3442edb03be758e59dad69f1ce6
340,/app/Repos/pandas/pandas/_version.py,377,395,/app/Repos/pandas/pandas/_version.py,377,395,False,0460b3442edb03be758e59dad69f1ce6
340,/app/Repos/pandas/pandas/_version.py,377,395,/app/Repos/pandas/pandas/_version.py,377,395,False,0460b3442edb03be758e59dad69f1ce6
340,/app/Repos/pandas/pandas/_version.py,377,395,/app/Repos/pandas/pandas/_version.py,377,395,False,0460b3442edb03be758e59dad69f1ce6
340,/app/Repos/pandas/pandas/_version.py,377,395,/app/Repos/pandas/pandas/_version.py,377,395,False,0460b3442edb03be758e59dad69f1ce6
341,/app/Repos/pandas/pandas/_version.py,272,296,/app/Repos/pandas/pandas/_version.py,377,395,True,19df387762826ff5985b46e286ea65b7
342,/app/Repos/pandas/pandas/_version.py,312,338,/app/Repos/pandas/pandas/_version.py,377,395,True,5cc2d8ffbcadbad50e9b5cd5fac1020b
343,/app/Repos/pandas/pandas/_version.py,338,358,/app/Repos/pandas/pandas/_version.py,377,395,True,085a2ecfe90961b759d64dc7e01d2a09
344,/app/Repos/pandas/pandas/_version.py,358,377,/app/Repos/pandas/pandas/_version.py,377,395,True,2778239f7381403346a0c4958e914f20
345,/app/Repos/pandas/pandas/core/generic.py,5687,5694,/app/Repos/pandas/pandas/core/generic.py,5687,5694,True,b67b6c652bf6bfd4d331cf4202c96e4b
346,/app/Repos/pandas/pandas/core/generic.py,5694,5701,/app/Repos/pandas/pandas/core/generic.py,5694,5701,True,8ad7e84e24ef11a150624c866f009a6c
347,/app/Repos/pandas/pandas/core/generic.py,9402,9440,/app/Repos/pandas/pandas/core/generic.py,9402,9440,True,62f3d21e33e35c17b342ceb095f68cff
348,/app/Repos/pandas/pandas/core/generic.py,9429,9438,/app/Repos/pandas/pandas/core/generic.py,9429,9438,True,096e2240f1049b1ce8b87c7e474ec3c2
349,/app/Repos/pandas/pandas/core/generic.py,5992,6143,/app/Repos/pandas/pandas/core/generic.py,5992,6143,True,e2f2da72d04e14da6c7552abe2818ae6
350,/app/Repos/pandas/pandas/core/groupby/generic.py,1069,1076,/app/Repos/pandas/pandas/core/groupby/generic.py,1069,1076,True,43d30bcab1292b865c5a6116d5cf37e3
351,/app/Repos/pandas/pandas/core/groupby/generic.py,181,212,/app/Repos/pandas/pandas/core/groupby/generic.py,181,212,True,2e14068c6f45397df51f25aa617de95b
352,/app/Repos/pandas/pandas/core/generic.py,6332,6403,/app/Repos/pandas/pandas/core/generic.py,6332,6403,True,b63ec249c0352134668e48aff563532c
353,/app/Repos/pandas/pandas/core/generic.py,3017,3063,/app/Repos/pandas/pandas/core/generic.py,3017,3063,True,e1ca3ef1e56102c6002579e93de24648
354,/app/Repos/pandas/pandas/core/groupby/generic.py,737,743,/app/Repos/pandas/pandas/core/groupby/generic.py,737,743,True,ab56c209083e9284624014e4d605e734
355,/app/Repos/pandas/pandas/core/groupby/generic.py,743,783,/app/Repos/pandas/pandas/core/groupby/generic.py,743,783,True,125501274a4f033cadb38cbbbf206350
355,/app/Repos/pandas/pandas/core/groupby/generic.py,743,783,/app/Repos/pandas/pandas/core/groupby/generic.py,743,783,False,125501274a4f033cadb38cbbbf206350
355,/app/Repos/pandas/pandas/core/groupby/generic.py,743,783,/app/Repos/pandas/pandas/core/groupby/generic.py,743,783,False,125501274a4f033cadb38cbbbf206350
356,/app/Repos/pandas/pandas/core/groupby/generic.py,1215,1223,/app/Repos/pandas/pandas/core/groupby/generic.py,1215,1223,True,6f73bf5fa4c68958f2a4099dfb2acc86
357,/app/Repos/pandas/pandas/core/groupby/generic.py,1292,1300,/app/Repos/pandas/pandas/core/groupby/generic.py,1292,1300,True,8aa464b402510b149e65938da1ac05a5
357,/app/Repos/pandas/pandas/core/groupby/generic.py,1292,1300,/app/Repos/pandas/pandas/core/groupby/generic.py,1292,1300,False,8aa464b402510b149e65938da1ac05a5
357,/app/Repos/pandas/pandas/core/groupby/generic.py,1292,1300,/app/Repos/pandas/pandas/core/groupby/generic.py,1292,1300,False,8aa464b402510b149e65938da1ac05a5
357,/app/Repos/pandas/pandas/core/groupby/generic.py,1292,1300,/app/Repos/pandas/pandas/core/groupby/generic.py,1292,1300,False,8aa464b402510b149e65938da1ac05a5
357,/app/Repos/pandas/pandas/core/groupby/generic.py,1292,1300,/app/Repos/pandas/pandas/core/groupby/generic.py,1292,1300,False,8aa464b402510b149e65938da1ac05a5
358,/app/Repos/pandas/pandas/core/arrays/categorical.py,2465,2476,/app/Repos/pandas/pandas/core/arrays/categorical.py,2465,2476,True,afb6c267b9cc7edef87f9aadd2daffc7
359,/app/Repos/pandas/pandas/core/ops.py,1333,1430,/app/Repos/pandas/pandas/core/ops.py,1345,1355,True,11ca8130f6ba71cf0253455e77bf1b9d
360,/app/Repos/pandas/pandas/core/dtypes/dtypes.py,687,709,/app/Repos/pandas/pandas/core/dtypes/dtypes.py,827,850,True,87c250babd289d98f66a024abde6e4ee
361,/app/Repos/pandas/pandas/core/ops.py,1333,1430,/app/Repos/pandas/pandas/core/ops.py,1355,1379,True,78b6a65d9507061588d40349745f773a
362,/app/Repos/pandas/pandas/core/ops.py,1333,1430,/app/Repos/pandas/pandas/core/ops.py,1379,1427,True,ffc54ecd6fa03831a84b392b0a39e50e
363,/app/Repos/pandas/pandas/core/dtypes/common.py,843,890,/app/Repos/pandas/pandas/core/dtypes/common.py,890,939,True,c41ebbc9ab3038c79312debac66d3306
364,/app/Repos/pandas/pandas/core/dtypes/common.py,439,476,/app/Repos/pandas/pandas/core/dtypes/common.py,1612,1681,True,080842f49c123a434c2b4841bf3618df
365,/app/Repos/pandas/pandas/core/algorithms.py,1257,1270,/app/Repos/pandas/pandas/core/algorithms.py,1258,1267,True,e72390b3ebc642bf0d81b3a907cf6d65
366,/app/Repos/pandas/pandas/_version.py,136,181,/app/Repos/pandas/pandas/_version.py,136,181,True,27ae2d6af8e5d5d40798c7562d51e841
367,/app/Repos/pandas/pandas/core/ops.py,1446,1618,/app/Repos/pandas/pandas/core/ops.py,1454,1499,True,45a23739ad36e29085c9f8f7f8fd2fab
368,/app/Repos/pandas/pandas/core/groupby/groupby.py,1727,1738,/app/Repos/pandas/pandas/core/sparse/frame.py,823,843,True,9b30cf5e7f6486e997f1edddc7ed7990
369,/app/Repos/pandas/pandas/core/ops.py,1446,1618,/app/Repos/pandas/pandas/core/ops.py,1499,1615,True,71450f07d78e286cb85bc4e09bec2fb5
370,/app/Repos/pandas/pandas/core/ops.py,1618,1698,/app/Repos/pandas/pandas/core/ops.py,1625,1652,True,cdd880d8a1a58cb2db9c20b629668658
371,/app/Repos/pandas/pandas/core/ops.py,1618,1698,/app/Repos/pandas/pandas/core/ops.py,1655,1694,True,5b01e77a56ede483d9e5427aeca2b2fa
372,/app/Repos/pandas/pandas/core/panel.py,1277,1285,/app/Repos/pandas/pandas/core/panel.py,1277,1285,True,364f6e902957c4752068c29ce37705fb
373,/app/Repos/pandas/pandas/core/arrays/datetimes.py,53,92,/app/Repos/pandas/pandas/core/arrays/period.py,50,61,True,0e4301f51b0bf194a23ec6e7f6c994fa
374,/app/Repos/pandas/pandas/core/panel.py,748,754,/app/Repos/pandas/pandas/core/panel.py,748,754,True,44b462812e73bb69ed812c9c24933be3
375,/app/Repos/pandas/pandas/core/arrays/period.py,61,113,/app/Repos/pandas/pandas/core/arrays/period.py,61,113,True,452aaad55bcb52e9b596285bc7ded1bc
376,/app/Repos/pandas/pandas/core/ops.py,1698,1729,/app/Repos/pandas/pandas/core/ops.py,1702,1721,True,04feac0cce33ddc23eabf1619c4a962b
377,/app/Repos/pandas/pandas/core/arrays/period.py,68,110,/app/Repos/pandas/pandas/core/arrays/period.py,68,110,True,76f97875c2bd011278a72ba8a6b538cb
378,/app/Repos/pandas/pandas/core/arrays/datetimelike.py,45,75,/app/Repos/pandas/pandas/core/arrays/datetimelike.py,45,75,True,66ed936bba4c1ad02fd203562219c4e9
379,/app/Repos/pandas/pandas/core/arrays/sparse.py,111,139,/app/Repos/pandas/pandas/core/arrays/sparse.py,111,139,True,0196895b124bb4b8c1dff0409b7702a6
380,/app/Repos/pandas/pandas/core/ops.py,1771,1828,/app/Repos/pandas/pandas/core/ops.py,1774,1789,True,4511954a1e2cebafc6695a8cbbc7fb01
381,/app/Repos/pandas/pandas/core/arrays/integer.py,386,392,/app/Repos/pandas/pandas/core/arrays/period.py,260,270,True,7752a00c07d839c7b837538ff270264d
382,/app/Repos/pandas/pandas/core/ops.py,1345,1355,/app/Repos/pandas/pandas/core/ops.py,1828,1881,True,4887cd8b90971fb94e6131733a3fd0a7
383,/app/Repos/pandas/pandas/core/ops.py,1333,1430,/app/Repos/pandas/pandas/core/ops.py,1835,1847,True,e75c707d09ad8f1960b329105ec6cf1a
384,/app/Repos/pandas/pandas/core/frame.py,3658,3669,/app/Repos/pandas/pandas/core/frame.py,3658,3669,True,140ea2bd9ba0eaca8b043cb5f4d2929d
385,/app/Repos/pandas/pandas/core/frame.py,977,1023,/app/Repos/pandas/pandas/core/frame.py,977,1023,True,c6d2b0418919dd6afae524baa4d10fe7
386,/app/Repos/pandas/pandas/core/arrays/datetimelike.py,48,70,/app/Repos/pandas/pandas/core/arrays/datetimelike.py,48,70,True,3d56cdb26fd5e1743490b78513af34df
387,/app/Repos/pandas/pandas/core/arrays/sparse.py,1858,1913,/app/Repos/pandas/pandas/core/arrays/sparse.py,1858,1913,True,5a5a7cb925832cc59a81dd9b4f6d85eb
388,/app/Repos/pandas/pandas/core/indexes/datetimelike.py,415,422,/app/Repos/pandas/pandas/core/indexes/datetimelike.py,415,422,True,363a9b0244362ff73c13ff3b7d00a394
389,/app/Repos/pandas/pandas/core/frame.py,3694,3817,/app/Repos/pandas/pandas/core/frame.py,3694,3817,True,83787b5bef62597667578b6ffa083ceb
390,/app/Repos/pandas/pandas/core/frame.py,1828,1846,/app/Repos/pandas/pandas/core/frame.py,1828,1846,True,7a345384270eab11ed87ffc655f7f448
386,/app/Repos/pandas/pandas/core/arrays/datetimelike.py,48,70,/app/Repos/pandas/pandas/core/arrays/datetimelike.py,48,70,False,3d56cdb26fd5e1743490b78513af34df
391,/app/Repos/pandas/pandas/core/indexes/datetimelike.py,571,603,/app/Repos/pandas/pandas/core/indexes/datetimelike.py,571,603,True,ce1eb427dd18a71d100b8cec373f0ddd
392,/app/Repos/pandas/pandas/core/frame.py,3901,3910,/app/Repos/pandas/pandas/core/frame.py,3901,3910,True,0a5c3f303c0b8342dc11b2ae7537a008
393,/app/Repos/pandas/pandas/core/arrays/datetimelike.py,92,105,/app/Repos/pandas/pandas/core/arrays/datetimelike.py,92,105,True,ed616624ebc1db9046b5376f7ca5ba9c
394,/app/Repos/pandas/pandas/core/indexes/datetimelike.py,807,832,/app/Repos/pandas/pandas/core/indexes/datetimelike.py,807,832,True,2912350ccfbd6afc6b848499a9698558
395,/app/Repos/pandas/pandas/core/frame.py,3910,3918,/app/Repos/pandas/pandas/core/frame.py,3910,3918,True,d77401802e52c8d67b2fd37b3dc1d685
396,/app/Repos/pandas/pandas/core/arrays/datetimelike.py,391,414,/app/Repos/pandas/pandas/core/arrays/datetimelike.py,391,414,True,6871b7c917b5509a12d5d01cddf618ff
397,/app/Repos/pandas/pandas/io/formats/format.py,331,344,/app/Repos/pandas/pandas/io/formats/format.py,331,344,True,228a474f6ae5d0729b35cba0eb740c30
398,/app/Repos/pandas/pandas/core/frame.py,4583,4648,/app/Repos/pandas/pandas/core/frame.py,4583,4648,True,0d66a2844c84a18ee2a2fc5904b6d865
399,/app/Repos/pandas/pandas/core/arrays/datetimelike.py,439,476,/app/Repos/pandas/pandas/core/arrays/datetimelike.py,439,476,True,27cc7cf8a98a249dda7e9a06bb6942ec
400,/app/Repos/pandas/pandas/core/frame.py,5542,5553,/app/Repos/pandas/pandas/core/frame.py,5542,5553,True,9d750f2ea841804ca80df5262c699fec
401,/app/Repos/pandas/pandas/core/ops.py,1345,1355,/app/Repos/pandas/pandas/core/ops.py,1835,1847,True,d4369cfb0a66b9c2782887bea9fd97a7
402,/app/Repos/pandas/pandas/core/ops.py,1828,1881,/app/Repos/pandas/pandas/core/ops.py,1835,1847,True,ce8bd84942e85232bc24fbc442231e2c
403,/app/Repos/pandas/pandas/core/ops.py,1828,1881,/app/Repos/pandas/pandas/core/ops.py,1853,1876,True,d567a018024e6f2eb590e52e798ba545
404,/app/Repos/pandas/pandas/core/frame.py,2387,2478,/app/Repos/pandas/pandas/core/frame.py,2387,2478,True,35c9509a340c325fb2eafda94991e1d8
405,/app/Repos/pandas/pandas/core/arrays/datetimelike.py,612,766,/app/Repos/pandas/pandas/core/arrays/datetimelike.py,612,766,True,0275d7e70d8d85feb1d0c07b638694e5
406,/app/Repos/pandas/pandas/core/ops.py,1828,1881,/app/Repos/pandas/pandas/core/ops.py,1881,1920,True,8f62a1039127f38e99cd821e3d113ae5
407,/app/Repos/pandas/pandas/core/arrays/datetimelike.py,808,835,/app/Repos/pandas/pandas/core/arrays/datetimelike.py,808,835,True,a38df40b0f379de22840cc433b8d8616
408,/app/Repos/pandas/pandas/core/ops.py,1881,1920,/app/Repos/pandas/pandas/core/ops.py,1886,1894,True,baef0486edab53c89ae384bddad26118
409,/app/Repos/pandas/pandas/core/ops.py,1881,1920,/app/Repos/pandas/pandas/core/ops.py,1894,1915,True,63a9fb4cd3156f23b4e7f79147ee3684
410,/app/Repos/pandas/pandas/core/indexes/period.py,257,288,/app/Repos/pandas/pandas/core/indexes/timedeltas.py,182,189,True,c4dea4131dfd3b82401b32c27d5e35de
411,/app/Repos/pandas/pandas/core/base.py,1255,1261,/app/Repos/pandas/pandas/core/base.py,1255,1261,True,379f754e7718041daa4264b33d057c91
411,/app/Repos/pandas/pandas/core/base.py,1255,1261,/app/Repos/pandas/pandas/core/base.py,1255,1261,False,379f754e7718041daa4264b33d057c91
412,/app/Repos/pandas/pandas/core/ops.py,1881,1920,/app/Repos/pandas/pandas/core/ops.py,1920,1956,True,4151aa9a5e431c93bf8fbc323d95aa6d
413,/app/Repos/pandas/pandas/core/generic.py,7794,7838,/app/Repos/pandas/pandas/core/generic.py,7794,7838,True,e6ca4dd6754ba4e830463e65dedcb38e
414,/app/Repos/pandas/pandas/core/ops.py,1920,1956,/app/Repos/pandas/pandas/core/ops.py,1924,1948,True,397778e55fad001ce553ced9e3ec9912
415,/app/Repos/pandas/pandas/core/ops.py,1881,1920,/app/Repos/pandas/pandas/core/ops.py,1924,1948,True,ae9821b3a35f4865f8b3e51bc7ef432e
416,/app/Repos/pandas/pandas/core/generic.py,7838,7885,/app/Repos/pandas/pandas/core/generic.py,7838,7885,True,b4e121c8cd8b57264adb6d0098712562
417,/app/Repos/pandas/pandas/core/frame.py,2700,2771,/app/Repos/pandas/pandas/core/frame.py,2700,2771,True,cb33b81c7e325f51f3050e71636b5a83
418,/app/Repos/pandas/pandas/core/ops.py,1828,1881,/app/Repos/pandas/pandas/core/ops.py,1972,2005,True,04224030dcd5fd9c0dc442c6c330dec3
419,/app/Repos/pandas/pandas/core/generic.py,7885,7962,/app/Repos/pandas/pandas/core/generic.py,7885,7962,True,ed8c9f0e0d1d282e283b85354a151423
420,/app/Repos/pandas/pandas/core/ops.py,1881,1920,/app/Repos/pandas/pandas/core/ops.py,1972,2005,True,7c0ccc54e2ff58aefc6eda5b6ce2df5c
421,/app/Repos/pandas/pandas/core/series.py,3941,3954,/app/Repos/pandas/pandas/io/formats/style.py,160,184,True,98d3062065c049646c2ab30fea5c1db0
422,/app/Repos/pandas/pandas/core/ops.py,1345,1355,/app/Repos/pandas/pandas/core/ops.py,1972,2005,True,207e7373430bba2f512e8ddeee9fa980
423,/app/Repos/pandas/pandas/core/ops.py,1835,1847,/app/Repos/pandas/pandas/core/ops.py,1972,2005,True,e7db159ce990bf3c5303c3d4c84cb118
424,/app/Repos/pandas/pandas/core/ops.py,1886,1894,/app/Repos/pandas/pandas/core/ops.py,1972,2005,True,a3d88f12e73fb29a51b9a37de9a98aab
425,/app/Repos/pandas/pandas/core/arrays/datetimes.py,174,198,/app/Repos/pandas/pandas/core/indexes/datetimes.py,325,355,True,1f2edd43fe9cb6757d1799e8bdc68393
426,/app/Repos/pandas/pandas/core/ops.py,1333,1430,/app/Repos/pandas/pandas/core/ops.py,1976,1985,True,f0a77fa9a79a239f792be0f7a30527e8
427,/app/Repos/pandas/pandas/core/ops.py,1345,1355,/app/Repos/pandas/pandas/core/ops.py,1976,1985,True,fc3aeb24b197356ba72c410740d7ae6f
428,/app/Repos/pandas/pandas/core/ops.py,1828,1881,/app/Repos/pandas/pandas/core/ops.py,1976,1985,True,8c8121dbfa638cbb2c8168d683363003
429,/app/Repos/pandas/pandas/core/ops.py,1835,1847,/app/Repos/pandas/pandas/core/ops.py,1976,1985,True,be9faa22301fd77c1eec7f26e649119a
430,/app/Repos/pandas/pandas/core/ops.py,1972,2005,/app/Repos/pandas/pandas/core/ops.py,1976,1985,True,8a1214c5f024b9804bcbbeafa7080355
431,/app/Repos/pandas/pandas/core/ops.py,1886,1894,/app/Repos/pandas/pandas/core/ops.py,1976,1985,True,c671df381f28b7b7ff4ced37f69f28a8
432,/app/Repos/pandas/pandas/core/frame.py,6064,6080,/app/Repos/pandas/pandas/core/frame.py,6064,6080,True,50307a6e38fe0fb05f3c9991ac4ddc30
432,/app/Repos/pandas/pandas/core/frame.py,6064,6080,/app/Repos/pandas/pandas/core/frame.py,6064,6080,False,50307a6e38fe0fb05f3c9991ac4ddc30
432,/app/Repos/pandas/pandas/core/frame.py,6064,6080,/app/Repos/pandas/pandas/core/frame.py,6064,6080,False,50307a6e38fe0fb05f3c9991ac4ddc30
433,/app/Repos/pandas/pandas/core/frame.py,6092,6099,/app/Repos/pandas/pandas/core/frame.py,6092,6099,True,c254251126d9be551086b0920bec92db
434,/app/Repos/pandas/pandas/core/frame.py,6339,6475,/app/Repos/pandas/pandas/core/frame.py,6339,6475,True,8b0fd355ac9e1a141d1faaf9817f5ad7
435,/app/Repos/pandas/pandas/core/frame.py,6641,6653,/app/Repos/pandas/pandas/core/frame.py,6641,6653,True,b746234b8b61a6413694513a235358eb
436,/app/Repos/pandas/pandas/core/indexes/base.py,4539,4546,/app/Repos/pandas/pandas/core/indexes/base.py,4539,4546,True,9b2c65ff185ed5558e6b0876367632dd
437,/app/Repos/pandas/pandas/core/indexes/base.py,537,551,/app/Repos/pandas/pandas/core/indexes/base.py,537,551,True,58f838683cae88d5d119b383d518a6f6
438,/app/Repos/pandas/pandas/core/arrays/integer.py,356,375,/app/Repos/pandas/pandas/core/indexes/base.py,1049,1072,True,cc54d0d625e5169dc0977cc215331d74
439,/app/Repos/pandas/pandas/core/indexes/base.py,1971,1996,/app/Repos/pandas/pandas/core/indexes/base.py,1971,1996,True,c2d19c5e0085427a4ea73dac0b9692f1
440,/app/Repos/pandas/pandas/core/indexes/category.py,410,420,/app/Repos/pandas/pandas/core/indexes/category.py,410,420,True,8f0e394245d01deff8d69e3ad2eb31d6
441,/app/Repos/pandas/pandas/core/indexes/period.py,844,852,/app/Repos/pandas/pandas/core/indexes/timedeltas.py,538,588,True,cf233993696691d4592549b47dd8ad9e
442,/app/Repos/pandas/pandas/core/ops.py,1972,2005,/app/Repos/pandas/pandas/core/ops.py,1985,2000,True,81b723908ca73ce092bf7e759ab4cbbe
443,/app/Repos/pandas/pandas/core/indexes/base.py,2524,2540,/app/Repos/pandas/pandas/core/indexes/base.py,2524,2540,True,c445901f8d0fbffdc9da5ec0e7d6344b
444,/app/Repos/pandas/pandas/core/indexes/numeric.py,89,105,/app/Repos/pandas/pandas/core/indexes/numeric.py,89,105,True,1563b0e48bd266f82845720b9c202af5
445,/app/Repos/pandas/pandas/core/indexes/datetimes.py,421,452,/app/Repos/pandas/pandas/core/indexes/datetimes.py,421,452,True,976fa07c37936c6372e49b73e9f176dd
446,/app/Repos/pandas/pandas/core/ops.py,1828,1881,/app/Repos/pandas/pandas/core/ops.py,2005,2044,True,6d0a0dfacfe3c706552c1ff5fdd53c32
447,/app/Repos/pandas/pandas/core/ops.py,1345,1355,/app/Repos/pandas/pandas/core/ops.py,2005,2044,True,13159e057ed91b9c48375a5395810191
448,/app/Repos/pandas/pandas/core/ops.py,1835,1847,/app/Repos/pandas/pandas/core/ops.py,2005,2044,True,63df67b9e6580febe5f6eccd4e2de778
449,/app/Repos/pandas/pandas/core/ops.py,1976,1985,/app/Repos/pandas/pandas/core/ops.py,2005,2044,True,cfb3d157f8fb24a7b0e1467ba89640f9
450,/app/Repos/pandas/pandas/core/ops.py,1333,1430,/app/Repos/pandas/pandas/core/ops.py,2011,2027,True,c0509ce88c063e74ef0b424852e2147f
451,/app/Repos/pandas/pandas/core/ops.py,1345,1355,/app/Repos/pandas/pandas/core/ops.py,2011,2027,True,544f81da35da1166b5a0f41ff2d2beb7
452,/app/Repos/pandas/pandas/core/ops.py,1828,1881,/app/Repos/pandas/pandas/core/ops.py,2011,2027,True,5cff0eab12ea543c26737b1800060af7
453,/app/Repos/pandas/pandas/core/ops.py,1835,1847,/app/Repos/pandas/pandas/core/ops.py,2011,2027,True,bc267f48c2a5045757e4efbbcdd4c7bd
454,/app/Repos/pandas/pandas/core/ops.py,1972,2005,/app/Repos/pandas/pandas/core/ops.py,2011,2027,True,87169cd0c737eec32f60c07998eb6c4f
455,/app/Repos/pandas/pandas/core/ops.py,1976,1985,/app/Repos/pandas/pandas/core/ops.py,2011,2027,True,eeb383f10704eb66bc8e44a9adf17d76
456,/app/Repos/pandas/pandas/core/ops.py,2005,2044,/app/Repos/pandas/pandas/core/ops.py,2011,2027,True,7746ab2aeaf0a1d0d32d6f30fa2791e1
457,/app/Repos/pandas/pandas/core/indexes/accessors.py,56,88,/app/Repos/pandas/pandas/tests/series/test_datetime_values.py,43,52,True,63e3ecd9861723e11d939d1506e378e1
458,/app/Repos/pandas/pandas/core/ops.py,1446,1618,/app/Repos/pandas/pandas/core/ops.py,2077,2105,True,3a763243c523beb67bcf1a3caa76a20c
459,/app/Repos/pandas/pandas/core/ops.py,2077,2105,/app/Repos/pandas/pandas/core/ops.py,2084,2101,True,94042012ddac59c68e7738a36b6f2fdc
460,/app/Repos/pandas/pandas/core/ops.py,1446,1618,/app/Repos/pandas/pandas/core/ops.py,2084,2101,True,053ab78de6f3721566e3adb3abaca11f
461,/app/Repos/pandas/pandas/core/ops.py,1499,1615,/app/Repos/pandas/pandas/core/ops.py,2084,2101,True,f11056ca5d68db4351091d0b50c4bb1b
462,/app/Repos/pandas/pandas/core/ops.py,2077,2105,/app/Repos/pandas/pandas/core/ops.py,2116,2147,True,7c08781b426117d195428a34e6b9131e
463,/app/Repos/pandas/pandas/core/ops.py,2116,2147,/app/Repos/pandas/pandas/core/ops.py,2123,2145,True,1cd5e9fb390469647b34df87b38f8dea
464,/app/Repos/pandas/pandas/core/sparse/series.py,530,537,/app/Repos/pandas/pandas/core/sparse/series.py,539,545,True,c624111c7ddbed0b2b0cc14f6e5516f3
465,/app/Repos/pandas/pandas/core/groupby/base.py,16,28,/app/Repos/pandas/pandas/core/groupby/groupby.py,304,312,True,3c2ca7d20bded560b91044047ec552e8
466,/app/Repos/pandas/asv_bench/benchmarks/groupby.py,34,45,/app/Repos/pandas/pandas/tests/groupby/test_apply.py,80,107,True,9fc58f984d4e2a95fe39ee6db7a00aed
467,/app/Repos/pandas/asv_bench/benchmarks/groupby.py,154,164,/app/Repos/pandas/pandas/tests/test_sorting.py,61,102,True,bd85df8e078c3664c07f059e257144fd
468,/app/Repos/pandas/asv_bench/benchmarks/offset.py,53,59,/app/Repos/pandas/pandas/tests/tseries/offsets/test_yqm_offsets.py,59,74,True,a79a9690d1ee7d72b6dd287cbe0462e4
469,/app/Repos/pandas/asv_bench/benchmarks/reshape.py,72,82,/app/Repos/pandas/pandas/tests/test_multilevel.py,1183,1200,True,29bbec5ee6436d53a9e1c48ea69842de
470,/app/Repos/pandas/asv_bench/benchmarks/timestamp.py,107,112,/app/Repos/pandas/pandas/tests/scalar/timestamp/test_unary_ops.py,256,284,True,5865e542a865583bcf843ccbbb2d6403
471,/app/Repos/pandas/asv_bench/benchmarks/multiindex_object.py,77,85,/app/Repos/pandas/pandas/tests/indexes/multi/test_duplicates.py,224,237,True,517ce72605fcaafffc739605e6187431
472,/app/Repos/pandas/asv_bench/benchmarks/sparse.py,68,73,/app/Repos/pandas/pandas/tests/sparse/series/test_series.py,1075,1112,True,96449ce52c24a5af757f79bd046077b0
473,/app/Repos/pandas/pandas/core/internals/managers.py,542,590,/app/Repos/pandas/pandas/core/internals/managers.py,550,562,True,e8e97c05bfb0d73d7fb773c43d01101a
474,/app/Repos/pandas/pandas/core/computation/ops.py,230,245,/app/Repos/pandas/pandas/core/computation/ops.py,245,260,True,e93d9c1f66bad2e59c4fb17e9327aca2
475,/app/Repos/pandas/pandas/core/internals/blocks.py,446,509,/app/Repos/pandas/pandas/core/internals/blocks.py,467,484,True,a2dbb89b8fea25ba562c10a2fec21f4e
476,/app/Repos/pandas/pandas/core/internals/blocks.py,1461,1571,/app/Repos/pandas/pandas/core/internals/blocks.py,1499,1519,True,ccf82041af3c012b2011a5f84f3281d2
477,/app/Repos/pandas/pandas/core/groupby/generic.py,743,783,/app/Repos/pandas/pandas/core/groupby/generic.py,1292,1300,True,7785ce2d50c52ca17e580d1eb43011d1
478,/app/Repos/pandas/pandas/core/internals/blocks.py,1974,1985,/app/Repos/pandas/pandas/core/internals/blocks.py,2025,2036,True,ae3bba20d52961601529ab1c3f95742b
479,/app/Repos/pandas/pandas/core/internals/blocks.py,697,705,/app/Repos/pandas/pandas/core/internals/blocks.py,2025,2036,True,65584abd6eb0021f6e5ebff114192ee1
480,/app/Repos/pandas/pandas/core/internals/blocks.py,396,446,/app/Repos/pandas/pandas/core/internals/blocks.py,433,444,True,0b6bad2df4bbc762aef364176e481565
481,/app/Repos/pandas/pandas/core/internals/blocks.py,829,956,/app/Repos/pandas/pandas/core/internals/blocks.py,903,913,True,2a6fa87fd88b3133a526bc08be95d3d9
482,/app/Repos/pandas/pandas/core/internals/blocks.py,1461,1571,/app/Repos/pandas/pandas/core/internals/blocks.py,1481,1499,True,7b05146639cbcc3cfb2758ee383a6cb9
483,/app/Repos/pandas/pandas/core/internals/blocks.py,1666,1673,/app/Repos/pandas/pandas/core/internals/blocks.py,1855,1862,True,a83d976c32666e76349b72969206d43f
484,/app/Repos/pandas/pandas/core/internals/blocks.py,1974,1985,/app/Repos/pandas/pandas/core/internals/blocks.py,2045,2054,True,9dba6a51676d2c8e47052ce43b2ea2fa
485,/app/Repos/pandas/pandas/core/internals/blocks.py,759,778,/app/Repos/pandas/pandas/core/internals/blocks.py,1985,2014,True,2903fb17a343dd32161edaacbe7198aa
486,/app/Repos/pandas/pandas/core/internals/blocks.py,697,705,/app/Repos/pandas/pandas/core/internals/blocks.py,2045,2054,True,8574b2b62a4f19d7b4ab970fdf8bc551
487,/app/Repos/pandas/pandas/core/internals/blocks.py,956,1068,/app/Repos/pandas/pandas/core/internals/blocks.py,1692,1727,True,3627987e5bd47c7d894b95336d7ce5f3
488,/app/Repos/pandas/pandas/core/internals/blocks.py,785,825,/app/Repos/pandas/pandas/core/internals/blocks.py,2209,2220,True,e1b80380f390e3b6d4472a3d45c30e6b
489,/app/Repos/pandas/pandas/core/internals/blocks.py,1974,1985,/app/Repos/pandas/pandas/core/internals/blocks.py,2656,2663,True,d28f005bc17262d439da2cf5aa6d14f2
490,/app/Repos/pandas/pandas/core/internals/blocks.py,239,251,/app/Repos/pandas/pandas/core/internals/blocks.py,257,269,True,58a93a8c63ed3036231e5d092f178e71
491,/app/Repos/pandas/pandas/core/internals/blocks.py,2089,2096,/app/Repos/pandas/pandas/core/internals/blocks.py,2759,2772,True,f890263051f22b04846a666915dda866
492,/app/Repos/pandas/pandas/core/internals/blocks.py,1432,1461,/app/Repos/pandas/pandas/core/internals/blocks.py,1734,1767,True,1067448fabedb22c7e418a394efa5d82
493,/app/Repos/pandas/pandas/core/internals/blocks.py,355,364,/app/Repos/pandas/pandas/core/internals/blocks.py,2947,2961,True,86b8fafe9b074024ebf0e249680d0e71
494,/app/Repos/pandas/pandas/core/internals/blocks.py,2209,2220,/app/Repos/pandas/pandas/core/internals/blocks.py,2394,2494,True,a5f921d6b6e5bd2264fee06ec54f513f
495,/app/Repos/pandas/pandas/core/internals/blocks.py,2104,2111,/app/Repos/pandas/pandas/core/internals/blocks.py,2656,2663,True,72af994daaafa9baf7eda58022176ac0
496,/app/Repos/pandas/pandas/core/internals/blocks.py,697,705,/app/Repos/pandas/pandas/core/internals/blocks.py,1974,1985,True,a6fea8c8f51a417deaebf869fdfeb274
497,/app/Repos/pandas/pandas/core/internals/blocks.py,1911,1921,/app/Repos/pandas/pandas/core/internals/blocks.py,2947,2961,True,c0ac8ad5de23ba3a5963ae72199529a9
498,/app/Repos/pandas/pandas/core/internals/blocks.py,2587,2608,/app/Repos/pandas/pandas/core/internals/blocks.py,2947,2961,True,544c2fff681b5a88c934cf48a7348af0
499,/app/Repos/pandas/pandas/core/internals/blocks.py,2209,2220,/app/Repos/pandas/pandas/core/internals/blocks.py,2349,2394,True,b6e7f07150d85e6583aaaecea1ce7881
500,/app/Repos/pandas/pandas/core/generic.py,965,1118,/app/Repos/pandas/pandas/core/generic.py,1083,1096,True,78e35ede279e9d85f5741c9f76f74b8b
501,/app/Repos/pandas/pandas/core/generic.py,1381,1414,/app/Repos/pandas/pandas/core/generic.py,1446,1475,True,e2cb739e4ca84f837a70975edb7afe41
502,/app/Repos/pandas/pandas/core/internals/blocks.py,2154,2165,/app/Repos/pandas/pandas/core/internals/blocks.py,2701,2713,True,8a5e6aab59c2a27134fea4833fe5047a
503,/app/Repos/pandas/pandas/core/internals/blocks.py,2119,2154,/app/Repos/pandas/pandas/core/internals/blocks.py,2663,2701,True,3de8236df3d90583fe4a588e4265504f
504,/app/Repos/pandas/pandas/core/internals/blocks.py,2701,2713,/app/Repos/pandas/pandas/core/internals/blocks.py,2876,2891,True,d02ea8a193e441d7bb389af1f307b1bb
505,/app/Repos/pandas/pandas/core/indexes/interval.py,247,256,/app/Repos/pandas/pandas/core/indexes/interval.py,265,280,True,a4bf8c22fe80a0fcbe169e1995944d45
506,/app/Repos/pandas/pandas/core/generic.py,8763,9090,/app/Repos/pandas/pandas/core/generic.py,9052,9062,True,91b4799d9b8858b4102b37534eb85dfa
507,/app/Repos/pandas/pandas/core/generic.py,9374,9402,/app/Repos/pandas/pandas/core/generic.py,9382,9390,True,9cf04da87aa1035bb071d51b85125c2b
508,/app/Repos/pandas/pandas/core/arrays/timedeltas.py,59,100,/app/Repos/pandas/pandas/core/arrays/timedeltas.py,66,97,True,8abb7823c0daf2fa524cb0e30e57e861
509,/app/Repos/pandas/pandas/core/indexes/interval.py,256,265,/app/Repos/pandas/pandas/core/indexes/interval.py,265,280,True,4cfa9b55aca34fbe19f0cf19fbcf2ce0
510,/app/Repos/pandas/pandas/core/internals/blocks.py,2154,2165,/app/Repos/pandas/pandas/core/internals/blocks.py,2876,2891,True,553f0e282397f66f06e3ff3898721b11
511,/app/Repos/pandas/pandas/core/generic.py,1251,1263,/app/Repos/pandas/pandas/core/generic.py,1263,1275,True,4d344a842241e1f57b75d58c68a4c90d
512,/app/Repos/pandas/pandas/core/indexes/interval.py,1038,1063,/app/Repos/pandas/pandas/core/indexes/interval.py,1039,1061,True,b626e5b5dd0950963f96668b2ad0b8be
513,/app/Repos/pandas/pandas/core/generic.py,8763,9090,/app/Repos/pandas/pandas/core/generic.py,9024,9031,True,1b5a01b294883552fc73cbb2834907c5
514,/app/Repos/pandas/pandas/core/generic.py,9248,9374,/app/Repos/pandas/pandas/core/generic.py,9303,9314,True,5277794c8f075e05dbc7136bb4389077
515,/app/Repos/pandas/pandas/core/generic.py,5687,5694,/app/Repos/pandas/pandas/core/generic.py,5694,5701,True,247c5203699e84435268187fe5506193
516,/app/Repos/pandas/pandas/core/generic.py,9261,9283,/app/Repos/pandas/pandas/core/generic.py,9303,9314,True,d2b3eed4f7211dd63a565a505575fda3
517,/app/Repos/pandas/pandas/core/generic.py,5501,5687,/app/Repos/pandas/pandas/core/generic.py,5694,5701,True,e32e3b9bf861f7c88eae6477424b83ef
518,/app/Repos/pandas/pandas/core/generic.py,10300,10323,/app/Repos/pandas/pandas/core/generic.py,10345,10361,True,cbc65a17c77bd8aa7c5d521a67af6a70
346,/app/Repos/pandas/pandas/core/generic.py,5694,5701,/app/Repos/pandas/pandas/core/generic.py,5694,5701,False,8ad7e84e24ef11a150624c866f009a6c
519,/app/Repos/pandas/pandas/core/indexes/interval.py,247,256,/app/Repos/pandas/pandas/core/indexes/interval.py,256,265,True,90666ecb4788fb540a7dd1c5a54babed
520,/app/Repos/pandas/pandas/core/generic.py,10302,10320,/app/Repos/pandas/pandas/core/generic.py,10345,10361,True,ffaa958a9dd508a2dbe855736bb2fb68
521,/app/Repos/pandas/pandas/core/generic.py,10323,10344,/app/Repos/pandas/pandas/core/generic.py,10345,10361,True,774417de28a360739000a98cdcfccb93
522,/app/Repos/pandas/pandas/core/generic.py,10325,10341,/app/Repos/pandas/pandas/core/generic.py,10345,10361,True,3232b5b3fc008ee832e67e9a657d3fdb
523,/app/Repos/pandas/pandas/core/generic.py,10344,10364,/app/Repos/pandas/pandas/core/generic.py,10345,10361,True,fcae8b7777f9ed30f3e30926c54f05da
524,/app/Repos/pandas/pandas/core/generic.py,360,373,/app/Repos/pandas/pandas/core/generic.py,373,386,True,56e17f4b0c923de953667c6a663b31d2
525,/app/Repos/pandas/pandas/core/generic.py,7697,7761,/app/Repos/pandas/pandas/core/generic.py,7739,7748,True,4b41b33922592382fcd7bb51ab0ecb18
526,/app/Repos/pandas/pandas/core/generic.py,1381,1414,/app/Repos/pandas/pandas/core/generic.py,1414,1446,True,c072c18aa322995435893776b5f3aa36
527,/app/Repos/pandas/pandas/core/generic.py,9248,9374,/app/Repos/pandas/pandas/core/generic.py,9261,9283,True,4c5f0ab65e23edcb615fc8593b979420
528,/app/Repos/pandas/pandas/core/indexes/interval.py,64,79,/app/Repos/pandas/pandas/core/indexes/interval.py,79,94,True,1b62007889725331aea3ea9dddf116e8
529,/app/Repos/pandas/pandas/core/indexes/interval.py,247,256,/app/Repos/pandas/pandas/core/indexes/interval.py,280,289,True,128ab7d59735993330f85c80f861dbae
530,/app/Repos/pandas/pandas/core/computation/expr.py,542,593,/app/Repos/pandas/pandas/core/computation/expr.py,593,645,True,0ce87aba11caaf63f993695ff5a335a7
531,/app/Repos/pandas/pandas/core/indexes/interval.py,256,265,/app/Repos/pandas/pandas/core/indexes/interval.py,280,289,True,386950f756fd2671702fdba728b565f9
532,/app/Repos/pandas/pandas/core/computation/expr.py,673,689,/app/Repos/pandas/pandas/core/computation/expr.py,674,682,True,ae6f3b66b2406cd9d1ee31b97cec63a0
533,/app/Repos/pandas/pandas/core/groupby/generic.py,861,892,/app/Repos/pandas/pandas/core/groupby/generic.py,866,873,True,efd73780454aa8336b24fb2abf221dcd
534,/app/Repos/pandas/pandas/core/indexes/interval.py,265,280,/app/Repos/pandas/pandas/core/indexes/interval.py,280,289,True,af5d6fdff016d9b1462645fc0b758d85
535,/app/Repos/pandas/pandas/core/generic.py,10300,10323,/app/Repos/pandas/pandas/core/generic.py,10344,10364,True,aed34583abda724257ada8ba2e641a72
536,/app/Repos/pandas/pandas/core/groupby/generic.py,181,212,/app/Repos/pandas/pandas/core/groupby/generic.py,1595,1615,True,92ae1abe55e337c4e53407d0de7fca16
537,/app/Repos/pandas/pandas/core/strings.py,1322,1342,/app/Repos/pandas/pandas/core/strings.py,1342,1351,True,314987c430219ad513ec6b5b5a0f7c70
538,/app/Repos/pandas/pandas/core/groupby/generic.py,48,65,/app/Repos/pandas/pandas/core/groupby/generic.py,1578,1595,True,3a546923e4c0b1c3c2581e7da1163674
539,/app/Repos/pandas/pandas/core/strings.py,1698,1722,/app/Repos/pandas/pandas/core/strings.py,1722,1745,True,32b30ead34df16da5242edbbad236c9a
540,/app/Repos/pandas/pandas/core/internals/managers.py,1646,1669,/app/Repos/pandas/pandas/core/internals/managers.py,1669,1680,True,578b7674796d3598e133e406c79ebbe6
541,/app/Repos/pandas/pandas/core/arrays/period.py,61,113,/app/Repos/pandas/pandas/core/arrays/period.py,68,110,True,013e92b26abfc715f09c06770acf9f70
542,/app/Repos/pandas/pandas/io/stata.py,1133,1143,/app/Repos/pandas/pandas/io/stata.py,1143,1157,True,9f1f3175903ac3c40731a7eea516eff2
543,/app/Repos/pandas/pandas/core/internals/blocks.py,956,1068,/app/Repos/pandas/pandas/core/internals/blocks.py,1036,1057,True,b28445cab75917ad4bd61574063f9263
544,/app/Repos/pandas/pandas/core/internals/blocks.py,1319,1427,/app/Repos/pandas/pandas/core/internals/blocks.py,1365,1387,True,41f6fedb7f41aa57de8cdbe860d799a8
545,/app/Repos/pandas/pandas/core/internals/blocks.py,829,956,/app/Repos/pandas/pandas/core/internals/blocks.py,913,927,True,2750fbc9e9323ba765961c23059663c0
546,/app/Repos/pandas/pandas/core/internals/blocks.py,903,913,/app/Repos/pandas/pandas/core/internals/blocks.py,913,927,True,6aadfd2ae67bbf724f71a79310b18752
547,/app/Repos/pandas/pandas/core/internals/blocks.py,1179,1205,/app/Repos/pandas/pandas/core/internals/blocks.py,1928,1937,True,6aad999e17e3cbdee5ab1c1c9c9f2442
548,/app/Repos/pandas/pandas/core/internals/blocks.py,355,364,/app/Repos/pandas/pandas/core/internals/blocks.py,1911,1921,True,0b96115cedbbf027b3ddbde08562b0f7
549,/app/Repos/pandas/pandas/core/internals/blocks.py,759,778,/app/Repos/pandas/pandas/core/internals/blocks.py,2573,2587,True,40638870116fc927efb48466ea2455bd
550,/app/Repos/pandas/pandas/core/arrays/sparse.py,1386,1403,/app/Repos/pandas/pandas/core/arrays/sparse.py,1432,1451,True,052174efac12391bda15f68d31f75f98
551,/app/Repos/pandas/pandas/core/arrays/sparse.py,1550,1561,/app/Repos/pandas/pandas/core/arrays/sparse.py,1552,1558,True,0eaa922a7709db628372aafbdc3c3b11
552,/app/Repos/pandas/pandas/core/internals/blocks.py,1985,2014,/app/Repos/pandas/pandas/core/internals/blocks.py,2573,2587,True,4e27bb477b929ccc6eef84a2bbfadb53
553,/app/Repos/pandas/pandas/core/internals/blocks.py,1974,1985,/app/Repos/pandas/pandas/core/internals/blocks.py,2104,2111,True,4bd42eda3068a3ab1e72232783a35149
554,/app/Repos/pandas/pandas/core/internals/blocks.py,1179,1205,/app/Repos/pandas/pandas/core/internals/blocks.py,1921,1928,True,8c3596b23c92300bc1fccd3e2290d670
555,/app/Repos/pandas/pandas/core/internals/blocks.py,2169,2194,/app/Repos/pandas/pandas/core/internals/blocks.py,2573,2587,True,0aafb874c0a5bcd1e7f2212235644194
556,/app/Repos/pandas/pandas/core/internals/blocks.py,2025,2036,/app/Repos/pandas/pandas/core/internals/blocks.py,2104,2111,True,fc845d9deab7b9f642b9592964902fce
557,/app/Repos/pandas/pandas/core/internals/blocks.py,2045,2054,/app/Repos/pandas/pandas/core/internals/blocks.py,2104,2111,True,9e9954888bae6e621592762c9af97e88
558,/app/Repos/pandas/pandas/core/internals/blocks.py,697,705,/app/Repos/pandas/pandas/core/internals/blocks.py,2104,2111,True,ab35dd175b9be9786f4395393fd0c939
559,/app/Repos/pandas/pandas/core/internals/blocks.py,2240,2291,/app/Repos/pandas/pandas/core/internals/blocks.py,2271,2282,True,a2a12c88bfd38e1ed481970cc00dc747
560,/app/Repos/pandas/pandas/core/generic.py,8299,8312,/app/Repos/pandas/pandas/core/generic.py,8348,8405,True,b29efc2f76f80159f5ee2ec59c4f6d68
561,/app/Repos/pandas/pandas/core/generic.py,8763,9090,/app/Repos/pandas/pandas/core/generic.py,9031,9052,True,3a73fbaf75254e199e2b3450dbbbc6bb
562,/app/Repos/pandas/pandas/io/excel.py,1429,1496,/app/Repos/pandas/pandas/io/excel.py,1801,1843,True,94a10fbe8afdb9981bf5e2e71a008057
563,/app/Repos/pandas/pandas/core/generic.py,1414,1446,/app/Repos/pandas/pandas/core/generic.py,1475,1525,True,fc62609605b5546e17e3447e3f0e4b8f
564,/app/Repos/pandas/pandas/core/internals/blocks.py,355,364,/app/Repos/pandas/pandas/core/internals/blocks.py,2587,2608,True,45f513a1e8d807f5969b4d8566a4fd4a
565,/app/Repos/pandas/pandas/core/generic.py,1381,1414,/app/Repos/pandas/pandas/core/generic.py,1475,1525,True,9c3574b3f0d8d434d4b7d855bcfcf177
566,/app/Repos/pandas/pandas/core/internals/blocks.py,1673,1685,/app/Repos/pandas/pandas/core/internals/blocks.py,2826,2835,True,8c9f8b38fcff542f2c40a7e27a962f6d
567,/app/Repos/pandas/pandas/core/internals/blocks.py,1911,1921,/app/Repos/pandas/pandas/core/internals/blocks.py,2587,2608,True,c6d8a2989b8659ff742e2a7ce48a5d9f
568,/app/Repos/pandas/pandas/core/internals/blocks.py,2073,2083,/app/Repos/pandas/pandas/core/internals/blocks.py,2819,2826,True,d13556253515d131af1b8004ae884a93
569,/app/Repos/pandas/pandas/core/arrays/period.py,50,61,/app/Repos/pandas/pandas/core/arrays/timedeltas.py,44,59,True,262bb5406615f8e45bf3b96c8a22a37f
570,/app/Repos/pandas/pandas/io/excel.py,1526,1569,/app/Repos/pandas/pandas/io/excel.py,1801,1843,True,8a90683bf8d7dda28cdae91175135690
571,/app/Repos/pandas/pandas/core/arrays/categorical.py,738,757,/app/Repos/pandas/pandas/core/arrays/categorical.py,783,854,True,07c3a1cbccd8d5c17def59df8532ba4c
572,/app/Repos/pandas/pandas/core/generic.py,7576,7639,/app/Repos/pandas/pandas/core/generic.py,7639,7697,True,6aa6815dc80a098740ab59be869c2bfe
573,/app/Repos/pandas/pandas/core/arrays/interval.py,805,838,/app/Repos/pandas/pandas/core/indexes/interval.py,969,1002,True,463dd4664a9e89ea1bee6e7abf3c5ca0
574,/app/Repos/pandas/pandas/core/generic.py,10364,10399,/app/Repos/pandas/pandas/core/generic.py,10366,10396,True,a881436d39617647b9b66ea9ff5afeaa
575,/app/Repos/pandas/pandas/core/strings.py,1422,1513,/app/Repos/pandas/pandas/core/strings.py,1497,1510,True,e82467c1a231ad04dedc91d7430d7f89
576,/app/Repos/pandas/pandas/core/arrays/categorical.py,738,757,/app/Repos/pandas/pandas/core/arrays/categorical.py,1090,1127,True,ae08c6eadfc16964a3e8bdded5a9401f
577,/app/Repos/pandas/pandas/core/strings.py,2801,2808,/app/Repos/pandas/pandas/core/strings.py,2859,2867,True,738ab630d416d9cd0f37b389b145e23a
578,/app/Repos/pandas/pandas/core/strings.py,2808,2816,/app/Repos/pandas/pandas/core/strings.py,2859,2867,True,b1fb5ac1f49869a7cf96be798a0d073f
579,/app/Repos/pandas/pandas/core/generic.py,1446,1475,/app/Repos/pandas/pandas/core/generic.py,1525,1597,True,57a1fe2e7df95e253135bb10bdf19dd8
580,/app/Repos/pandas/pandas/core/strings.py,108,177,/app/Repos/pandas/pandas/core/strings.py,433,592,True,683c0785fda4e1cb86d207c4ff9b7a29
581,/app/Repos/pandas/pandas/core/generic.py,5501,5687,/app/Repos/pandas/pandas/core/sparse/frame.py,377,398,True,a19df256fe672c04f560ccdfd8e2ca20
582,/app/Repos/pandas/pandas/io/stata.py,1179,1187,/app/Repos/pandas/pandas/io/stata.py,1397,1426,True,23efd97ad5d0b11817e14bbd08a7107e
583,/app/Repos/pandas/pandas/core/generic.py,5687,5694,/app/Repos/pandas/pandas/core/sparse/frame.py,377,398,True,7b653ddd935766807520a83e5d8e2969
584,/app/Repos/pandas/pandas/core/generic.py,5694,5701,/app/Repos/pandas/pandas/core/sparse/frame.py,377,398,True,a01d6fa524c54c88e304821e16c8a9e0
585,/app/Repos/pandas/pandas/core/generic.py,9303,9314,/app/Repos/pandas/pandas/core/generic.py,10300,10323,True,25594318b9417864ddc1ec3b5f39c3f8
586,/app/Repos/pandas/pandas/io/stata.py,1806,1842,/app/Repos/pandas/pandas/io/stata.py,2403,2445,True,5b337c12433d82e8f4d3d87de5d33f99
587,/app/Repos/pandas/pandas/io/stata.py,2308,2320,/app/Repos/pandas/pandas/io/stata.py,2847,2861,True,9362fe836664c7c7c6e6f271095fdcd6
588,/app/Repos/pandas/pandas/core/generic.py,10300,10323,/app/Repos/pandas/pandas/core/generic.py,10399,10420,True,bb6c6f7e9beae51faa552095f68fab25
589,/app/Repos/pandas/pandas/io/packers.py,161,228,/app/Repos/pandas/pandas/io/packers.py,185,198,True,89d636e1b76ed60c35d903696737348a
590,/app/Repos/pandas/pandas/io/stata.py,2825,2835,/app/Repos/pandas/pandas/io/stata.py,2847,2861,True,cf18370ca735f530c86116c0e6ed3f5b
591,/app/Repos/pandas/pandas/io/packers.py,714,728,/app/Repos/pandas/pandas/io/packers.py,748,762,True,aaccaf3a4fd656e5255e127a341566d9
592,/app/Repos/pandas/pandas/core/generic.py,10323,10344,/app/Repos/pandas/pandas/core/generic.py,10399,10420,True,004140ca30f599934e0f02e5b29194a7
593,/app/Repos/pandas/pandas/core/panel.py,919,996,/app/Repos/pandas/pandas/core/panel.py,961,973,True,4dc639af15ccfd51cadef12cde69a027
594,/app/Repos/pandas/pandas/core/generic.py,10344,10364,/app/Repos/pandas/pandas/core/generic.py,10399,10420,True,0a2124d460f564e17e646395f8c84cb6
595,/app/Repos/pandas/pandas/io/stata.py,2839,2847,/app/Repos/pandas/pandas/io/stata.py,2847,2861,True,07efbda3e4a1088acf02137b79bd9940
596,/app/Repos/pandas/pandas/core/generic.py,8221,8242,/app/Repos/pandas/pandas/core/generic.py,8242,8270,True,f6b1e165a93e5a722d6cc8528cb6a2dd
597,/app/Repos/pandas/pandas/core/generic.py,10325,10341,/app/Repos/pandas/pandas/core/generic.py,10399,10420,True,633d5445b63a47aaa1e321f2286f21b9
598,/app/Repos/pandas/pandas/core/indexes/numeric.py,382,405,/app/Repos/pandas/pandas/core/indexes/numeric.py,382,405,True,d19269b80ac792e65db36063b96be81c
599,/app/Repos/pandas/pandas/io/formats/latex.py,172,210,/app/Repos/pandas/pandas/io/formats/latex.py,186,195,True,af573738944eaf62851b58ef5b70f308
600,/app/Repos/pandas/pandas/core/strings.py,177,323,/app/Repos/pandas/pandas/core/strings.py,650,686,True,3a0e850da26bdf095b362c0d3679a229
601,/app/Repos/pandas/pandas/core/strings.py,108,177,/app/Repos/pandas/pandas/core/strings.py,650,686,True,e9fb11d151b8da5755fdcb77578dbb4c
602,/app/Repos/pandas/pandas/io/stata.py,202,366,/app/Repos/pandas/pandas/io/stata.py,257,272,True,425db96f63cdf7a247be5b3daad6a9fe
603,/app/Repos/pandas/pandas/io/stata.py,366,462,/app/Repos/pandas/pandas/io/stata.py,382,418,True,880f46a75310f8dab8b0a5faf22c65f1
604,/app/Repos/pandas/pandas/core/strings.py,2399,2406,/app/Repos/pandas/pandas/core/strings.py,2406,2413,True,bcbe14fb96283cc7bccbb25f37851955
605,/app/Repos/pandas/pandas/core/generic.py,8611,8694,/app/Repos/pandas/pandas/core/generic.py,8661,8677,True,1b7cbe3233eb53c6435f49f1eae17cb5
606,/app/Repos/pandas/pandas/core/strings.py,2801,2808,/app/Repos/pandas/pandas/core/strings.py,2808,2816,True,68eb192eec2a53a84ab61998decd6e59
607,/app/Repos/pandas/pandas/io/stata.py,2320,2344,/app/Repos/pandas/pandas/io/stata.py,2861,2891,True,bfd5758c3ed4875ab3432914acc3f22c
608,/app/Repos/pandas/pandas/core/generic.py,8559,8611,/app/Repos/pandas/pandas/core/generic.py,8584,8598,True,d11cf3dcbe073bc54cef2d000c20e43c
609,/app/Repos/pandas/pandas/core/generic.py,5501,5687,/app/Repos/pandas/pandas/core/generic.py,5687,5694,True,1239a2fa5b67662df690867ba8c723cd
610,/app/Repos/pandas/pandas/core/generic.py,10323,10344,/app/Repos/pandas/pandas/core/generic.py,10344,10364,True,453e4620af94fe2541587a208c1ecac8
611,/app/Repos/pandas/pandas/core/indexes/datetimes.py,671,683,/app/Repos/pandas/pandas/core/indexes/datetimes.py,671,683,True,97bf2639d4f1d66e941c5788c55c243c
612,/app/Repos/pandas/pandas/io/stata.py,1143,1157,/app/Repos/pandas/pandas/io/stata.py,1157,1167,True,186354bea8e4e758c8ec446636ad4a7d
613,/app/Repos/pandas/pandas/io/stata.py,2839,2847,/app/Repos/pandas/pandas/io/stata.py,2861,2891,True,f5b46f00aa4ce6a4769c01e1aa32d71f
614,/app/Repos/pandas/pandas/core/generic.py,9219,9237,/app/Repos/pandas/pandas/core/generic.py,9219,9237,True,2a8c5f63cf710ba23d656fc4d6ae6048
345,/app/Repos/pandas/pandas/core/generic.py,5687,5694,/app/Repos/pandas/pandas/core/generic.py,5687,5694,False,b67b6c652bf6bfd4d331cf4202c96e4b
615,/app/Repos/pandas/pandas/core/generic.py,10302,10320,/app/Repos/pandas/pandas/core/generic.py,10344,10364,True,715ace63e58fd8e303d94789c52d86f3
616,/app/Repos/pandas/pandas/core/indexes/datetimes.py,949,959,/app/Repos/pandas/pandas/core/indexes/datetimes.py,949,959,True,1602bbcd5a3c8331eabdac4087c4f570
617,/app/Repos/pandas/pandas/io/stata.py,1133,1143,/app/Repos/pandas/pandas/io/stata.py,1157,1167,True,3dd28682059923b22a82f717d6a74c9b
618,/app/Repos/pandas/pandas/io/excel.py,502,713,/app/Repos/pandas/pandas/io/excel.py,541,591,True,fa3ddd0f1d9e49a5308a33c15d788716
619,/app/Repos/pandas/pandas/core/generic.py,9402,9440,/app/Repos/pandas/pandas/core/generic.py,9410,9419,True,b203129c950f44236e438368234f17f2
620,/app/Repos/pandas/pandas/core/arrays/interval.py,252,260,/app/Repos/pandas/pandas/core/arrays/interval.py,252,260,True,bad8c5013d036aae06acbfe6b3ed75f2
621,/app/Repos/pandas/pandas/core/generic.py,10325,10341,/app/Repos/pandas/pandas/core/generic.py,10344,10364,True,0fa55914e6a05afeed54b1436cc0c6ae
622,/app/Repos/pandas/pandas/tests/series/test_repr.py,253,279,/app/Repos/pandas/pandas/tests/series/test_repr.py,279,305,True,45db925ca80786fc1fd3c82ae5cccf13
623,/app/Repos/pandas/pandas/io/stata.py,1179,1187,/app/Repos/pandas/pandas/io/stata.py,1337,1397,True,817e7f9f2ce07e824edc9fac6564a74b
624,/app/Repos/pandas/pandas/core/generic.py,10300,10323,/app/Repos/pandas/pandas/core/generic.py,10302,10320,True,5cb73cb20a84d3a0052e18ecaa8d4b8d
625,/app/Repos/pandas/pandas/core/arrays/interval.py,905,913,/app/Repos/pandas/pandas/core/indexes/interval.py,333,343,True,a23279bcc48e17f2b2957c380ddeb560
626,/app/Repos/pandas/pandas/core/strings.py,710,743,/app/Repos/pandas/pandas/core/strings.py,743,770,True,cdae879cf0dfe0c6541b6821d3aab09c
627,/app/Repos/pandas/pandas/core/indexing.py,116,135,/app/Repos/pandas/pandas/core/indexing.py,190,199,True,7d1ad48fb555d828f970b4bdd3fdef09
628,/app/Repos/pandas/pandas/io/stata.py,2790,2817,/app/Repos/pandas/pandas/io/stata.py,2839,2847,True,5dec1adfe8ec6262ca986843ced53f17
629,/app/Repos/pandas/pandas/core/generic.py,9303,9314,/app/Repos/pandas/pandas/core/generic.py,10302,10320,True,e8cbf0ce4a019c567de2e26da1deeb1f
630,/app/Repos/pandas/pandas/core/generic.py,8559,8611,/app/Repos/pandas/pandas/core/generic.py,8611,8694,True,563978e22592490d5ceefee5b220a9ec
631,/app/Repos/pandas/pandas/core/strings.py,2525,2531,/app/Repos/pandas/pandas/core/strings.py,2531,2536,True,66f6175d3a56a0fa3fc60e4e092f9240
632,/app/Repos/pandas/pandas/core/indexing.py,306,661,/app/Repos/pandas/pandas/core/indexing.py,528,552,True,43475653758980dc72c5848513ff5d88
633,/app/Repos/pandas/pandas/io/stata.py,2817,2825,/app/Repos/pandas/pandas/io/stata.py,2839,2847,True,68b6a6732a3abc7cee588a6b94371852
634,/app/Repos/pandas/pandas/core/generic.py,10300,10323,/app/Repos/pandas/pandas/core/generic.py,10401,10416,True,b6fc3dc43ec80a2cc030b67995399ee7
635,/app/Repos/pandas/pandas/core/generic.py,8584,8598,/app/Repos/pandas/pandas/core/generic.py,8611,8694,True,63eaab86796bb133a3aaff8cbee052ef
636,/app/Repos/pandas/pandas/core/indexing.py,306,661,/app/Repos/pandas/pandas/core/indexing.py,552,572,True,39d6f2bef0ac193fea76790dd3b7a6d5
637,/app/Repos/pandas/pandas/io/stata.py,2825,2835,/app/Repos/pandas/pandas/io/stata.py,2839,2847,True,53c9dd5f1f2ba93759e7d8da5f67c342
638,/app/Repos/pandas/pandas/core/generic.py,10302,10320,/app/Repos/pandas/pandas/core/generic.py,10401,10416,True,b7fc028c4516bbb61a87b07d1cf50972
639,/app/Repos/pandas/pandas/core/generic.py,9402,9440,/app/Repos/pandas/pandas/core/generic.py,9421,9427,True,a6c64b8544a907a047816a727b4a4ca4
640,/app/Repos/pandas/pandas/io/stata.py,2127,2134,/app/Repos/pandas/pandas/io/stata.py,2951,2962,True,cb08d6dc2b99da0f1ec390ea162b3829
641,/app/Repos/pandas/pandas/core/generic.py,10323,10344,/app/Repos/pandas/pandas/core/generic.py,10401,10416,True,190a8ddb689caa9cd58d3c1f69f62a80
642,/app/Repos/pandas/pandas/core/generic.py,10300,10323,/app/Repos/pandas/pandas/core/generic.py,10323,10344,True,bc27251d260f0d7bd16c0fac185bacd2
643,/app/Repos/pandas/pandas/core/arrays/categorical.py,508,532,/app/Repos/pandas/pandas/core/arrays/categorical.py,508,532,True,6d979a22957eb12cc473b68ac7bf5a19
644,/app/Repos/pandas/pandas/core/generic.py,10325,10341,/app/Repos/pandas/pandas/core/generic.py,10401,10416,True,ab551da8ea46a09c9089dd6705e57523
645,/app/Repos/pandas/pandas/core/generic.py,10302,10320,/app/Repos/pandas/pandas/core/generic.py,10323,10344,True,f01d58ccdeefeaa8ad0a19c9166f35dd
646,/app/Repos/pandas/pandas/core/generic.py,10344,10364,/app/Repos/pandas/pandas/core/generic.py,10401,10416,True,a10ce252524edf09835e94aab5595c63
647,/app/Repos/pandas/pandas/core/generic.py,9303,9314,/app/Repos/pandas/pandas/core/generic.py,10323,10344,True,76b5bbf28014bb7b6e72cd9d24f65a29
648,/app/Repos/pandas/pandas/core/generic.py,10345,10361,/app/Repos/pandas/pandas/core/generic.py,10401,10416,True,b9bb80b67dc69b53ce7b93d47d633c05
649,/app/Repos/pandas/pandas/core/arrays/base.py,797,879,/app/Repos/pandas/pandas/core/arrays/base.py,856,869,True,deb44908a60bf87f6d39366dc9d11c61
650,/app/Repos/pandas/pandas/core/arrays/base.py,837,876,/app/Repos/pandas/pandas/core/arrays/base.py,856,869,True,31616dce80a67e13a4f0821c5c354bc0
651,/app/Repos/pandas/pandas/core/strings.py,693,710,/app/Repos/pandas/pandas/core/strings.py,699,707,True,1ee270e0f0205d85a4de113c1f029196
652,/app/Repos/pandas/pandas/io/stata.py,202,366,/app/Repos/pandas/pandas/io/stata.py,272,286,True,691ed198f3011aae582f7399b72c6695
653,/app/Repos/pandas/pandas/io/stata.py,257,272,/app/Repos/pandas/pandas/io/stata.py,272,286,True,8633ddfd8ec96cb3a6781ba30c60897a
654,/app/Repos/pandas/pandas/core/strings.py,2493,2504,/app/Repos/pandas/pandas/core/strings.py,2504,2515,True,5dc3677c863e2fe8ca3431eadea9634a
655,/app/Repos/pandas/pandas/core/strings.py,2728,2734,/app/Repos/pandas/pandas/core/strings.py,2740,2746,True,0da7f13d6b51d3d440221bb6b0079d30
656,/app/Repos/pandas/pandas/core/strings.py,2734,2740,/app/Repos/pandas/pandas/core/strings.py,2740,2746,True,907cfe6e2a2ee5daa689bea7eebc9a42
657,/app/Repos/pandas/pandas/io/stata.py,1187,1200,/app/Repos/pandas/pandas/io/stata.py,1200,1212,True,fc23d5fe8a95b390d69c02115e30ef3d
658,/app/Repos/pandas/pandas/core/generic.py,8559,8611,/app/Repos/pandas/pandas/core/generic.py,8661,8677,True,d8fb73c4af6caa9f75e43eb8d607602a
659,/app/Repos/pandas/pandas/io/stata.py,1806,1842,/app/Repos/pandas/pandas/io/stata.py,1842,1890,True,9ceb8fe758d114b10ebb5a53790e28b1
660,/app/Repos/pandas/pandas/io/excel.py,469,502,/app/Repos/pandas/pandas/io/excel.py,471,495,True,95cc200b330a1f52540f155723d039e1
661,/app/Repos/pandas/pandas/core/generic.py,8584,8598,/app/Repos/pandas/pandas/core/generic.py,8661,8677,True,f065bd95451793e0f323677ef8f47357
662,/app/Repos/pandas/pandas/core/arrays/sparse.py,1604,1643,/app/Repos/pandas/pandas/core/arrays/sparse.py,1606,1640,True,5b5308b59d5be841d6d14127ec7c15b9
663,/app/Repos/pandas/pandas/core/generic.py,9402,9440,/app/Repos/pandas/pandas/core/generic.py,9429,9438,True,5e8f566d4aeb85a1a7d79df8158bd7dc
664,/app/Repos/pandas/pandas/core/generic.py,9421,9427,/app/Repos/pandas/pandas/core/generic.py,9429,9438,True,3619c74f6e66e930a757a5daf24202be
665,/app/Repos/pandas/pandas/core/generic.py,10300,10323,/app/Repos/pandas/pandas/core/generic.py,10325,10341,True,7472caf74ff4b7fc2898214c3cacb5d7
666,/app/Repos/pandas/pandas/core/generic.py,10302,10320,/app/Repos/pandas/pandas/core/generic.py,10325,10341,True,7d83b04ca59326fa2992a05de2942e67
667,/app/Repos/pandas/pandas/core/generic.py,10323,10344,/app/Repos/pandas/pandas/core/generic.py,10325,10341,True,bd8967acbcfed2f4dedbc3286cddde7d
668,/app/Repos/pandas/pandas/core/generic.py,9248,9374,/app/Repos/pandas/pandas/core/generic.py,10325,10341,True,72092d2403415e0985cfc50b9edf1530
669,/app/Repos/pandas/pandas/core/arrays/categorical.py,70,154,/app/Repos/pandas/pandas/core/arrays/categorical.py,71,149,True,ccecbc7376b40907077560b13a38423e
670,/app/Repos/pandas/pandas/core/arrays/categorical.py,471,480,/app/Repos/pandas/pandas/core/arrays/categorical.py,689,722,True,f2dd2d284bcbf1035b213c12dad7de0d
671,/app/Repos/pandas/pandas/core/generic.py,9261,9283,/app/Repos/pandas/pandas/core/generic.py,10325,10341,True,a16185eadb59c3817f028d2d56cc392e
672,/app/Repos/pandas/pandas/io/packers.py,568,714,/app/Repos/pandas/pandas/io/packers.py,644,660,True,540a1ac2ab0dad0659e8ac2ab327c90d
673,/app/Repos/pandas/pandas/core/generic.py,9303,9314,/app/Repos/pandas/pandas/core/generic.py,10325,10341,True,7c19d2f6d653e15638702ca25298af79
674,/app/Repos/pandas/pandas/io/excel.py,1429,1496,/app/Repos/pandas/pandas/io/excel.py,1526,1569,True,5701963ae910f2c74df68a659fc58633
675,/app/Repos/pandas/pandas/io/json/normalize.py,94,281,/app/Repos/pandas/pandas/io/json/normalize.py,227,261,True,e2a1e35cbe151c05bc42aff96b4aca74
676,/app/Repos/pandas/pandas/core/arrays/base.py,365,418,/app/Repos/pandas/pandas/core/arrays/base.py,365,418,True,7ba1079a07ef02545e647f50c4cfff6e
399,/app/Repos/pandas/pandas/core/arrays/datetimelike.py,439,476,/app/Repos/pandas/pandas/core/arrays/datetimelike.py,439,476,False,27cc7cf8a98a249dda7e9a06bb6942ec
677,/app/Repos/pandas/pandas/core/strings.py,1639,1698,/app/Repos/pandas/pandas/core/strings.py,1689,1695,True,3abe2f76dcde6501acf131fa300bf251
678,/app/Repos/pandas/pandas/core/arrays/categorical.py,1868,1885,/app/Repos/pandas/pandas/core/arrays/categorical.py,1868,1885,True,f70a40e3dbfb4c8bebcc36324eb3885b
679,/app/Repos/pandas/pandas/core/generic.py,4027,4043,/app/Repos/pandas/pandas/core/panel.py,1250,1258,True,535a47a6a89d763fb71141a1133fd66c
680,/app/Repos/pandas/pandas/io/stata.py,202,366,/app/Repos/pandas/pandas/io/stata.py,286,310,True,0b448868c1d90590ea1f99824173ed7e
681,/app/Repos/pandas/pandas/core/arrays/sparse.py,1561,1604,/app/Repos/pandas/pandas/core/arrays/sparse.py,1563,1601,True,ee99999c366b84da93d2eaf96d99707c
682,/app/Repos/pandas/pandas/core/generic.py,5501,5687,/app/Repos/pandas/pandas/core/panel.py,1277,1285,True,12e5cf84008b6f320834e4abf41c2875
683,/app/Repos/pandas/pandas/core/arrays/sparse.py,1403,1432,/app/Repos/pandas/pandas/core/sparse/frame.py,823,843,True,af5088a449306527aeb91419551880b9
684,/app/Repos/pandas/pandas/core/arrays/datetimelike.py,612,766,/app/Repos/pandas/pandas/core/arrays/datetimelike.py,677,731,True,667db704d66e4ba23131f7135436ca5f
685,/app/Repos/pandas/pandas/core/generic.py,5687,5694,/app/Repos/pandas/pandas/core/panel.py,1277,1285,True,09404397adf869d624fbcc1568e72885
686,/app/Repos/pandas/pandas/core/generic.py,5694,5701,/app/Repos/pandas/pandas/core/panel.py,1277,1285,True,1add8f2192efb754afd505032e7b21c4
687,/app/Repos/pandas/pandas/core/arrays/datetimelike.py,45,75,/app/Repos/pandas/pandas/core/arrays/datetimelike.py,48,70,True,eb3556474281b4bb3cadd20a6fb272db
688,/app/Repos/pandas/pandas/core/arrays/datetimelike.py,612,766,/app/Repos/pandas/pandas/core/arrays/datetimelike.py,733,750,True,f76239e7e5c0a5046746a58e5e77912c
689,/app/Repos/pandas/pandas/io/stata.py,2790,2817,/app/Repos/pandas/pandas/io/stata.py,2817,2825,True,54a0954af6b4aba00f8ae20fa0ca6735
690,/app/Repos/pandas/pandas/core/arrays/datetimelike.py,619,670,/app/Repos/pandas/pandas/core/arrays/datetimelike.py,677,731,True,42fcd68d1305f0254d50061b158bb1b8
691,/app/Repos/pandas/pandas/core/generic.py,10399,10420,/app/Repos/pandas/pandas/core/generic.py,10401,10416,True,78e9ad166ba6d95cc215e3a03ec0e25a
692,/app/Repos/pandas/pandas/core/arrays/base.py,797,879,/app/Repos/pandas/pandas/core/arrays/base.py,837,876,True,2f6ce9fd66100faa820882208d1777b7
693,/app/Repos/pandas/pandas/core/indexes/numeric.py,207,217,/app/Repos/pandas/pandas/core/indexes/numeric.py,261,271,True,c98424e2aa31c956e1c6c10de9fe62f2
694,/app/Repos/pandas/pandas/core/sparse/frame.py,816,823,/app/Repos/pandas/pandas/core/sparse/frame.py,823,843,True,6868d578a3dc197e4108d7d35515c352
695,/app/Repos/pandas/pandas/core/indexes/datetimes.py,56,70,/app/Repos/pandas/pandas/core/indexes/datetimes.py,56,70,True,10e5508b746a648788ae07f18b7286ff
696,/app/Repos/pandas/pandas/core/indexes/interval.py,1092,1249,/app/Repos/pandas/pandas/core/indexes/timedeltas.py,637,709,True,1b46a3c32eabbd90ca58664103dc6f14
697,/app/Repos/pandas/pandas/io/stata.py,2839,2847,/app/Repos/pandas/pandas/io/stata.py,2913,2923,True,b65775f3514f76bd53f739f8b01d7500
698,/app/Repos/pandas/pandas/core/indexing.py,116,135,/app/Repos/pandas/pandas/core/indexing.py,1489,1506,True,06be1e6002a51d8be1074525248b6a0a
699,/app/Repos/pandas/pandas/core/indexes/datetimes.py,683,716,/app/Repos/pandas/pandas/core/indexes/datetimes.py,683,716,True,af2246b787be4a880ca360f8be805858
700,/app/Repos/pandas/pandas/core/panel.py,498,519,/app/Repos/pandas/pandas/core/panel.py,548,583,True,deb8dd7d02df692e1093bd6358fa0a2c
701,/app/Repos/pandas/pandas/core/indexes/numeric.py,124,132,/app/Repos/pandas/pandas/core/indexes/numeric.py,124,132,True,879c23588b49c4975a94d303aa6baa04
702,/app/Repos/pandas/pandas/core/arrays/categorical.py,738,757,/app/Repos/pandas/pandas/core/arrays/categorical.py,989,1038,True,1a11d0cfe4e36bb5f631692d40035261
703,/app/Repos/pandas/pandas/core/indexing.py,1071,1110,/app/Repos/pandas/pandas/core/indexing.py,1515,1526,True,40626657b005c3969f0d40d2afd9ba21
704,/app/Repos/pandas/pandas/core/indexes/datetimes.py,959,1009,/app/Repos/pandas/pandas/core/indexes/datetimes.py,959,1009,True,fc4fe2e1ce3aab92067d275fc28ea263
705,/app/Repos/pandas/pandas/core/panel.py,748,754,/app/Repos/pandas/pandas/core/panel.py,754,773,True,ba2fb4d42828ba0602207f89c321d61d
706,/app/Repos/pandas/pandas/core/indexes/datetimes.py,325,355,/app/Repos/pandas/pandas/core/indexes/datetimes.py,325,355,True,2d282cfdfb9df8328aa19856be4db622
707,/app/Repos/pandas/pandas/core/arrays/categorical.py,2119,2144,/app/Repos/pandas/pandas/core/arrays/categorical.py,2144,2169,True,69b2fa66fe22d0dda9b15c0f7f531e61
708,/app/Repos/pandas/pandas/core/indexing.py,1166,1211,/app/Repos/pandas/pandas/core/indexing.py,1515,1526,True,122121a75ba5913662c768297dcf23e9
709,/app/Repos/pandas/pandas/tests/series/test_constructors.py,858,869,/app/Repos/pandas/pandas/tests/series/test_constructors.py,869,875,True,078fc4cf15350889aed5f6c7e2a44bf2
710,/app/Repos/pandas/pandas/io/formats/style.py,1004,1060,/app/Repos/pandas/pandas/io/formats/style.py,1026,1040,True,52a86286ad19c32a922c9ca7f6c16f09
711,/app/Repos/pandas/pandas/core/panel.py,348,375,/app/Repos/pandas/pandas/core/panel.py,362,371,True,1be5d9a1a93c031fedf12f09a02f6e1e
712,/app/Repos/pandas/pandas/core/indexing.py,1371,1387,/app/Repos/pandas/pandas/core/indexing.py,1526,1545,True,8a3191e480f8491e260fb770cbc67619
713,/app/Repos/pandas/pandas/core/indexes/range.py,65,121,/app/Repos/pandas/pandas/core/indexes/range.py,85,100,True,85efaf3308563a5be041befd3b276535
714,/app/Repos/pandas/pandas/core/panel.py,1144,1176,/app/Repos/pandas/pandas/core/panel.py,1210,1218,True,e65932bda48eaf6011f98d8d315d697d
715,/app/Repos/pandas/pandas/core/indexing.py,1425,1442,/app/Repos/pandas/pandas/core/indexing.py,1788,1805,True,962ea4cb37150a043adbfdaafca920c0
716,/app/Repos/pandas/pandas/core/indexes/range.py,575,664,/app/Repos/pandas/pandas/core/indexes/range.py,579,649,True,370c4541f5de43624c8333983460d970
717,/app/Repos/pandas/pandas/core/indexes/range.py,575,664,/app/Repos/pandas/pandas/core/indexes/range.py,590,647,True,fbbfc17d57f3c140dcc51cdbbaa47ce8
718,/app/Repos/pandas/pandas/core/indexes/range.py,579,649,/app/Repos/pandas/pandas/core/indexes/range.py,590,647,True,5a97118f38d711cc307256dace7b076a
719,/app/Repos/pandas/pandas/core/strings.py,1186,1226,/app/Repos/pandas/pandas/core/strings.py,1226,1246,True,6e96bb9a8e45c775a0e8e0946b569df3
720,/app/Repos/pandas/pandas/core/indexes/datetimes.py,1146,1156,/app/Repos/pandas/pandas/core/indexes/datetimes.py,1146,1156,True,5b2c2cb8b373cf9ca3797b2c29c10e99
721,/app/Repos/pandas/pandas/core/strings.py,2728,2734,/app/Repos/pandas/pandas/core/strings.py,2734,2740,True,b3ba406889748039aaa75fd285e513ca
722,/app/Repos/pandas/pandas/tests/series/test_repr.py,305,334,/app/Repos/pandas/pandas/tests/series/test_repr.py,415,447,True,295e2089a0ae8aa081673fe18c6788c4
723,/app/Repos/pandas/pandas/tests/series/test_repr.py,334,363,/app/Repos/pandas/pandas/tests/series/test_repr.py,415,447,True,622c7d731d765ba8f5e6e00a9e3be530
724,/app/Repos/pandas/pandas/tests/series/test_repr.py,363,389,/app/Repos/pandas/pandas/tests/series/test_repr.py,415,447,True,115851dfbee9c24db4b29703ea0f2cb3
725,/app/Repos/pandas/pandas/tests/series/test_repr.py,389,415,/app/Repos/pandas/pandas/tests/series/test_repr.py,415,447,True,9fe0470c65e4e407e45815f28acf2c90
726,/app/Repos/pandas/pandas/core/frame.py,3437,3544,/app/Repos/pandas/pandas/core/frame.py,3457,3478,True,de3331701b9a1637ff15ef8070739d06
727,/app/Repos/pandas/pandas/core/frame.py,3622,3631,/app/Repos/pandas/pandas/core/frame.py,3631,3640,True,6d2008ecb80c1a5a2c59cbb720b6ea87
384,/app/Repos/pandas/pandas/core/frame.py,3658,3669,/app/Repos/pandas/pandas/core/frame.py,3658,3669,False,140ea2bd9ba0eaca8b043cb5f4d2929d
728,/app/Repos/pandas/pandas/io/excel.py,281,343,/app/Repos/pandas/pandas/io/excel.py,413,469,True,ebc8facd976cff088a848bab65d09cec
729,/app/Repos/pandas/pandas/core/arrays/base.py,428,462,/app/Repos/pandas/pandas/core/arrays/sparse.py,806,829,True,e999cb6bfbf75f02d05d6dfdf5272faa
384,/app/Repos/pandas/pandas/core/frame.py,3658,3669,/app/Repos/pandas/pandas/core/frame.py,3658,3669,False,140ea2bd9ba0eaca8b043cb5f4d2929d
730,/app/Repos/pandas/pandas/core/indexing.py,1805,1829,/app/Repos/pandas/pandas/core/indexing.py,2093,2114,True,ec6a3527f83de52c12abb53f2a52625e
384,/app/Repos/pandas/pandas/core/frame.py,3658,3669,/app/Repos/pandas/pandas/core/frame.py,3658,3669,False,140ea2bd9ba0eaca8b043cb5f4d2929d
731,/app/Repos/pandas/pandas/core/indexing.py,868,894,/app/Repos/pandas/pandas/core/indexing.py,2145,2174,True,acdd8d7cdf8891669e6072b8594cb77e
732,/app/Repos/pandas/pandas/core/strings.py,2859,2867,/app/Repos/pandas/pandas/core/strings.py,2867,2875,True,80e5c52f692080f4f990ce850b4caa7b
733,/app/Repos/pandas/pandas/core/strings.py,2801,2808,/app/Repos/pandas/pandas/core/strings.py,2867,2875,True,07e627905a539a0c62b3debe7ff1a702
734,/app/Repos/pandas/pandas/tests/series/test_timeseries.py,606,626,/app/Repos/pandas/pandas/tests/series/test_timeseries.py,632,652,True,e041196de97e3faba890682c4a90c82d
735,/app/Repos/pandas/pandas/core/strings.py,2808,2816,/app/Repos/pandas/pandas/core/strings.py,2867,2875,True,4b94e939de74297aa39f1baefc610ed3
736,/app/Repos/pandas/pandas/core/indexing.py,1371,1387,/app/Repos/pandas/pandas/core/indexing.py,2174,2188,True,d3cf3d265e627fecd42551189d7027b6
737,/app/Repos/pandas/pandas/core/indexing.py,1526,1545,/app/Repos/pandas/pandas/core/indexing.py,2174,2188,True,1a90f5ff7108798390fdf033223e3b2a
738,/app/Repos/pandas/pandas/core/indexes/numeric.py,221,232,/app/Repos/pandas/pandas/core/indexes/numeric.py,294,305,True,a99d521886f1320a2bb2c4990779c089
739,/app/Repos/pandas/pandas/io/stata.py,2249,2286,/app/Repos/pandas/pandas/io/stata.py,2752,2790,True,070eb77d4b4fba6f5db64c3a7913688e
740,/app/Repos/pandas/pandas/core/indexes/datetimes.py,1485,1562,/app/Repos/pandas/pandas/core/indexes/datetimes.py,1485,1562,True,824d33e02af1a7cd01d082dbcb3494a5
741,/app/Repos/pandas/pandas/core/indexes/datetimes.py,716,743,/app/Repos/pandas/pandas/core/indexes/datetimes.py,716,743,True,f4e6345b07e9b18975a1514ec8454c9e
742,/app/Repos/pandas/pandas/core/indexes/datetimes.py,1339,1485,/app/Repos/pandas/pandas/core/indexes/datetimes.py,1485,1562,True,0fe231b23edf8db173a76df6a50fc20f
743,/app/Repos/pandas/pandas/tests/series/test_repr.py,305,334,/app/Repos/pandas/pandas/tests/series/test_repr.py,363,389,True,a8c4874847e40dae49ab4f6b198369c6
744,/app/Repos/pandas/pandas/core/frame.py,372,465,/app/Repos/pandas/pandas/core/frame.py,372,465,True,0a4333f01685da7b8b1ec1e161c09270
745,/app/Repos/pandas/pandas/tests/series/test_repr.py,334,363,/app/Repos/pandas/pandas/tests/series/test_repr.py,363,389,True,ed2e134dd6c7367e9b5c1e2a55a6cf7e
746,/app/Repos/pandas/pandas/core/arrays/sparse.py,1344,1365,/app/Repos/pandas/pandas/core/arrays/sparse.py,1365,1386,True,41fcf3bf68b45843f1f40e72cbed9087
747,/app/Repos/pandas/pandas/core/indexes/datetimelike.py,545,571,/app/Repos/pandas/pandas/core/indexes/datetimelike.py,545,571,True,f7fd7d0a4e02d4a68bd0ddbdf4f38d45
747,/app/Repos/pandas/pandas/core/indexes/datetimelike.py,545,571,/app/Repos/pandas/pandas/core/indexes/datetimelike.py,545,571,False,f7fd7d0a4e02d4a68bd0ddbdf4f38d45
747,/app/Repos/pandas/pandas/core/indexes/datetimelike.py,545,571,/app/Repos/pandas/pandas/core/indexes/datetimelike.py,545,571,False,f7fd7d0a4e02d4a68bd0ddbdf4f38d45
748,/app/Repos/pandas/pandas/core/indexing.py,1071,1110,/app/Repos/pandas/pandas/core/indexing.py,2188,2209,True,431812995d15b3c9d49fc635136f7384
749,/app/Repos/pandas/pandas/core/indexes/datetimes.py,1339,1485,/app/Repos/pandas/pandas/core/indexes/datetimes.py,1339,1485,True,01521d977d57fe9805889e1f17798377
750,/app/Repos/pandas/pandas/core/indexing.py,1166,1211,/app/Repos/pandas/pandas/core/indexing.py,2188,2209,True,46b271d1d38812a8ccb86c0652ad793c
749,/app/Repos/pandas/pandas/core/indexes/datetimes.py,1339,1485,/app/Repos/pandas/pandas/core/indexes/datetimes.py,1339,1485,False,01521d977d57fe9805889e1f17798377
751,/app/Repos/pandas/pandas/tests/series/test_subclass.py,12,26,/app/Repos/pandas/pandas/tests/series/test_subclass.py,26,32,True,144ec927f0b58bb5e39fd476c1d19545
752,/app/Repos/pandas/pandas/core/indexing.py,1273,1366,/app/Repos/pandas/pandas/core/indexing.py,2188,2209,True,c59ece331e1ef42de8fc458b6b2b742f
753,/app/Repos/pandas/pandas/core/indexes/numeric.py,362,371,/app/Repos/pandas/pandas/core/indexes/numeric.py,362,371,True,7731c63c52ed4e8a6efda535f5f708b3
754,/app/Repos/pandas/pandas/io/formats/latex.py,46,172,/app/Repos/pandas/pandas/io/formats/latex.py,76,81,True,41554552e6a306a5a15b046d7ec44164
755,/app/Repos/pandas/pandas/core/indexing.py,1515,1526,/app/Repos/pandas/pandas/core/indexing.py,2188,2209,True,3de2ee3d35543b16380ecf35664ea95f
756,/app/Repos/pandas/pandas/core/arrays/datetimelike.py,612,766,/app/Repos/pandas/pandas/core/indexes/datetimelike.py,571,603,True,9a35da83000028e163e7891efce4ee96
757,/app/Repos/pandas/pandas/tests/series/test_repr.py,305,334,/app/Repos/pandas/pandas/tests/series/test_repr.py,334,363,True,74b93ec782e33ccf291954fb8e728dfd
758,/app/Repos/pandas/pandas/core/frame.py,500,577,/app/Repos/pandas/pandas/core/frame.py,517,533,True,4fe2b70902376c6dbe39291be9c3e8b6
759,/app/Repos/pandas/pandas/core/arrays/categorical.py,2112,2119,/app/Repos/pandas/pandas/core/base.py,906,915,True,f25384f06433fbcb121b8ef98408bca0
760,/app/Repos/pandas/pandas/core/indexes/datetimes.py,638,655,/app/Repos/pandas/pandas/core/indexes/datetimes.py,638,655,True,0b7b72ef12a790a54590ffef978bd288
761,/app/Repos/pandas/pandas/core/arrays/period.py,648,686,/app/Repos/pandas/pandas/core/indexes/datetimelike.py,705,724,True,c1cae8d439181da81d85b0080eea5804
762,/app/Repos/pandas/pandas/core/base.py,987,1071,/app/Repos/pandas/pandas/core/base.py,987,1071,True,d38042344a995c82021f1698d5b6db38
763,/app/Repos/pandas/pandas/core/arrays/categorical.py,1338,1357,/app/Repos/pandas/pandas/core/base.py,1255,1261,True,c413e42d72e2282ef6eb7f5e22c0d0ae
411,/app/Repos/pandas/pandas/core/base.py,1255,1261,/app/Repos/pandas/pandas/core/base.py,1255,1261,False,379f754e7718041daa4264b33d057c91
764,/app/Repos/pandas/pandas/tests/series/test_constructors.py,1112,1118,/app/Repos/pandas/pandas/tests/series/test_io.py,224,229,True,13b6ab92b9a94cac9afb00210f20c6f8
411,/app/Repos/pandas/pandas/core/base.py,1255,1261,/app/Repos/pandas/pandas/core/base.py,1255,1261,False,379f754e7718041daa4264b33d057c91
765,/app/Repos/pandas/pandas/core/indexes/datetimes.py,1169,1216,/app/Repos/pandas/pandas/core/indexes/datetimes.py,1169,1216,True,9c9b3554ac92a2ebea88c2e3a10393be
766,/app/Repos/pandas/pandas/core/frame.py,1239,1329,/app/Repos/pandas/pandas/core/frame.py,1239,1329,True,1deaa83f41a23d23b3800d59898a2fd4
767,/app/Repos/pandas/pandas/core/arrays/datetimelike.py,45,75,/app/Repos/pandas/pandas/core/indexes/base.py,84,119,True,a9e984b2fb9041b3974afe4c9cad5608
768,/app/Repos/pandas/pandas/io/formats/style.py,921,977,/app/Repos/pandas/pandas/io/formats/style.py,940,962,True,134db1e45a11ad2305da3e03478dfe24
769,/app/Repos/pandas/pandas/core/frame.py,3686,3694,/app/Repos/pandas/pandas/core/frame.py,3686,3694,True,ed55650fcc45d04d32dd8e0fb4fbb211
770,/app/Repos/pandas/pandas/core/sparse/frame.py,550,583,/app/Repos/pandas/pandas/core/sparse/frame.py,583,601,True,63106a45b935922031963fe6b9012dca
771,/app/Repos/pandas/pandas/core/indexing.py,1273,1366,/app/Repos/pandas/pandas/core/indexing.py,2238,2258,True,10bbad340d5e8dcf20bb3f5dad6b5a83
390,/app/Repos/pandas/pandas/core/frame.py,1828,1846,/app/Repos/pandas/pandas/core/frame.py,1828,1846,False,7a345384270eab11ed87ffc655f7f448
772,/app/Repos/pandas/pandas/core/arrays/datetimelike.py,48,70,/app/Repos/pandas/pandas/core/indexes/base.py,84,119,True,71342e92834c3dc014a647bc19bc52d6
773,/app/Repos/pandas/pandas/io/formats/style.py,1004,1060,/app/Repos/pandas/pandas/io/formats/style.py,1040,1052,True,97db830cfb086a06ecdd369e2ae9370b
769,/app/Repos/pandas/pandas/core/frame.py,3686,3694,/app/Repos/pandas/pandas/core/frame.py,3686,3694,False,ed55650fcc45d04d32dd8e0fb4fbb211
774,/app/Repos/pandas/pandas/core/sparse/frame.py,335,346,/app/Repos/pandas/pandas/core/sparse/frame.py,583,601,True,ed7a0b4c997ac58d38a59ba94f204a10
775,/app/Repos/pandas/pandas/core/arrays/datetimelike.py,48,70,/app/Repos/pandas/pandas/core/indexes/base.py,85,114,True,68fc4f902de9feae5b9ebfeeab8b056b
389,/app/Repos/pandas/pandas/core/frame.py,3694,3817,/app/Repos/pandas/pandas/core/frame.py,3694,3817,False,83787b5bef62597667578b6ffa083ceb
776,/app/Repos/pandas/pandas/core/internals/managers.py,1949,1978,/app/Repos/pandas/pandas/core/sparse/frame.py,780,804,True,e2a6da4830c044a289ce9fc3f346ea62
777,/app/Repos/pandas/pandas/core/frame.py,3669,3686,/app/Repos/pandas/pandas/core/frame.py,3817,3901,True,505212e6b7a16a6d7e68587487c06efa
392,/app/Repos/pandas/pandas/core/frame.py,3901,3910,/app/Repos/pandas/pandas/core/frame.py,3901,3910,False,0a5c3f303c0b8342dc11b2ae7537a008
392,/app/Repos/pandas/pandas/core/frame.py,3901,3910,/app/Repos/pandas/pandas/core/frame.py,3901,3910,False,0a5c3f303c0b8342dc11b2ae7537a008
392,/app/Repos/pandas/pandas/core/frame.py,3901,3910,/app/Repos/pandas/pandas/core/frame.py,3901,3910,False,0a5c3f303c0b8342dc11b2ae7537a008
392,/app/Repos/pandas/pandas/core/frame.py,3901,3910,/app/Repos/pandas/pandas/core/frame.py,3901,3910,False,0a5c3f303c0b8342dc11b2ae7537a008
778,/app/Repos/pandas/pandas/core/panel.py,919,996,/app/Repos/pandas/pandas/core/panel.py,950,961,True,d5a0c164c22536e7f7c89a0f10687c33
765,/app/Repos/pandas/pandas/core/indexes/datetimes.py,1169,1216,/app/Repos/pandas/pandas/core/indexes/datetimes.py,1169,1216,False,9c9b3554ac92a2ebea88c2e3a10393be
779,/app/Repos/pandas/pandas/tests/series/test_repr.py,415,447,/app/Repos/pandas/pandas/tests/series/test_repr.py,447,478,True,4cc0a362e2ab8bed5fad1bd27ed33671
780,/app/Repos/pandas/pandas/core/arrays/datetimelike.py,612,766,/app/Repos/pandas/pandas/core/arrays/datetimelike.py,619,670,True,8bc31a5243e1f8fe6011293f128ae259
395,/app/Repos/pandas/pandas/core/frame.py,3910,3918,/app/Repos/pandas/pandas/core/frame.py,3910,3918,False,d77401802e52c8d67b2fd37b3dc1d685
781,/app/Repos/pandas/pandas/core/indexes/numeric.py,207,217,/app/Repos/pandas/pandas/core/indexes/numeric.py,340,349,True,a0d9bc09a828b49882306d014bd780ce
782,/app/Repos/pandas/pandas/core/frame.py,3918,3923,/app/Repos/pandas/pandas/core/frame.py,3918,3923,True,d7cea0b1839591042612c0720444faf3
783,/app/Repos/pandas/pandas/tests/series/test_repr.py,334,363,/app/Repos/pandas/pandas/tests/series/test_repr.py,447,478,True,9f7865a2a43a3e8d61c1b2a7bf2fc2b3
784,/app/Repos/pandas/pandas/core/indexes/numeric.py,261,271,/app/Repos/pandas/pandas/core/indexes/numeric.py,340,349,True,0f8109b9ab23d7a1587de1da49d5208e
785,/app/Repos/pandas/pandas/core/frame.py,1846,1957,/app/Repos/pandas/pandas/core/frame.py,1846,1957,True,3537d2072f6920fcee075d5f1fe66b60
407,/app/Repos/pandas/pandas/core/arrays/datetimelike.py,808,835,/app/Repos/pandas/pandas/core/arrays/datetimelike.py,808,835,False,a38df40b0f379de22840cc433b8d8616
786,/app/Repos/pandas/pandas/tests/series/test_repr.py,389,415,/app/Repos/pandas/pandas/tests/series/test_repr.py,447,478,True,a47db4128bc7b58c301a7bf7ee26863c
782,/app/Repos/pandas/pandas/core/frame.py,3918,3923,/app/Repos/pandas/pandas/core/frame.py,3918,3923,False,d7cea0b1839591042612c0720444faf3
787,/app/Repos/pandas/pandas/core/indexing.py,190,199,/app/Repos/pandas/pandas/core/indexing.py,2276,2294,True,d94d800daa3c6e1d82f1f73fc477155e
788,/app/Repos/pandas/pandas/core/frame.py,4071,4285,/app/Repos/pandas/pandas/core/frame.py,4213,4235,True,c78d68697ea274dbd18bda9b7e718ccb
789,/app/Repos/pandas/pandas/tests/series/test_subclass.py,12,26,/app/Repos/pandas/pandas/tests/series/test_subclass.py,32,44,True,fd74a5602fcf930be4fca0737ec44110
790,/app/Repos/pandas/pandas/tests/series/test_subclass.py,26,32,/app/Repos/pandas/pandas/tests/series/test_subclass.py,32,44,True,707174a735f1ff42f4068fc51af1d693
791,/app/Repos/pandas/pandas/core/indexing.py,2343,2365,/app/Repos/pandas/pandas/core/indexing.py,2416,2425,True,e82cf56e9b07fded53cac98abaf21915
792,/app/Repos/pandas/pandas/core/frame.py,2032,2083,/app/Repos/pandas/pandas/core/frame.py,2083,2149,True,338c7305cbac629ae2846c65a3197d46
793,/app/Repos/pandas/pandas/core/indexes/datetimes.py,462,471,/app/Repos/pandas/pandas/core/indexes/datetimes.py,462,471,True,c409720b5a0760e04be630eebcaf666d
794,/app/Repos/pandas/pandas/core/indexes/datetimes.py,916,949,/app/Repos/pandas/pandas/core/indexes/datetimes.py,916,949,True,a03530c537d2c1a7fa0a88f9febd8be0
795,/app/Repos/pandas/pandas/core/indexes/datetimes.py,1216,1245,/app/Repos/pandas/pandas/core/indexes/datetimes.py,1216,1245,True,45cc191127867f964d38c0f58fcb5baf
796,/app/Repos/pandas/pandas/core/frame.py,2149,2387,/app/Repos/pandas/pandas/core/frame.py,2309,2337,True,425e7aeadaf8d6e987d744e5f4cb3883
797,/app/Repos/pandas/pandas/core/frame.py,2149,2387,/app/Repos/pandas/pandas/core/frame.py,2340,2351,True,48e887a974ed1bee88f149e66b616e66
798,/app/Repos/pandas/pandas/core/indexes/datetimes.py,221,319,/app/Repos/pandas/pandas/core/indexes/datetimes.py,221,319,True,a51014066ff3b7e700b71e4bd4570e54
799,/app/Repos/pandas/pandas/core/indexes/base.py,3832,3931,/app/Repos/pandas/pandas/core/indexes/base.py,3832,3931,True,473e841cec3c5c14467a93d4ecf47268
800,/app/Repos/pandas/pandas/core/frame.py,2636,2654,/app/Repos/pandas/pandas/core/frame.py,2636,2654,True,527759227c5a2e4a81d9db4015b55f9e
801,/app/Repos/pandas/pandas/tests/series/test_arithmetic.py,158,167,/app/Repos/pandas/pandas/tests/series/test_arithmetic.py,167,177,True,8586f6bd99674b85bf6d78b9cf1d8198
802,/app/Repos/pandas/pandas/core/frame.py,2681,2698,/app/Repos/pandas/pandas/core/frame.py,2681,2698,True,aaf089ceaa4bb15973f922435cec56cc
799,/app/Repos/pandas/pandas/core/indexes/base.py,3832,3931,/app/Repos/pandas/pandas/core/indexes/base.py,3832,3931,False,473e841cec3c5c14467a93d4ecf47268
803,/app/Repos/pandas/pandas/core/frame.py,2771,2830,/app/Repos/pandas/pandas/core/frame.py,2771,2830,True,d7bbd46a9978f6a68ad098a1342d52dd
804,/app/Repos/pandas/pandas/core/frame.py,3082,3219,/app/Repos/pandas/pandas/core/frame.py,3161,3170,True,1183213f8af05b8ee2b40da5639aff5e
798,/app/Repos/pandas/pandas/core/indexes/datetimes.py,221,319,/app/Repos/pandas/pandas/core/indexes/datetimes.py,221,319,False,a51014066ff3b7e700b71e4bd4570e54
805,/app/Repos/pandas/pandas/core/base.py,330,573,/app/Repos/pandas/pandas/core/base.py,330,573,True,259fb8aa34ca5f7e9f9ad8913f577476
806,/app/Repos/pandas/pandas/core/indexes/datetimes.py,575,609,/app/Repos/pandas/pandas/core/indexes/datetimes.py,575,609,True,3f333b6c2d70708ae2f9c8d02405326e
807,/app/Repos/pandas/pandas/core/indexes/datetimes.py,749,805,/app/Repos/pandas/pandas/core/indexes/datetimes.py,749,805,True,5db38fc8c12416e0c1b53206c9aca5f6
807,/app/Repos/pandas/pandas/core/indexes/datetimes.py,749,805,/app/Repos/pandas/pandas/core/indexes/datetimes.py,749,805,False,5db38fc8c12416e0c1b53206c9aca5f6
808,/app/Repos/pandas/pandas/core/frame.py,4484,4540,/app/Repos/pandas/pandas/core/indexes/multi.py,931,941,True,9505702799c55e40848f062b23831ff3
809,/app/Repos/pandas/pandas/core/indexes/multi.py,1204,1247,/app/Repos/pandas/pandas/core/indexes/multi.py,1204,1247,True,e3f3b12c91b0057c42aab94b9449f4df
810,/app/Repos/pandas/pandas/core/indexes/datetimes.py,1562,1621,/app/Repos/pandas/pandas/core/indexes/datetimes.py,1562,1621,True,9d7b9ae3f48ae25ed8849bc239592f7f
811,/app/Repos/pandas/pandas/core/indexes/multi.py,2888,2906,/app/Repos/pandas/pandas/core/indexes/multi.py,2888,2906,True,9cd7aefc6c323495603fc835426b8c47
812,/app/Repos/pandas/pandas/core/indexes/datetimes.py,1339,1485,/app/Repos/pandas/pandas/core/indexes/datetimes.py,1562,1621,True,8a202f17126250a703ff02522d7e875f
813,/app/Repos/pandas/pandas/core/indexes/datetimes.py,1485,1562,/app/Repos/pandas/pandas/core/indexes/datetimes.py,1562,1621,True,761a18ad1a345ebeacab2a137aa18fdc
814,/app/Repos/pandas/pandas/tests/series/test_repr.py,363,389,/app/Repos/pandas/pandas/tests/series/test_repr.py,389,415,True,b48c4f496cd52a8946057ede8be27484
815,/app/Repos/pandas/pandas/core/indexes/base.py,264,481,/app/Repos/pandas/pandas/core/indexes/base.py,264,481,True,291dedd6288505ac49c899994292d2f8
816,/app/Repos/pandas/pandas/tests/series/test_repr.py,305,334,/app/Repos/pandas/pandas/tests/series/test_repr.py,389,415,True,d1b7ed03a959e78b770831593c101a0f
817,/app/Repos/pandas/pandas/tests/series/test_repr.py,334,363,/app/Repos/pandas/pandas/tests/series/test_repr.py,389,415,True,151c2dede765d0a7c499dfb4c7366a59
815,/app/Repos/pandas/pandas/core/indexes/base.py,264,481,/app/Repos/pandas/pandas/core/indexes/base.py,264,481,False,291dedd6288505ac49c899994292d2f8
818,/app/Repos/pandas/pandas/core/generic.py,7794,7838,/app/Repos/pandas/pandas/core/indexing.py,104,113,True,88818c494866713393a0ab3b4b91c0b9
819,/app/Repos/pandas/pandas/io/gcs.py,8,17,/app/Repos/pandas/pandas/io/s3.py,22,41,True,54189360a8b0df9b2823ab291ec8fa40
815,/app/Repos/pandas/pandas/core/indexes/base.py,264,481,/app/Repos/pandas/pandas/core/indexes/base.py,264,481,False,291dedd6288505ac49c899994292d2f8
820,/app/Repos/pandas/pandas/core/indexes/base.py,500,524,/app/Repos/pandas/pandas/core/indexes/base.py,500,524,True,d52af23aaac68ec113f5444198d24317
821,/app/Repos/pandas/pandas/core/internals/blocks.py,1666,1673,/app/Repos/pandas/pandas/io/pytables.py,4208,4257,True,dd13a83fed55359bae2a812a882213cb
822,/app/Repos/pandas/pandas/tests/series/test_constructors.py,1097,1106,/app/Repos/pandas/pandas/tests/series/test_period.py,67,78,True,39c1d1a557c21829bc9a02f10dd1e690
823,/app/Repos/pandas/pandas/core/internals/blocks.py,1855,1862,/app/Repos/pandas/pandas/io/pytables.py,4208,4257,True,63f00f6b3e00cf59beef8475d4823fde
824,/app/Repos/pandas/pandas/tests/series/test_arithmetic.py,72,88,/app/Repos/pandas/pandas/tests/series/test_period.py,114,120,True,5f541cfb4af42a8e6b65cbcbcbebdec6
825,/app/Repos/pandas/pandas/core/indexes/category.py,203,218,/app/Repos/pandas/pandas/core/indexes/category.py,203,218,True,31f8d019d2459635cde35e6dcf928d63
825,/app/Repos/pandas/pandas/core/indexes/category.py,203,218,/app/Repos/pandas/pandas/core/indexes/category.py,203,218,False,31f8d019d2459635cde35e6dcf928d63
826,/app/Repos/pandas/pandas/core/arrays/datetimelike.py,92,105,/app/Repos/pandas/pandas/core/indexes/base.py,537,551,True,6a456df046a29840dad562a2e3c6a4ae
827,/app/Repos/pandas/pandas/core/arrays/datetimelike.py,92,105,/app/Repos/pandas/pandas/core/indexes/base.py,551,576,True,91cadc9216cee3c6d76ad4a7fe1a8012
828,/app/Repos/pandas/pandas/core/indexes/category.py,218,243,/app/Repos/pandas/pandas/core/indexes/category.py,218,243,True,06bbe65ab918b0521b8f4607068dbf52
829,/app/Repos/pandas/pandas/core/indexes/base.py,844,867,/app/Repos/pandas/pandas/core/indexes/base.py,844,867,True,20eaaf2d32268601b5e431cbca7ba916
830,/app/Repos/pandas/pandas/core/frame.py,4940,4947,/app/Repos/pandas/pandas/core/frame.py,4940,4947,True,ab2aaa830f7304a12aad656defd6b3f1
831,/app/Repos/pandas/pandas/core/frame.py,4924,4940,/app/Repos/pandas/pandas/core/frame.py,4940,4947,True,0a28a8bc304391fcb0d9132bd33ffd50
832,/app/Repos/pandas/pandas/core/frame.py,5119,5196,/app/Repos/pandas/pandas/core/frame.py,5164,5179,True,37fe71f066f84036355dab6d6c258e41
833,/app/Repos/pandas/pandas/core/frame.py,5119,5196,/app/Repos/pandas/pandas/core/frame.py,5179,5194,True,a122980e7572c4f02bb5b9294b46d1b0
834,/app/Repos/pandas/pandas/core/indexes/category.py,272,290,/app/Repos/pandas/pandas/core/indexes/category.py,272,290,True,d7f2def21c8124ad6ce9b87ae054d37a
835,/app/Repos/pandas/pandas/core/indexes/category.py,294,313,/app/Repos/pandas/pandas/core/indexes/category.py,294,313,True,2f5152b970d76811073dd48c70101461
836,/app/Repos/pandas/pandas/core/frame.py,5438,5444,/app/Repos/pandas/pandas/core/frame.py,5542,5553,True,7e02d44747ccb70781a197d4a3fd7def
837,/app/Repos/pandas/pandas/core/frame.py,6099,6278,/app/Repos/pandas/pandas/core/frame.py,6099,6278,True,cdace9c73686469389ada17f1d8dadc0
838,/app/Repos/pandas/pandas/core/frame.py,6600,6641,/app/Repos/pandas/pandas/core/frame.py,6600,6641,True,ca65f11c8d3389c07f52671d6a28d15a
839,/app/Repos/pandas/pandas/core/frame.py,6475,6600,/app/Repos/pandas/pandas/core/frame.py,6600,6641,True,c89402364aea0592f0ef35e6bb4d6c63
840,/app/Repos/pandas/pandas/core/indexes/category.py,489,498,/app/Repos/pandas/pandas/core/indexes/category.py,489,498,True,0809608b0413c395094dac09038051d5
841,/app/Repos/pandas/pandas/core/internals/blocks.py,355,364,/app/Repos/pandas/pandas/tests/extension/test_external_block.py,19,29,True,5dbdc11cefb3019feb1d62e33242ea4d
842,/app/Repos/pandas/pandas/core/internals/blocks.py,1911,1921,/app/Repos/pandas/pandas/tests/extension/test_external_block.py,19,29,True,b0017e66272ed711c59364bc73985cf4
843,/app/Repos/pandas/pandas/core/internals/blocks.py,2587,2608,/app/Repos/pandas/pandas/tests/extension/test_external_block.py,19,29,True,15f652d22e6ae6b0cd1344b768700581
844,/app/Repos/pandas/pandas/core/internals/blocks.py,2947,2961,/app/Repos/pandas/pandas/tests/extension/test_external_block.py,19,29,True,ad472edccffeee83aba17188a5dc2458
388,/app/Repos/pandas/pandas/core/indexes/datetimelike.py,415,422,/app/Repos/pandas/pandas/core/indexes/datetimelike.py,415,422,False,363a9b0244362ff73c13ff3b7d00a394
845,/app/Repos/pandas/pandas/tests/series/test_constructors.py,1089,1097,/app/Repos/pandas/pandas/tests/series/test_missing.py,110,149,True,d074d1c4fea520f1b31367dd325d2bc3
846,/app/Repos/pandas/pandas/tests/series/test_constructors.py,1089,1097,/app/Repos/pandas/pandas/tests/series/test_missing.py,285,319,True,ba48437a8602aab6deb9ba5fe7cd49b8
847,/app/Repos/pandas/pandas/core/generic.py,2257,2370,/app/Repos/pandas/pandas/io/sql.py,400,453,True,815b4659d5899566fc474df9aa0f7232
848,/app/Repos/pandas/pandas/tests/series/test_arithmetic.py,62,72,/app/Repos/pandas/pandas/tests/series/test_operators.py,403,458,True,cddd25beedd0ec4209b927abee568014
849,/app/Repos/pandas/pandas/tests/series/indexing/test_iloc.py,11,34,/app/Repos/pandas/pandas/tests/series/indexing/test_indexing.py,76,88,True,09c54dcbe0f8413bc1b6e6f51598f755
850,/app/Repos/pandas/pandas/tests/series/indexing/test_indexing.py,709,723,/app/Repos/pandas/pandas/tests/series/indexing/test_indexing.py,709,723,True,2886e438d15453838f2ef9fd47900040
851,/app/Repos/pandas/pandas/tests/series/test_constructors.py,1195,1206,/app/Repos/pandas/pandas/tests/series/test_dtypes.py,65,75,True,56ee327d284354a5e7edfb4dfbf03bf1
852,/app/Repos/pandas/pandas/tests/series/test_timeseries.py,159,196,/app/Repos/pandas/pandas/tests/test_panel.py,1943,1981,True,a7e7c80ca606022714b8aaecfa43222a
853,/app/Repos/pandas/pandas/tests/series/test_constructors.py,625,740,/app/Repos/pandas/pandas/tests/series/test_dtypes.py,87,106,True,14d883c9f05217881d8a06a17df4793d
854,/app/Repos/pandas/pandas/tests/series/test_constructors.py,843,858,/app/Repos/pandas/pandas/tests/series/test_dtypes.py,106,133,True,05e35b3178bc0e4ab000a6306bc0d4c5
855,/app/Repos/pandas/pandas/tests/series/test_constructors.py,1195,1206,/app/Repos/pandas/pandas/tests/series/test_dtypes.py,398,411,True,983e10ff645aa4a177949962eb6b1d89
856,/app/Repos/pandas/pandas/core/indexes/base.py,932,948,/app/Repos/pandas/pandas/core/indexes/base.py,932,948,True,5ae7456d35b01d8761d0ffed43a74832
857,/app/Repos/pandas/pandas/core/indexes/base.py,1108,1135,/app/Repos/pandas/pandas/core/indexes/base.py,1108,1135,True,6404ce01ca5d834d1233ff951d0f893e
858,/app/Repos/pandas/pandas/core/arrays/categorical.py,508,532,/app/Repos/pandas/pandas/tests/extension/test_common.py,27,37,True,1dbd0092c9bb0320debbb727d0fd73b3
859,/app/Repos/pandas/pandas/core/arrays/categorical.py,508,532,/app/Repos/pandas/pandas/core/indexes/base.py,1214,1238,True,5e6fc63beb6cecbb388a0b95c3d2558e
860,/app/Repos/pandas/pandas/core/indexes/base.py,1631,1667,/app/Repos/pandas/pandas/core/indexes/base.py,1631,1667,True,e3bb3d75923ed1c51cc242977c6e724c
860,/app/Repos/pandas/pandas/core/indexes/base.py,1631,1667,/app/Repos/pandas/pandas/core/indexes/base.py,1631,1667,False,e3bb3d75923ed1c51cc242977c6e724c
860,/app/Repos/pandas/pandas/core/indexes/base.py,1631,1667,/app/Repos/pandas/pandas/core/indexes/base.py,1631,1667,False,e3bb3d75923ed1c51cc242977c6e724c
861,/app/Repos/pandas/pandas/core/indexes/base.py,1679,1747,/app/Repos/pandas/pandas/core/indexes/base.py,1679,1747,True,8918344e16c5f43b2c586072dbdbe897
861,/app/Repos/pandas/pandas/core/indexes/base.py,1679,1747,/app/Repos/pandas/pandas/core/indexes/base.py,1679,1747,False,8918344e16c5f43b2c586072dbdbe897
861,/app/Repos/pandas/pandas/core/indexes/base.py,1679,1747,/app/Repos/pandas/pandas/core/indexes/base.py,1679,1747,False,8918344e16c5f43b2c586072dbdbe897
861,/app/Repos/pandas/pandas/core/indexes/base.py,1679,1747,/app/Repos/pandas/pandas/core/indexes/base.py,1679,1747,False,8918344e16c5f43b2c586072dbdbe897
439,/app/Repos/pandas/pandas/core/indexes/base.py,1971,1996,/app/Repos/pandas/pandas/core/indexes/base.py,1971,1996,False,c2d19c5e0085427a4ea73dac0b9692f1
862,/app/Repos/pandas/pandas/tests/frame/test_timeseries.py,555,575,/app/Repos/pandas/pandas/tests/frame/test_timeseries.py,555,575,True,21d77e5b8f5e61d9dfa2dcfc65f1885a
862,/app/Repos/pandas/pandas/tests/frame/test_timeseries.py,555,575,/app/Repos/pandas/pandas/tests/frame/test_timeseries.py,555,575,False,21d77e5b8f5e61d9dfa2dcfc65f1885a
863,/app/Repos/pandas/pandas/tests/frame/test_timeseries.py,581,601,/app/Repos/pandas/pandas/tests/frame/test_timeseries.py,581,601,True,ad2bb0e1bc48f24a77b906040a9c44d9
864,/app/Repos/pandas/pandas/core/indexes/base.py,2419,2430,/app/Repos/pandas/pandas/core/indexes/base.py,2419,2430,True,3faafeb7ea20da825066741f16153221
863,/app/Repos/pandas/pandas/tests/frame/test_timeseries.py,581,601,/app/Repos/pandas/pandas/tests/frame/test_timeseries.py,581,601,False,ad2bb0e1bc48f24a77b906040a9c44d9
865,/app/Repos/pandas/pandas/tests/frame/test_timeseries.py,123,141,/app/Repos/pandas/pandas/tests/frame/test_timeseries.py,123,141,True,4ecaff54377d674593c1d7bb7794c832
866,/app/Repos/pandas/pandas/tests/frame/test_timeseries.py,141,151,/app/Repos/pandas/pandas/tests/frame/test_timeseries.py,141,151,True,e66947cf2314d27ad628d2d99205f8d6
867,/app/Repos/pandas/pandas/tests/frame/test_timeseries.py,151,178,/app/Repos/pandas/pandas/tests/frame/test_timeseries.py,151,178,True,97fe14b37e044e2f346792fb7a2c0f16
868,/app/Repos/pandas/pandas/tests/frame/test_timeseries.py,607,637,/app/Repos/pandas/pandas/tests/frame/test_timeseries.py,607,637,True,43961512bba9b0119bad79f3fc0f90fb
869,/app/Repos/pandas/pandas/tests/frame/test_timeseries.py,178,185,/app/Repos/pandas/pandas/tests/frame/test_timeseries.py,178,185,True,527187c65acb6f49a9d8db374888c6d3
870,/app/Repos/pandas/pandas/tests/frame/test_timeseries.py,185,192,/app/Repos/pandas/pandas/tests/frame/test_timeseries.py,185,192,True,535de9091efbd5d55dd8509d006abf8d
871,/app/Repos/pandas/pandas/tests/frame/test_timeseries.py,643,703,/app/Repos/pandas/pandas/tests/frame/test_timeseries.py,643,703,True,fc58f2bf205847aa8e920dede07773ba
872,/app/Repos/pandas/pandas/tests/frame/test_timeseries.py,349,386,/app/Repos/pandas/pandas/tests/frame/test_timeseries.py,349,386,True,dc633b9c819ea5e7145c09743ec69b9e
873,/app/Repos/pandas/pandas/tests/frame/test_timeseries.py,386,429,/app/Repos/pandas/pandas/tests/frame/test_timeseries.py,386,429,True,b749e66efcc660ac1c18f56babaeb252
874,/app/Repos/pandas/pandas/tests/frame/test_timeseries.py,435,462,/app/Repos/pandas/pandas/tests/frame/test_timeseries.py,435,462,True,d54729510d029e717c51aab271431e5f
875,/app/Repos/pandas/pandas/tests/io/formats/test_format.py,256,268,/app/Repos/pandas/pandas/tests/io/formats/test_format.py,256,268,True,392601cae32a1b49ccf1b5dbc9697646
876,/app/Repos/pandas/pandas/tests/frame/test_constructors.py,154,165,/app/Repos/pandas/pandas/tests/frame/test_constructors.py,154,165,True,d7e01d0f07b2481bb8060bfb92830524
877,/app/Repos/pandas/pandas/tests/frame/test_constructors.py,1546,1555,/app/Repos/pandas/pandas/tests/frame/test_constructors.py,1546,1555,True,9d155e07cb114453a94318db28f8d43f
878,/app/Repos/pandas/pandas/tests/frame/test_constructors.py,530,555,/app/Repos/pandas/pandas/tests/frame/test_constructors.py,530,555,True,2008bc27af9f01574d7dec0c245c9d78
879,/app/Repos/pandas/pandas/tests/io/test_pytables.py,4623,4644,/app/Repos/pandas/pandas/tests/io/test_pytables.py,4623,4644,True,9093a3ca8c698f495ff288e6b0fce719
880,/app/Repos/pandas/pandas/tests/frame/test_constructors.py,2159,2167,/app/Repos/pandas/pandas/tests/frame/test_constructors.py,2159,2167,True,207b956f0a694a863892b38760f5d1a8
881,/app/Repos/pandas/pandas/tests/frame/test_arithmetic.py,274,283,/app/Repos/pandas/pandas/tests/frame/test_arithmetic.py,274,283,True,356d49a01d7e73c479303183cb13b780
881,/app/Repos/pandas/pandas/tests/frame/test_arithmetic.py,274,283,/app/Repos/pandas/pandas/tests/frame/test_arithmetic.py,274,283,False,356d49a01d7e73c479303183cb13b780
882,/app/Repos/pandas/pandas/tests/frame/test_dtypes.py,737,751,/app/Repos/pandas/pandas/tests/frame/test_dtypes.py,737,751,True,c2b4bccab4960a8c9fc12032b00314f5
883,/app/Repos/pandas/pandas/tests/frame/test_period.py,135,146,/app/Repos/pandas/pandas/tests/frame/test_period.py,135,146,True,fa498fa39a97502eb30d717f6c077ad6
884,/app/Repos/pandas/pandas/tests/frame/test_dtypes.py,751,763,/app/Repos/pandas/pandas/tests/frame/test_dtypes.py,751,763,True,be91b3a9bb51b2d24833b474c686ec20
885,/app/Repos/pandas/pandas/tests/frame/test_dtypes.py,763,775,/app/Repos/pandas/pandas/tests/frame/test_dtypes.py,763,775,True,ed0ceb7572a10cf1ac7463e290f50128
886,/app/Repos/pandas/pandas/tests/frame/test_dtypes.py,775,787,/app/Repos/pandas/pandas/tests/frame/test_dtypes.py,775,787,True,4b03563430a1fff1142bb369c84e3f0f
887,/app/Repos/pandas/pandas/tests/frame/test_dtypes.py,835,852,/app/Repos/pandas/pandas/tests/frame/test_dtypes.py,835,852,True,8f8e82918535760bb2296946a139ee4a
888,/app/Repos/pandas/pandas/tests/frame/test_arithmetic.py,283,297,/app/Repos/pandas/pandas/tests/frame/test_arithmetic.py,283,297,True,ae392aa021e8cd5bba6944fdd407be99
888,/app/Repos/pandas/pandas/tests/frame/test_arithmetic.py,283,297,/app/Repos/pandas/pandas/tests/frame/test_arithmetic.py,283,297,False,ae392aa021e8cd5bba6944fdd407be99
889,/app/Repos/pandas/pandas/tests/arrays/categorical/test_repr.py,54,63,/app/Repos/pandas/pandas/tests/arrays/categorical/test_repr.py,54,63,True,8d9a5537692e5d2a20df516c713a314d
890,/app/Repos/pandas/pandas/tests/arrays/categorical/test_repr.py,150,210,/app/Repos/pandas/pandas/tests/arrays/categorical/test_repr.py,150,210,True,bf31f66054ba38e8fb8f7a086e106a32
891,/app/Repos/pandas/pandas/tests/arrays/categorical/test_repr.py,210,244,/app/Repos/pandas/pandas/tests/arrays/categorical/test_repr.py,210,244,True,3968e1cd45f835d130297015ee467dd2
891,/app/Repos/pandas/pandas/tests/arrays/categorical/test_repr.py,210,244,/app/Repos/pandas/pandas/tests/arrays/categorical/test_repr.py,210,244,False,3968e1cd45f835d130297015ee467dd2
892,/app/Repos/pandas/pandas/tests/arrays/categorical/test_repr.py,244,273,/app/Repos/pandas/pandas/tests/arrays/categorical/test_repr.py,244,273,True,c56a9133ebc809dc2788a1f5600cf832
893,/app/Repos/pandas/pandas/tests/arrays/categorical/test_repr.py,273,302,/app/Repos/pandas/pandas/tests/arrays/categorical/test_repr.py,273,302,True,ce1c19324d0b34929eb30334cdbd3e6a
893,/app/Repos/pandas/pandas/tests/arrays/categorical/test_repr.py,273,302,/app/Repos/pandas/pandas/tests/arrays/categorical/test_repr.py,273,302,False,ce1c19324d0b34929eb30334cdbd3e6a
894,/app/Repos/pandas/pandas/tests/arrays/categorical/test_repr.py,335,368,/app/Repos/pandas/pandas/tests/arrays/categorical/test_repr.py,335,368,True,6ebd274f70ed37e03e56baca041306ee
895,/app/Repos/pandas/pandas/tests/arrays/categorical/test_repr.py,377,386,/app/Repos/pandas/pandas/tests/arrays/categorical/test_repr.py,377,386,True,eb5dd46898720be1f97358fea6eeae09
896,/app/Repos/pandas/pandas/tests/arrays/categorical/test_repr.py,386,406,/app/Repos/pandas/pandas/tests/arrays/categorical/test_repr.py,386,406,True,4bb79a538806fd42c2ec5ad35ce50eb4
897,/app/Repos/pandas/pandas/tests/groupby/conftest.py,7,18,/app/Repos/pandas/pandas/tests/groupby/conftest.py,7,18,True,5d731eb6cb29a46ab84e09d2253667ac
896,/app/Repos/pandas/pandas/tests/arrays/categorical/test_repr.py,386,406,/app/Repos/pandas/pandas/tests/arrays/categorical/test_repr.py,386,406,False,4bb79a538806fd42c2ec5ad35ce50eb4
898,/app/Repos/pandas/pandas/tests/frame/test_dtypes.py,508,520,/app/Repos/pandas/pandas/tests/frame/test_dtypes.py,508,520,True,bf60b390098db476715496239693dcaf
899,/app/Repos/pandas/pandas/tests/arrays/categorical/test_repr.py,406,436,/app/Repos/pandas/pandas/tests/arrays/categorical/test_repr.py,406,436,True,51236227ab517e61a78ee765b5e714bf
899,/app/Repos/pandas/pandas/tests/arrays/categorical/test_repr.py,406,436,/app/Repos/pandas/pandas/tests/arrays/categorical/test_repr.py,406,436,False,51236227ab517e61a78ee765b5e714bf
900,/app/Repos/pandas/pandas/tests/arrays/categorical/test_repr.py,436,475,/app/Repos/pandas/pandas/tests/arrays/categorical/test_repr.py,436,475,True,689d3dcc9da57d88d29869ba083ebe37
901,/app/Repos/pandas/pandas/tests/arrays/categorical/test_repr.py,475,489,/app/Repos/pandas/pandas/tests/arrays/categorical/test_repr.py,475,489,True,21c5b5c096e80c4b4d9c3d62814b3689
901,/app/Repos/pandas/pandas/tests/arrays/categorical/test_repr.py,475,489,/app/Repos/pandas/pandas/tests/arrays/categorical/test_repr.py,475,489,False,21c5b5c096e80c4b4d9c3d62814b3689
902,/app/Repos/pandas/pandas/tests/arrays/categorical/test_repr.py,489,505,/app/Repos/pandas/pandas/tests/arrays/categorical/test_repr.py,489,505,True,b45fa8e7cfb58df2df88bda1979c15f2
902,/app/Repos/pandas/pandas/tests/arrays/categorical/test_repr.py,489,505,/app/Repos/pandas/pandas/tests/arrays/categorical/test_repr.py,489,505,False,b45fa8e7cfb58df2df88bda1979c15f2
903,/app/Repos/pandas/pandas/tests/arrays/categorical/test_repr.py,505,520,/app/Repos/pandas/pandas/tests/arrays/categorical/test_repr.py,505,520,True,b2b23e6d6cb0edbf1bda462203bcf878
904,/app/Repos/pandas/pandas/core/generic.py,4606,4623,/app/Repos/pandas/pandas/tests/generic/test_frame.py,91,164,True,be3f4021ef33ef135bfb9f2ab935700a
905,/app/Repos/pandas/pandas/tests/groupby/test_whitelist.py,106,117,/app/Repos/pandas/pandas/tests/groupby/test_whitelist.py,106,117,True,f01d871fb47a34dac451ec6c84f709b5
903,/app/Repos/pandas/pandas/tests/arrays/categorical/test_repr.py,505,520,/app/Repos/pandas/pandas/tests/arrays/categorical/test_repr.py,505,520,False,b2b23e6d6cb0edbf1bda462203bcf878
906,/app/Repos/pandas/pandas/core/generic.py,4606,4623,/app/Repos/pandas/pandas/tests/generic/test_frame.py,120,133,True,394c2d89e56e733ba83cd55c7c01e643
907,/app/Repos/pandas/pandas/tests/arithmetic/test_datetime64.py,680,725,/app/Repos/pandas/pandas/tests/arithmetic/test_datetime64.py,680,725,True,3c652f987b28f68621ec4e9c71f6b989
908,/app/Repos/pandas/pandas/core/generic.py,4606,4623,/app/Repos/pandas/pandas/tests/generic/test_frame.py,143,155,True,4614900fce58ba10a9a427c381b46245
909,/app/Repos/pandas/pandas/tests/indexes/datetimes/test_datetime.py,29,35,/app/Repos/pandas/pandas/tests/indexes/datetimes/test_datetime.py,29,35,True,3d4189b479d5f11915dad749fc7d717a
910,/app/Repos/pandas/pandas/core/generic.py,4606,4623,/app/Repos/pandas/pandas/tests/generic/test_series.py,124,176,True,aa02f0821e5d9e4834f8e05294cc8390
911,/app/Repos/pandas/pandas/core/generic.py,4606,4623,/app/Repos/pandas/pandas/tests/generic/test_series.py,154,166,True,00c3814d9b05d8b1ee890c184a03ef4b
912,/app/Repos/pandas/pandas/tests/series/test_constructors.py,899,911,/app/Repos/pandas/pandas/tests/sparse/series/test_series.py,116,128,True,816140f54b3e8d135eb44e8651e177af
913,/app/Repos/pandas/pandas/core/frame.py,7258,7294,/app/Repos/pandas/pandas/core/frame.py,7294,7330,True,4f6fb9afeb03aa29becd31cac2c558a3
914,/app/Repos/pandas/pandas/core/indexes/datetimelike.py,428,456,/app/Repos/pandas/pandas/core/indexes/datetimelike.py,478,506,True,897d632b1b67780a428132a08ec9dddc
915,/app/Repos/pandas/pandas/io/formats/format.py,1019,1095,/app/Repos/pandas/pandas/io/formats/format.py,1034,1055,True,f293ebb4e80304679c88d718d460d458
916,/app/Repos/pandas/pandas/core/indexes/datetimelike.py,456,478,/app/Repos/pandas/pandas/core/indexes/datetimelike.py,506,528,True,62fa23baa8c17501dd463a8d67ae6b82
917,/app/Repos/pandas/pandas/io/formats/format.py,117,125,/app/Repos/pandas/pandas/io/formats/format.py,171,191,True,a8343cb8063fab1fe54455036a3ecab3
918,/app/Repos/pandas/pandas/tests/series/test_io.py,35,46,/app/Repos/pandas/pandas/tests/series/test_io.py,64,107,True,a8f5419e42bd42a1bc6c3c5119283f60
919,/app/Repos/pandas/pandas/core/indexes/datetimelike.py,252,271,/app/Repos/pandas/pandas/core/indexes/datetimelike.py,256,269,True,26e23e438642d087b3a302b26f5e7ba0
920,/app/Repos/pandas/pandas/io/formats/format.py,125,142,/app/Repos/pandas/pandas/io/formats/format.py,208,247,True,b7825962525a0e9f904ce29ed2e09d3d
921,/app/Repos/pandas/pandas/util/_decorators.py,65,182,/app/Repos/pandas/pandas/util/_decorators.py,135,178,True,471bdc97967ece43bd983869ada5c158
922,/app/Repos/pandas/pandas/util/_decorators.py,134,179,/app/Repos/pandas/pandas/util/_decorators.py,135,178,True,fd604eec5e9ebaec91f7f86bdf280f6f
923,/app/Repos/pandas/pandas/io/formats/format.py,1325,1364,/app/Repos/pandas/pandas/io/formats/format.py,1350,1361,True,9766f249e2ae737d9d2a3342f43aaea9
924,/app/Repos/pandas/pandas/io/formats/format.py,915,963,/app/Repos/pandas/pandas/io/formats/format.py,929,942,True,1836bd35b89b22e0b860277cd912e1e5
925,/app/Repos/pandas/pandas/tests/series/test_duplicates.py,88,105,/app/Repos/pandas/pandas/tests/series/test_duplicates.py,105,119,True,a1062455acf378c39a2466c12e8ac4ac
926,/app/Repos/pandas/pandas/util/_decorators.py,65,182,/app/Repos/pandas/pandas/util/_decorators.py,134,179,True,e4496732d5fa2802e2171d8b4946d06f
927,/app/Repos/pandas/pandas/util/_decorators.py,9,65,/app/Repos/pandas/pandas/util/_decorators.py,45,59,True,3a8e1fead05316737be3d525fbbfbe59
928,/app/Repos/pandas/pandas/io/formats/format.py,1255,1265,/app/Repos/pandas/pandas/io/formats/format.py,1265,1278,True,06a0cefae3034de77b3e33e803473fe7
929,/app/Repos/pandas/pandas/io/formats/format.py,1392,1410,/app/Repos/pandas/pandas/io/formats/format.py,1398,1403,True,f5eb34b91a27bcb74149f68b620f4f71
930,/app/Repos/pandas/pandas/core/indexes/base.py,2540,2594,/app/Repos/pandas/pandas/core/indexes/base.py,2540,2594,True,0940c53ba89f8bf2b7003216af1456c8
931,/app/Repos/pandas/pandas/core/base.py,330,573,/app/Repos/pandas/pandas/core/base.py,427,437,True,ed62c03d8ade7ff722729ad5460cbe83
932,/app/Repos/pandas/pandas/tests/reshape/merge/test_join.py,47,71,/app/Repos/pandas/pandas/tests/reshape/merge/test_join.py,97,121,True,6f029eddedf17ff8ebce55f86a33d260
933,/app/Repos/pandas/pandas/core/indexes/base.py,119,162,/app/Repos/pandas/pandas/core/indexes/base.py,120,157,True,5fb77bd342aad6a0bcb918e15de307fd
934,/app/Repos/pandas/pandas/tests/reshape/merge/test_join.py,121,129,/app/Repos/pandas/pandas/tests/reshape/merge/test_join.py,145,153,True,0dae442c01052c4b4371b744622c0edf
935,/app/Repos/pandas/pandas/tests/reshape/merge/test_join.py,129,137,/app/Repos/pandas/pandas/tests/reshape/merge/test_join.py,145,153,True,9e925cf16eb1ba572255261644dbdcad
936,/app/Repos/pandas/pandas/tests/reshape/merge/test_join.py,71,97,/app/Repos/pandas/pandas/tests/reshape/merge/test_join.py,97,121,True,52790f9062ace1c35362ac8ecef3b3ee
937,/app/Repos/pandas/pandas/tests/reshape/merge/test_join.py,205,214,/app/Repos/pandas/pandas/tests/reshape/merge/test_join.py,223,232,True,d070ec9690cd1c31811b905052bad8a7
938,/app/Repos/pandas/pandas/tests/reshape/merge/test_join.py,137,145,/app/Repos/pandas/pandas/tests/reshape/merge/test_join.py,145,153,True,85aecaae36790fac1b89b10d4af477ab
939,/app/Repos/pandas/pandas/core/indexes/base.py,264,481,/app/Repos/pandas/pandas/core/indexes/base.py,932,948,True,879af7473a0339c9d96fac134117a4fa
940,/app/Repos/pandas/pandas/tests/reshape/merge/test_join.py,214,223,/app/Repos/pandas/pandas/tests/reshape/merge/test_join.py,223,232,True,8809452431fd61ef3c4da3dfd26fd489
941,/app/Repos/pandas/pandas/core/indexes/base.py,4838,4858,/app/Repos/pandas/pandas/core/indexes/base.py,4842,4853,True,5d528e25aa4e23379423744020a38232
942,/app/Repos/pandas/pandas/io/parsers.py,1816,1870,/app/Repos/pandas/pandas/io/parsers.py,2159,2195,True,9cd68bec9f6f345c36a5c3951929c11b
943,/app/Repos/pandas/pandas/tests/reshape/merge/test_join.py,47,71,/app/Repos/pandas/pandas/tests/reshape/merge/test_join.py,71,97,True,a7170726b83942498fb4d934039b00f3
944,/app/Repos/pandas/pandas/tests/reshape/merge/test_join.py,121,129,/app/Repos/pandas/pandas/tests/reshape/merge/test_join.py,137,145,True,c8e632bcfc94e1c905b275b4ccc5edcf
945,/app/Repos/pandas/pandas/tests/reshape/merge/test_join.py,129,137,/app/Repos/pandas/pandas/tests/reshape/merge/test_join.py,137,145,True,8ca79de76480de45fa89d0a4d438a1ed
946,/app/Repos/pandas/pandas/tests/reshape/merge/test_join.py,205,214,/app/Repos/pandas/pandas/tests/reshape/merge/test_join.py,214,223,True,7895fafc00c5da4c80632aedbb0f7862
947,/app/Repos/pandas/pandas/core/indexes/base.py,3996,4126,/app/Repos/pandas/pandas/core/indexes/base.py,4007,4030,True,a25e059befb41bc4f54e56618440c54d
948,/app/Repos/pandas/pandas/io/parsers.py,3024,3062,/app/Repos/pandas/pandas/io/parsers.py,3026,3059,True,5aee66941586d1e6a31d616b0de37a4c
949,/app/Repos/pandas/pandas/core/indexes/base.py,4863,4968,/app/Repos/pandas/pandas/core/indexes/base.py,4946,4958,True,6744428373d2b12b04a8cf4550801e35
950,/app/Repos/pandas/pandas/core/indexes/base.py,4945,4961,/app/Repos/pandas/pandas/core/indexes/base.py,4946,4958,True,ef31041835cb692ae4ec0a1e65b957ba
951,/app/Repos/pandas/pandas/io/parsers.py,548,712,/app/Repos/pandas/pandas/io/parsers.py,556,707,True,aa9480b622271d42e3e3545b92f0a7aa
952,/app/Repos/pandas/pandas/tests/series/test_analytics.py,276,295,/app/Repos/pandas/pandas/tests/series/test_analytics.py,295,320,True,eeffc00eec5d617673ed20de449877c8
953,/app/Repos/pandas/pandas/tests/series/test_analytics.py,399,409,/app/Repos/pandas/pandas/tests/series/test_analytics.py,409,419,True,699974d80c4b7137dfef2bdc80b41bea
954,/app/Repos/pandas/pandas/tests/series/test_analytics.py,434,449,/app/Repos/pandas/pandas/tests/series/test_analytics.py,475,501,True,a9876eb0af1d3a3cf1889c75e44880d3
955,/app/Repos/pandas/pandas/tests/reshape/merge/test_join.py,121,129,/app/Repos/pandas/pandas/tests/reshape/merge/test_join.py,129,137,True,eee4209f62c3cab642efb42b2e122934
956,/app/Repos/pandas/pandas/core/indexes/base.py,119,162,/app/Repos/pandas/pandas/core/indexes/base.py,4702,4717,True,a7374051659bb5358af29c71d8c2ab01
957,/app/Repos/pandas/pandas/tests/series/test_analytics.py,449,475,/app/Repos/pandas/pandas/tests/series/test_analytics.py,475,501,True,f1ebba9580e296a2e03b6f861cadbbfa
958,/app/Repos/pandas/pandas/tests/series/test_analytics.py,584,594,/app/Repos/pandas/pandas/tests/series/test_analytics.py,594,612,True,dac88f4e11f4eb0cd69991353444e1a9
959,/app/Repos/pandas/pandas/core/indexes/base.py,4863,4968,/app/Repos/pandas/pandas/core/indexes/base.py,4945,4961,True,720ccea1b5c98597fc8c30541c54c3c8
960,/app/Repos/pandas/pandas/core/indexes/base.py,120,157,/app/Repos/pandas/pandas/core/indexes/base.py,4702,4717,True,7be8999e8a93a8dc80b87270bde5fbe6
961,/app/Repos/pandas/pandas/core/indexes/base.py,4245,4261,/app/Repos/pandas/pandas/core/indexes/base.py,4245,4261,True,348a7d1c796b0ab46228d69db0a05150
962,/app/Repos/pandas/pandas/core/frame.py,7519,7554,/app/Repos/pandas/pandas/core/frame.py,7554,7586,True,856ea652b881342521bd161aeabc1442
963,/app/Repos/pandas/pandas/tests/series/test_analytics.py,1756,1766,/app/Repos/pandas/pandas/tests/series/test_analytics.py,1847,1872,True,a8dc6c8c230fb737bff9e315b347791b
964,/app/Repos/pandas/pandas/tests/series/test_analytics.py,1419,1426,/app/Repos/pandas/pandas/tests/series/test_analytics.py,1426,1433,True,a2c0af5999055503f95fe135eeb33233
965,/app/Repos/pandas/pandas/util/_decorators.py,182,211,/app/Repos/pandas/pandas/util/_decorators.py,183,205,True,f2ddaedc50891c018ba7cce14ac15f7c
966,/app/Repos/pandas/pandas/io/parsers.py,1497,1525,/app/Repos/pandas/pandas/io/parsers.py,1498,1510,True,483ca2747c8d795dfa9200466f89c1c1
967,/app/Repos/pandas/pandas/tests/series/test_analytics.py,419,434,/app/Repos/pandas/pandas/tests/series/test_analytics.py,449,475,True,7086818b834eea0f8734b2f64b5c4ab9
968,/app/Repos/pandas/pandas/tests/series/test_analytics.py,1565,1590,/app/Repos/pandas/pandas/tests/series/test_analytics.py,1590,1612,True,87f423e49789f051b47ba018fbbdba36
969,/app/Repos/pandas/pandas/io/parsers.py,1816,1870,/app/Repos/pandas/pandas/io/parsers.py,1838,1847,True,aeb0807d00c81970b84ef4a3dc680478
970,/app/Repos/pandas/pandas/tests/series/test_combine_concat.py,122,169,/app/Repos/pandas/pandas/tests/series/test_combine_concat.py,133,143,True,0fd35f3fb6e5cd3041470d842dbd5337
971,/app/Repos/pandas/pandas/tests/series/test_analytics.py,1847,1872,/app/Repos/pandas/pandas/tests/series/test_analytics.py,2034,2041,True,2d04f10bac4a227521de3531f59c158c
972,/app/Repos/pandas/pandas/core/indexes/base.py,84,119,/app/Repos/pandas/pandas/core/indexes/base.py,85,114,True,55dc9b2b8736c962ae5805900ff18572
973,/app/Repos/pandas/pandas/io/clipboard/clipboards.py,10,25,/app/Repos/pandas/pandas/io/clipboard/clipboards.py,87,102,True,075aa871f806b18e0bd3fc7e0799ebb4
974,/app/Repos/pandas/pandas/io/clipboard/clipboards.py,72,87,/app/Repos/pandas/pandas/io/clipboard/clipboards.py,87,102,True,13cc77c6e5d7cc068ad14dd2bd75d547
975,/app/Repos/pandas/pandas/tests/series/test_duplicates.py,88,105,/app/Repos/pandas/pandas/tests/series/test_duplicates.py,131,141,True,abeb743f60cad00aede63187fdd37cfc
976,/app/Repos/pandas/pandas/tests/series/test_replace.py,252,259,/app/Repos/pandas/pandas/tests/series/test_replace.py,267,274,True,1a96f2332e17ffb89c40a355c2a11e5a
977,/app/Repos/pandas/pandas/tests/series/test_analytics.py,1232,1257,/app/Repos/pandas/pandas/tests/series/test_analytics.py,1301,1325,True,ef475200bc2e00cbe6e0aaa7775924b0
978,/app/Repos/pandas/pandas/io/sas/sas7bdat.py,254,263,/app/Repos/pandas/pandas/io/sas/sas7bdat.py,263,272,True,2d6dc825b62741b3bfd4dbf2bc896193
979,/app/Repos/pandas/pandas/tests/series/test_duplicates.py,119,131,/app/Repos/pandas/pandas/tests/series/test_duplicates.py,131,141,True,de365487259f1f4e54a6f518bbad4a65
980,/app/Repos/pandas/pandas/io/parsers.py,3260,3273,/app/Repos/pandas/pandas/io/parsers.py,3273,3298,True,76a955387754752b42204251ed33736e
981,/app/Repos/pandas/pandas/tests/series/test_replace.py,15,88,/app/Repos/pandas/pandas/tests/series/test_replace.py,212,246,True,ca300a38eeb239053973f5df9c1d9db2
982,/app/Repos/pandas/pandas/io/clipboard/clipboards.py,10,25,/app/Repos/pandas/pandas/io/clipboard/clipboards.py,72,87,True,d29d52e152db7c3f92dbcac948897224
983,/app/Repos/pandas/pandas/io/formats/excel.py,86,109,/app/Repos/pandas/pandas/io/formats/excel.py,96,106,True,dac9ffcf4d8f3de8bf0ed1b2fb02b65c
984,/app/Repos/pandas/pandas/io/json/json.py,103,116,/app/Repos/pandas/pandas/io/json/json.py,148,159,True,ad6adeebbfdacc68b7a6664676aa982a
985,/app/Repos/pandas/pandas/tests/reshape/test_melt.py,426,453,/app/Repos/pandas/pandas/tests/reshape/test_melt.py,477,505,True,1e19949fb981f806effe48b66536ac76
986,/app/Repos/pandas/pandas/tests/reshape/merge/test_join.py,265,279,/app/Repos/pandas/pandas/tests/reshape/merge/test_join.py,279,289,True,5c28defabe167fa5f0f5d33eafa3b041
987,/app/Repos/pandas/pandas/io/json/json.py,124,134,/app/Repos/pandas/pandas/io/json/json.py,148,159,True,dd0ac1831926b5f1d86cf8d49bead7ef
988,/app/Repos/pandas/pandas/tseries/frequencies.py,450,461,/app/Repos/pandas/pandas/tseries/frequencies.py,461,468,True,933cf14f0329d75099625fc4113fd858
989,/app/Repos/pandas/pandas/io/json/json.py,777,790,/app/Repos/pandas/pandas/io/json/json.py,846,869,True,1b19120f65fed8d95f347029bd593b38
990,/app/Repos/pandas/pandas/tseries/frequencies.py,439,450,/app/Repos/pandas/pandas/tseries/frequencies.py,461,468,True,1bb73535ef8ae5a0f4977f5457f6b8c3
991,/app/Repos/pandas/pandas/tests/reshape/merge/test_join.py,167,205,/app/Repos/pandas/pandas/tests/reshape/merge/test_join.py,279,289,True,dea3087cf436d15273b4045c3cf8850b
992,/app/Repos/pandas/pandas/tests/reshape/test_melt.py,66,79,/app/Repos/pandas/pandas/tests/reshape/test_melt.py,142,168,True,918aa3d8e9e876cd31f53267d52757a3
993,/app/Repos/pandas/pandas/tests/reshape/test_melt.py,596,611,/app/Repos/pandas/pandas/tests/reshape/test_melt.py,627,644,True,fc439b8049e0013a2e5154967042adff
994,/app/Repos/pandas/pandas/tests/reshape/merge/test_join.py,245,253,/app/Repos/pandas/pandas/tests/reshape/merge/test_join.py,289,294,True,e3e077caab4b4c179c8630ae897b027a
995,/app/Repos/pandas/pandas/tests/series/test_combine_concat.py,122,169,/app/Repos/pandas/pandas/tests/series/test_combine_concat.py,143,150,True,3856eb1ba5efc05def13c8f47256e3de
996,/app/Repos/pandas/pandas/io/parsers.py,2195,2264,/app/Repos/pandas/pandas/io/parsers.py,2250,2260,True,1cace3f16e56684343342f4b85e71e0b
997,/app/Repos/pandas/pandas/tests/series/test_combine_concat.py,133,143,/app/Repos/pandas/pandas/tests/series/test_combine_concat.py,143,150,True,68e2274b69a3b1eae989dfd3ab29c70e
998,/app/Repos/pandas/pandas/tests/series/test_analytics.py,866,892,/app/Repos/pandas/pandas/tests/series/test_analytics.py,892,957,True,b8f6808a45ab0ce88cddf323334b0432
999,/app/Repos/pandas/pandas/tests/series/test_analytics.py,1457,1474,/app/Repos/pandas/pandas/tests/series/test_sorting.py,136,152,True,e7dbde8e17e42f3338f575cd26c5598e
1000,/app/Repos/pandas/pandas/tests/series/test_analytics.py,1635,1655,/app/Repos/pandas/pandas/tests/series/test_analytics.py,1655,1675,True,e0567cf4ce396e91ee6a6c8ac6ffcf30
1001,/app/Repos/pandas/pandas/tests/series/test_analytics.py,239,262,/app/Repos/pandas/pandas/tests/series/test_analytics.py,262,276,True,528bcac7f20c01ec37a2e1308898ef59
1002,/app/Repos/pandas/pandas/tests/series/test_combine_concat.py,277,298,/app/Repos/pandas/pandas/tests/series/test_combine_concat.py,298,321,True,e6954b84ae1c8767a6b612845bc53132
1003,/app/Repos/pandas/pandas/tseries/frequencies.py,401,439,/app/Repos/pandas/pandas/tseries/frequencies.py,506,518,True,b4e997eb798d9c4acff22097e80c7b5c
1004,/app/Repos/pandas/pandas/tests/reshape/test_melt.py,118,142,/app/Repos/pandas/pandas/tests/reshape/test_melt.py,142,168,True,982822dc770eb497ee413635045dcaed
1005,/app/Repos/pandas/pandas/core/indexes/multi.py,348,416,/app/Repos/pandas/pandas/core/indexes/multi.py,448,511,True,1fedc4a5e86b936ab830cd4f9545f968
1006,/app/Repos/pandas/pandas/tests/series/test_analytics.py,1565,1590,/app/Repos/pandas/pandas/tests/series/test_analytics.py,1655,1675,True,69c02d82255c15e596da2b68dfb14671
1007,/app/Repos/pandas/pandas/tests/series/test_analytics.py,1403,1413,/app/Repos/pandas/pandas/tests/series/test_analytics.py,1433,1440,True,366a0bff583323eb2113a5d7c197c9bd
1008,/app/Repos/pandas/pandas/tests/series/test_analytics.py,1565,1590,/app/Repos/pandas/pandas/tests/series/test_analytics.py,1635,1655,True,69d3ea6a514fa528fc6e8431eeed91f6
1009,/app/Repos/pandas/pandas/tests/series/test_analytics.py,1413,1419,/app/Repos/pandas/pandas/tests/series/test_analytics.py,1433,1440,True,4fc03c662c012a6e2791279825574281
1010,/app/Repos/pandas/pandas/core/indexes/base.py,634,644,/app/Repos/pandas/pandas/core/indexes/multi.py,742,773,True,32cc3edf1d71ce29179bf9f7e6c04dfd
1011,/app/Repos/pandas/pandas/tests/series/test_analytics.py,1590,1612,/app/Repos/pandas/pandas/tests/series/test_analytics.py,1655,1675,True,96b4c6a4ff4a81503bc9a05da8a19074
1012,/app/Repos/pandas/pandas/tests/reshape/test_melt.py,311,339,/app/Repos/pandas/pandas/tests/reshape/test_melt.py,379,409,True,3217af410ffedefc6e21917f36683b9f
1013,/app/Repos/pandas/pandas/tests/series/test_analytics.py,1590,1612,/app/Repos/pandas/pandas/tests/series/test_analytics.py,1635,1655,True,5be0136beb5f36f05717073ccda93fe5
1014,/app/Repos/pandas/pandas/tests/series/test_analytics.py,1565,1590,/app/Repos/pandas/pandas/tests/series/test_analytics.py,1612,1635,True,5adb1a08768c39cd33742f5749a764c8
1015,/app/Repos/pandas/pandas/tests/reshape/test_melt.py,350,379,/app/Repos/pandas/pandas/tests/reshape/test_melt.py,379,409,True,ce22829a4759d6d750f84331c17c8eab
1016,/app/Repos/pandas/pandas/tests/series/test_analytics.py,1612,1635,/app/Repos/pandas/pandas/tests/series/test_analytics.py,1635,1655,True,139eb9d4152202d9ffd20ae79743b94e
1017,/app/Repos/pandas/pandas/core/indexes/multi.py,2273,2409,/app/Repos/pandas/pandas/core/indexes/multi.py,2365,2373,True,d68db06231aa38e45d77212f927c2968
1018,/app/Repos/pandas/pandas/io/parsers.py,3126,3145,/app/Repos/pandas/pandas/io/parsers.py,3334,3345,True,99f8aa3708c9baf6758b8eab13a1efe9
1019,/app/Repos/pandas/pandas/io/parsers.py,1712,1806,/app/Repos/pandas/pandas/io/parsers.py,1964,1974,True,ac70a5318861f483e3009ebab9538bb4
1020,/app/Repos/pandas/pandas/core/indexes/multi.py,314,348,/app/Repos/pandas/pandas/core/indexes/multi.py,420,448,True,b1c31e67051062f54184028fb56ef3ee
1021,/app/Repos/pandas/pandas/core/indexes/datetimelike.py,378,397,/app/Repos/pandas/pandas/core/indexes/multi.py,1630,1642,True,e23521db2629b57646d5ce65af8b29c8
1022,/app/Repos/pandas/pandas/tests/series/test_analytics.py,1756,1766,/app/Repos/pandas/pandas/tests/series/test_analytics.py,1793,1808,True,9e4617f24e6154cb15c83d0a0e1660f7
1023,/app/Repos/pandas/pandas/tests/series/test_analytics.py,1612,1635,/app/Repos/pandas/pandas/tests/series/test_analytics.py,1655,1675,True,146fc7ffffb8871e48cae9ef2f423a15
1024,/app/Repos/pandas/pandas/io/pytables.py,2830,2836,/app/Repos/pandas/pandas/io/pytables.py,2860,2870,True,c8f650116b5528b0f8cf8bd4df26ebf0
1025,/app/Repos/pandas/pandas/tests/series/test_analytics.py,399,409,/app/Repos/pandas/pandas/tests/series/test_analytics.py,568,584,True,e7b746c427a6925a1d66f032b4f850cd
1026,/app/Repos/pandas/pandas/io/parsers.py,2327,2367,/app/Repos/pandas/pandas/io/parsers.py,2329,2338,True,3656ea1c4de0b72bb446688b95982c14
1027,/app/Repos/pandas/pandas/tests/extension/decimal/test_decimal.py,199,210,/app/Repos/pandas/pandas/tests/extension/decimal/test_decimal.py,210,223,True,0bee0ea8261dbc4029ea349b80eb1811
1028,/app/Repos/pandas/pandas/core/indexes/base.py,2164,2182,/app/Repos/pandas/pandas/core/indexes/multi.py,1630,1642,True,617f4df11f109b4a4ae635a3c0cac7e6
1029,/app/Repos/pandas/pandas/tests/series/test_analytics.py,2034,2041,/app/Repos/pandas/pandas/tests/series/test_analytics.py,2041,2075,True,91e10d7a891119592d4ec0788f71132e
1030,/app/Repos/pandas/pandas/tests/series/test_analytics.py,1808,1827,/app/Repos/pandas/pandas/tests/series/test_analytics.py,1827,1847,True,ffd3f0deb5fb7ac8f81f5b9ade5bac93
1031,/app/Repos/pandas/pandas/io/pytables.py,2500,2507,/app/Repos/pandas/pandas/io/pytables.py,3243,3266,True,d872af9b1143322d4327e85ec0ef77a0
1032,/app/Repos/pandas/pandas/tests/series/test_analytics.py,409,419,/app/Repos/pandas/pandas/tests/series/test_analytics.py,568,584,True,2b2db05da3482d2b8fa073912b53353c
1033,/app/Repos/pandas/pandas/tests/series/test_analytics.py,419,434,/app/Repos/pandas/pandas/tests/series/test_analytics.py,434,449,True,80746a69eed27d880e22851e1ccf74e0
1034,/app/Repos/pandas/pandas/core/indexes/multi.py,2409,2503,/app/Repos/pandas/pandas/core/indexes/multi.py,2417,2444,True,935d173cc22adb95f0a680d635ba53b3
1035,/app/Repos/pandas/pandas/core/indexes/multi.py,2173,2273,/app/Repos/pandas/pandas/core/indexes/multi.py,2217,2231,True,74b3f2c7357e29199982b17d5800b3fa
1036,/app/Repos/pandas/pandas/io/clipboard/clipboards.py,10,25,/app/Repos/pandas/pandas/io/clipboard/clipboards.py,102,130,True,5ddac49d143b31d619434037ba2f65fb
1037,/app/Repos/pandas/pandas/tests/series/test_replace.py,194,201,/app/Repos/pandas/pandas/tests/series/test_replace.py,201,207,True,9f1de9802ee972b811bba68dd5d5da75
1038,/app/Repos/pandas/pandas/core/indexes/base.py,4539,4546,/app/Repos/pandas/pandas/core/indexes/category.py,410,420,True,8e50d3b72192fd7b32d03395e414452c
1039,/app/Repos/pandas/pandas/tests/series/test_combine_concat.py,277,298,/app/Repos/pandas/pandas/tests/series/test_combine_concat.py,321,341,True,2dd78418d7f1903cb68c500b98853f96
1040,/app/Repos/pandas/pandas/tests/series/test_analytics.py,1403,1413,/app/Repos/pandas/pandas/tests/series/test_analytics.py,1413,1419,True,8047da3b799ec5d2dddb376c236f21e6
1041,/app/Repos/pandas/pandas/core/indexes/multi.py,2653,2703,/app/Repos/pandas/pandas/core/indexes/multi.py,2703,2716,True,e26c7518c62f6f4c98c49bd095827ce4
1042,/app/Repos/pandas/pandas/io/pytables.py,691,737,/app/Repos/pandas/pandas/io/pytables.py,737,753,True,cc875c43c8bf1be5c397d89ddc785146
1043,/app/Repos/pandas/pandas/tests/series/test_replace.py,146,189,/app/Repos/pandas/pandas/tests/series/test_replace.py,149,157,True,214280de46fd15a9aee0dc0cab8e8697
1044,/app/Repos/pandas/pandas/io/json/json.py,901,930,/app/Repos/pandas/pandas/io/json/json.py,911,926,True,16e0f67cc5c34aab750b9e043fa2f395
1045,/app/Repos/pandas/pandas/util/testing.py,1098,1174,/app/Repos/pandas/pandas/util/testing.py,1144,1164,True,a1762baba0b7e83250b117d9964105a8
1046,/app/Repos/pandas/pandas/tests/series/test_combine_concat.py,298,321,/app/Repos/pandas/pandas/tests/series/test_combine_concat.py,321,341,True,cbaed9555175f4ad6d02bd1b8ddf93b8
1047,/app/Repos/pandas/pandas/tests/series/test_analytics.py,1994,2001,/app/Repos/pandas/pandas/tests/series/test_analytics.py,2010,2020,True,10e72b3f3f534feb01cef786a6b12727
1048,/app/Repos/pandas/pandas/core/indexes/multi.py,1601,1630,/app/Repos/pandas/pandas/core/indexes/multi.py,2872,2884,True,8b47c74fce20ab31824e62b464f56e01
1049,/app/Repos/pandas/pandas/io/pytables.py,2455,2472,/app/Repos/pandas/pandas/io/pytables.py,2457,2464,True,8f49d48ac52cd8a4d8e541ddab3d72d6
1050,/app/Repos/pandas/pandas/tests/series/test_replace.py,252,259,/app/Repos/pandas/pandas/tests/series/test_replace.py,274,280,True,e33e915d75762358908a623b713e9009
1051,/app/Repos/pandas/pandas/io/pickle.py,83,189,/app/Repos/pandas/pandas/io/pickle.py,153,178,True,d251d67a6e46df5e0acce00a20cd4cba
1052,/app/Repos/pandas/pandas/tests/series/test_analytics.py,1201,1232,/app/Repos/pandas/pandas/tests/series/test_analytics.py,1257,1301,True,9c69c55910870b997cf37dc346d37dc1
1053,/app/Repos/pandas/pandas/tests/series/test_period.py,33,40,/app/Repos/pandas/pandas/tests/series/test_period.py,51,58,True,d4797e218e65a0b5797f127a7cca9373
1054,/app/Repos/pandas/pandas/io/pytables.py,1724,1732,/app/Repos/pandas/pandas/io/pytables.py,2133,2148,True,7be33eb0cd03365969c2af15718f4b64
1055,/app/Repos/pandas/pandas/io/pytables.py,2650,2689,/app/Repos/pandas/pandas/io/pytables.py,2792,2800,True,95467ed813d7aa510be438d097839c7e
1056,/app/Repos/pandas/pandas/tests/series/test_replace.py,267,274,/app/Repos/pandas/pandas/tests/series/test_replace.py,274,280,True,4f5c2bc2a5c343b877c1a09696419f86
1057,/app/Repos/pandas/pandas/tests/reshape/test_melt.py,66,79,/app/Repos/pandas/pandas/tests/reshape/test_melt.py,118,142,True,6c1d32dd297bf2305caf0d499c35231c
1058,/app/Repos/pandas/pandas/tests/series/test_analytics.py,1847,1872,/app/Repos/pandas/pandas/tests/series/test_analytics.py,1872,1888,True,eb59865a90ee55f3c24e2aafb2500d25
1059,/app/Repos/pandas/pandas/tests/series/test_period.py,40,51,/app/Repos/pandas/pandas/tests/series/test_period.py,51,58,True,b9317fbb029c2ab2c650bdd34fb4b4ec
1060,/app/Repos/pandas/pandas/io/pytables.py,2689,2698,/app/Repos/pandas/pandas/io/pytables.py,2702,2790,True,40021d33d522126b06b39a4d26452ea3
1061,/app/Repos/pandas/pandas/tests/series/indexing/test_boolean.py,17,28,/app/Repos/pandas/pandas/tests/series/indexing/test_boolean.py,60,85,True,8f0d36d06ba2d7b3e402dbe8979855cd
1062,/app/Repos/pandas/pandas/tests/reshape/test_melt.py,311,339,/app/Repos/pandas/pandas/tests/reshape/test_melt.py,350,379,True,c280ba3e5fdb29cea27108b260b3a281
1063,/app/Repos/pandas/pandas/tests/series/test_analytics.py,2135,2200,/app/Repos/pandas/pandas/tests/series/test_analytics.py,2200,2225,True,79c53dd65fa58ebf3fa14e2ee1c343f1
1064,/app/Repos/pandas/pandas/io/json/json.py,790,808,/app/Repos/pandas/pandas/io/json/json.py,821,846,True,3f80bd9a72500156aefc1f651b73f822
1065,/app/Repos/pandas/pandas/tests/series/indexing/test_boolean.py,137,147,/app/Repos/pandas/pandas/tests/series/indexing/test_boolean.py,182,240,True,5a5508f939c68af7e8bd151ce1929aad
1066,/app/Repos/pandas/pandas/core/indexes/base.py,4539,4546,/app/Repos/pandas/pandas/core/indexes/multi.py,1083,1092,True,85f8a0a6422b1ef41eaf5ebbb97dcbc4
1067,/app/Repos/pandas/pandas/io/json/json.py,777,790,/app/Repos/pandas/pandas/io/json/json.py,821,846,True,3f2fd95ff4db7bb0e17864adad1190ad
1068,/app/Repos/pandas/pandas/tests/series/indexing/test_boolean.py,147,157,/app/Repos/pandas/pandas/tests/series/indexing/test_boolean.py,182,240,True,10b6f0493e63fb5ff5c7852c52e7f513
1069,/app/Repos/pandas/pandas/core/indexes/multi.py,2273,2409,/app/Repos/pandas/pandas/core/indexes/multi.py,2314,2329,True,d3a2146cf6049e37ad016d00693e179d
1070,/app/Repos/pandas/pandas/tests/series/indexing/test_boolean.py,455,470,/app/Repos/pandas/pandas/tests/series/indexing/test_boolean.py,625,637,True,0a6ae51c4041624647bc81b314858807
1071,/app/Repos/pandas/pandas/core/indexes/multi.py,2716,2741,/app/Repos/pandas/pandas/core/indexes/multi.py,2770,2800,True,6d8498d3fb3d14def0635818a3c9b77c
1072,/app/Repos/pandas/pandas/core/indexes/multi.py,2741,2770,/app/Repos/pandas/pandas/core/indexes/multi.py,2770,2800,True,aac2c1b4f9b0893e3c6e0e6e3091a99c
1073,/app/Repos/pandas/pandas/io/pytables.py,773,856,/app/Repos/pandas/pandas/io/pytables.py,838,850,True,60e3338e12bcfd805c64a03a86770c95
1074,/app/Repos/pandas/pandas/tests/series/indexing/test_boolean.py,582,625,/app/Repos/pandas/pandas/tests/series/indexing/test_boolean.py,625,637,True,49973063e7bf9104c8fb169199213845
1075,/app/Repos/pandas/pandas/io/formats/css.py,214,228,/app/Repos/pandas/pandas/io/formats/css.py,215,226,True,df1897148556edceda2259a5ec1709ce
1076,/app/Repos/pandas/pandas/io/clipboard/clipboards.py,102,130,/app/Repos/pandas/pandas/io/clipboard/clipboards.py,110,127,True,e6f110a0a0ba2939888ecdce06165bfa
1077,/app/Repos/pandas/pandas/tests/reshape/test_melt.py,453,477,/app/Repos/pandas/pandas/tests/reshape/test_melt.py,505,529,True,a1967c8ceeeba5ac912c31d84b3355d6
1078,/app/Repos/pandas/pandas/io/json/json.py,103,116,/app/Repos/pandas/pandas/io/json/json.py,124,134,True,0f5a2d2808ecb7cdc5fe1d616a2dfb2b
1079,/app/Repos/pandas/pandas/tests/series/indexing/test_alter_index.py,333,349,/app/Repos/pandas/pandas/tests/series/indexing/test_alter_index.py,349,357,True,7a48ee9fdbca482ee58a360ba298bdd4
1080,/app/Repos/pandas/pandas/io/json/json.py,892,901,/app/Repos/pandas/pandas/io/json/json.py,901,930,True,4f704a2055c7356a10cd4aba68d40d68
1081,/app/Repos/pandas/pandas/io/pickle.py,83,189,/app/Repos/pandas/pandas/io/pickle.py,142,153,True,c0042c1a5f4ab915b35fc1b5d5e96d76
1082,/app/Repos/pandas/pandas/io/pickle.py,12,83,/app/Repos/pandas/pandas/io/pickle.py,142,153,True,673bff825690f07866e3a715e007b43f
1083,/app/Repos/pandas/pandas/core/indexes/multi.py,960,1020,/app/Repos/pandas/pandas/core/indexes/multi.py,968,977,True,2d8777fb224f2d3ad7d8f589067dfb82
1084,/app/Repos/pandas/pandas/core/indexes/base.py,2182,2201,/app/Repos/pandas/pandas/core/indexes/multi.py,1642,1664,True,74474a10cfd806d566826abe9f06a086
1085,/app/Repos/pandas/pandas/core/indexes/multi.py,2503,2623,/app/Repos/pandas/pandas/core/indexes/multi.py,2551,2565,True,7c6e221c9e6b796371428e372dbedb13
1086,/app/Repos/pandas/pandas/core/indexes/multi.py,2716,2741,/app/Repos/pandas/pandas/core/indexes/multi.py,2741,2770,True,bf6f715a15d3c15a1f3066f22912f2f3
1087,/app/Repos/pandas/pandas/io/pytables.py,4573,4601,/app/Repos/pandas/pandas/io/pytables.py,4601,4616,True,6ec7f1d165aaa6f7b0ca9a47acffc1df
1088,/app/Repos/pandas/pandas/tests/extension/decimal/test_decimal.py,160,175,/app/Repos/pandas/pandas/tests/extension/test_integer.py,183,199,True,d2c48c8943a5d0919071b4e35edbdefa
1089,/app/Repos/pandas/pandas/io/pytables.py,2051,2058,/app/Repos/pandas/pandas/io/pytables.py,2058,2063,True,00817dcb0a1fb3623c399ae77ae34b45
1090,/app/Repos/pandas/pandas/tests/io/test_parquet.py,122,172,/app/Repos/pandas/pandas/tests/io/test_parquet.py,157,165,True,9a290bc2e974f477bb53a1bb234d63b2
1091,/app/Repos/pandas/pandas/tests/io/test_parquet.py,218,235,/app/Repos/pandas/pandas/tests/io/test_parquet.py,235,250,True,ef0d12f4490d07149224fc60556fda3b
1092,/app/Repos/pandas/pandas/tests/series/indexing/test_boolean.py,251,280,/app/Repos/pandas/pandas/tests/series/indexing/test_boolean.py,455,470,True,e30c3c31dd523e50fead06f4d35b7a7c
1093,/app/Repos/pandas/pandas/io/pytables.py,2811,2819,/app/Repos/pandas/pandas/io/pytables.py,2830,2836,True,e63f19859929c5225deb7d62a04e71bb
1094,/app/Repos/pandas/pandas/tests/io/test_parquet.py,266,274,/app/Repos/pandas/pandas/tests/io/test_parquet.py,274,292,True,d117cfc3896d1583837630bca087ddf7
1095,/app/Repos/pandas/pandas/tests/series/indexing/test_boolean.py,102,119,/app/Repos/pandas/pandas/tests/series/indexing/test_boolean.py,102,119,True,5dfaf5f81834b1c6c2cccd646c6c5a14
1096,/app/Repos/pandas/pandas/tests/series/indexing/test_boolean.py,455,470,/app/Repos/pandas/pandas/tests/series/indexing/test_boolean.py,582,625,True,d93ffde1e8f38f5c6b46b39f9ef2c16f
1097,/app/Repos/pandas/pandas/util/testing.py,1861,1867,/app/Repos/pandas/pandas/util/testing.py,1872,1878,True,c02d5af2904fcba8fa05e357e1d84163
1098,/app/Repos/pandas/pandas/core/indexes/category.py,673,684,/app/Repos/pandas/pandas/core/indexes/category.py,673,684,True,e9456255af5ff8fb2679e7825561d41e
1099,/app/Repos/pandas/pandas/core/indexes/base.py,2164,2182,/app/Repos/pandas/pandas/core/indexes/category.py,673,684,True,dedc1a57f38264131438f6a557118c43
1098,/app/Repos/pandas/pandas/core/indexes/category.py,673,684,/app/Repos/pandas/pandas/core/indexes/category.py,673,684,False,e9456255af5ff8fb2679e7825561d41e
1100,/app/Repos/pandas/pandas/util/testing.py,2000,2008,/app/Repos/pandas/pandas/util/testing.py,2008,2016,True,0b0f3b6d5f63dc98b95f15509687fb08
1101,/app/Repos/pandas/pandas/tests/series/indexing/test_datetime.py,676,691,/app/Repos/pandas/pandas/tests/series/indexing/test_datetime.py,676,691,True,dd0efad57a5aedaffa0296368f055246
1102,/app/Repos/pandas/pandas/core/indexes/base.py,1631,1667,/app/Repos/pandas/pandas/core/indexes/category.py,634,642,True,c5cee80fc0859ca4ae6517cb6a791ea7
1103,/app/Repos/pandas/pandas/tests/series/test_analytics.py,2200,2225,/app/Repos/pandas/pandas/tests/series/test_analytics.py,2200,2225,True,54050cca38fbc0f572021af1197934b7
1104,/app/Repos/pandas/pandas/util/testing.py,2224,2255,/app/Repos/pandas/pandas/util/testing.py,2255,2263,True,323ab673202e7d407d2cc05ea833f0f2
1105,/app/Repos/pandas/pandas/util/testing.py,2285,2312,/app/Repos/pandas/pandas/util/testing.py,2295,2308,True,3e2effbb97776580f64e9eb811583e09
1106,/app/Repos/pandas/pandas/util/testing.py,2377,2507,/app/Repos/pandas/pandas/util/testing.py,2470,2504,True,69d1f28e3b1201951948d4e54bb921c8
1107,/app/Repos/pandas/pandas/core/indexes/datetimelike.py,705,724,/app/Repos/pandas/pandas/tests/extension/decimal/array.py,101,106,True,3ab9102e9f274d7a851dfcf666ef7de3
1108,/app/Repos/pandas/pandas/core/indexes/base.py,1214,1238,/app/Repos/pandas/pandas/tests/extension/decimal/array.py,101,106,True,9899eaf31659231a3a3cfc1470054eb8
1109,/app/Repos/pandas/pandas/core/indexes/base.py,1272,1302,/app/Repos/pandas/pandas/core/indexes/multi.py,664,716,True,869d004387c42154ad27a7e701e5567b
1110,/app/Repos/pandas/pandas/core/indexes/category.py,365,378,/app/Repos/pandas/pandas/tests/extension/decimal/array.py,101,106,True,808be7a806d9f001a783202beac7380f
1111,/app/Repos/pandas/pandas/tests/io/test_parquet.py,266,274,/app/Repos/pandas/pandas/tests/io/test_parquet.py,304,313,True,edff74ab18bcbd0677c7e6f585d6849b
1112,/app/Repos/pandas/pandas/io/json/json.py,777,790,/app/Repos/pandas/pandas/io/json/json.py,790,808,True,c7db1c3c546b97e68fd73629119d7d8f
1113,/app/Repos/pandas/pandas/tests/reshape/merge/test_merge.py,171,184,/app/Repos/pandas/pandas/tests/reshape/merge/test_merge.py,184,197,True,55206c7c595f06d10d666bc78b199595
1114,/app/Repos/pandas/pandas/io/pytables.py,856,886,/app/Repos/pandas/pandas/io/pytables.py,936,983,True,eed044afe4312d45a260ab734e2cf318
1115,/app/Repos/pandas/pandas/util/testing.py,2790,2837,/app/Repos/pandas/pandas/util/testing.py,2816,2834,True,5f2f22cb695612581aad44949cc003d4
1116,/app/Repos/pandas/pandas/util/testing.py,2790,2837,/app/Repos/pandas/pandas/util/testing.py,2817,2833,True,93c9a970114ac7badc27c4c462444e35
1117,/app/Repos/pandas/pandas/util/testing.py,2816,2834,/app/Repos/pandas/pandas/util/testing.py,2817,2833,True,bfc7f2f098461002061cfc37aae9c9cd
1118,/app/Repos/pandas/pandas/io/pytables.py,2091,2098,/app/Repos/pandas/pandas/io/pytables.py,2117,2124,True,7886b36c0501ff70722265bf1ee1c7bc
1119,/app/Repos/pandas/pandas/tests/series/test_rank.py,270,309,/app/Repos/pandas/pandas/tests/series/test_rank.py,281,302,True,0976992c3b69f3b9872e6807e9e9c9f1
1120,/app/Repos/pandas/pandas/tests/series/test_missing.py,682,691,/app/Repos/pandas/pandas/tests/series/test_missing.py,682,691,True,0ec0197a63fc89abc623551fd47209ac
1121,/app/Repos/pandas/pandas/tests/io/test_parquet.py,434,440,/app/Repos/pandas/pandas/tests/io/test_parquet.py,494,502,True,c46aec365d118b7abc472bdc0fa845fb
1122,/app/Repos/pandas/pandas/tests/io/test_parquet.py,440,459,/app/Repos/pandas/pandas/tests/io/test_parquet.py,507,517,True,5701e648f2047e9f141cea4334fd765b
1123,/app/Repos/pandas/pandas/tests/series/indexing/test_boolean.py,570,582,/app/Repos/pandas/pandas/tests/series/indexing/test_boolean.py,570,582,True,d849f818b8916f68b0629b228c3f3284
1124,/app/Repos/pandas/pandas/tests/reshape/test_melt.py,118,142,/app/Repos/pandas/pandas/tests/reshape/test_melt.py,168,205,True,434d21ea48caf568cc7767aef87c7cbd
1125,/app/Repos/pandas/pandas/tests/reshape/test_melt.py,66,79,/app/Repos/pandas/pandas/tests/reshape/test_melt.py,168,205,True,e85f6587d458d8f7607ca4c3b3485499
1126,/app/Repos/pandas/pandas/core/indexes/base.py,500,524,/app/Repos/pandas/pandas/core/indexes/category.py,203,218,True,d0ade255b8e59da657b850fd4daba72d
1127,/app/Repos/pandas/pandas/tests/reshape/merge/test_merge.py,281,302,/app/Repos/pandas/pandas/tests/reshape/merge/test_merge.py,302,312,True,ab848c4adda418f9f91d8f6bcccc709c
834,/app/Repos/pandas/pandas/core/indexes/category.py,272,290,/app/Repos/pandas/pandas/core/indexes/category.py,272,290,False,d7f2def21c8124ad6ce9b87ae054d37a
1128,/app/Repos/pandas/pandas/core/indexes/base.py,2430,2450,/app/Repos/pandas/pandas/core/indexes/category.py,272,290,True,70584133738d964e56100a16d2e31128
834,/app/Repos/pandas/pandas/core/indexes/category.py,272,290,/app/Repos/pandas/pandas/core/indexes/category.py,272,290,False,d7f2def21c8124ad6ce9b87ae054d37a
1129,/app/Repos/pandas/pandas/tests/reshape/test_melt.py,142,168,/app/Repos/pandas/pandas/tests/reshape/test_melt.py,168,205,True,ee1c432308c8390a26db77f708ded035
1130,/app/Repos/pandas/pandas/tests/series/test_rank.py,407,425,/app/Repos/pandas/pandas/tests/series/test_rank.py,425,443,True,be54dd8c93c55e4cda165419ca6bda2a
1131,/app/Repos/pandas/pandas/tests/reshape/test_melt.py,409,426,/app/Repos/pandas/pandas/tests/reshape/test_melt.py,588,596,True,2177754001c014edda47a0f3e3976d28
1132,/app/Repos/pandas/pandas/tests/reshape/test_melt.py,453,477,/app/Repos/pandas/pandas/tests/reshape/test_melt.py,588,596,True,c0c7905bfc83fbc35dd366f660f25880
1133,/app/Repos/pandas/pandas/core/indexes/category.py,816,860,/app/Repos/pandas/pandas/core/indexes/category.py,823,851,True,f6f6763bb88535dafd1283338096de01
1134,/app/Repos/pandas/pandas/core/indexes/category.py,820,853,/app/Repos/pandas/pandas/core/indexes/category.py,823,851,True,2f95a695f3f727eba566e93367eced01
1135,/app/Repos/pandas/pandas/tests/reshape/merge/test_merge.py,339,383,/app/Repos/pandas/pandas/tests/reshape/merge/test_merge.py,356,362,True,a1b7ccf1d13cd09a3542827278fab425
1136,/app/Repos/pandas/pandas/tests/series/test_timezones.py,22,36,/app/Repos/pandas/pandas/tests/series/test_timezones.py,115,128,True,57881df8fc84d37d24f5777b802c7418
1137,/app/Repos/pandas/pandas/tests/reshape/merge/test_merge.py,339,383,/app/Repos/pandas/pandas/tests/reshape/merge/test_merge.py,362,368,True,bb4bd6299e00daa52ffe1a4b7fd5d88a
1138,/app/Repos/pandas/pandas/tests/reshape/merge/test_merge.py,356,362,/app/Repos/pandas/pandas/tests/reshape/merge/test_merge.py,362,368,True,451002743b784c704b268deb5d125f04
1139,/app/Repos/pandas/pandas/tests/series/indexing/test_alter_index.py,17,55,/app/Repos/pandas/pandas/tests/series/indexing/test_alter_index.py,55,83,True,45cf0fe3cee9c70645c5956da15fc1bb
1140,/app/Repos/pandas/pandas/tests/series/test_rank.py,407,425,/app/Repos/pandas/pandas/tests/series/test_rank.py,443,461,True,8cd9718d4c3f2a429f41df31e711cfaa
1141,/app/Repos/pandas/pandas/core/indexes/base.py,1135,1196,/app/Repos/pandas/pandas/core/indexes/multi.py,1156,1204,True,a69699b4545d6d47851922eafdbaa936
1142,/app/Repos/pandas/pandas/tests/series/test_datetime_values.py,28,226,/app/Repos/pandas/pandas/tests/series/test_datetime_values.py,43,52,True,a3070b579eefab011693f36aa1b7da9f
1143,/app/Repos/pandas/pandas/tests/series/test_datetime_values.py,28,226,/app/Repos/pandas/pandas/tests/series/test_datetime_values.py,52,61,True,995757fd594998f8c4a8a07e5ff14d5a
1144,/app/Repos/pandas/pandas/tests/extension/base/ops.py,29,38,/app/Repos/pandas/pandas/tests/extension/base/ops.py,29,38,True,e4981fa98618d3588323fc50414de31f
1145,/app/Repos/pandas/pandas/tests/extension/base/ops.py,83,90,/app/Repos/pandas/pandas/tests/extension/base/ops.py,83,90,True,d2f5a39e1c528a40032f05a1b691a4bd
1146,/app/Repos/pandas/pandas/tests/extension/base/ops.py,151,157,/app/Repos/pandas/pandas/tests/extension/base/ops.py,151,157,True,d4b525335ed9278703b5c301eda14e6e
1147,/app/Repos/pandas/pandas/tests/series/test_rank.py,425,443,/app/Repos/pandas/pandas/tests/series/test_rank.py,443,461,True,06df352517ca750a7f58f060455a097a
1148,/app/Repos/pandas/pandas/tests/series/test_quantile.py,18,49,/app/Repos/pandas/pandas/tests/series/test_quantile.py,71,83,True,12bbdbf438b42ed2ab8c9abd2905ca4d
1149,/app/Repos/pandas/pandas/tests/reshape/merge/test_merge.py,339,383,/app/Repos/pandas/pandas/tests/reshape/merge/test_merge.py,383,419,True,96bf6f66b440612a69e224fe010b2144
1150,/app/Repos/pandas/pandas/tests/series/test_rank.py,407,425,/app/Repos/pandas/pandas/tests/series/test_rank.py,461,480,True,abb4dd21422af2d75df200bb6e501bcf
1151,/app/Repos/pandas/pandas/tests/reshape/merge/test_merge.py,356,362,/app/Repos/pandas/pandas/tests/reshape/merge/test_merge.py,383,419,True,b638cb8bca5ce051fdc1c60309111922
1152,/app/Repos/pandas/pandas/tests/reshape/merge/test_merge.py,362,368,/app/Repos/pandas/pandas/tests/reshape/merge/test_merge.py,383,419,True,e6ac42aaf01f5d76fb6e39a8fa94b283
1153,/app/Repos/pandas/pandas/tests/reshape/merge/test_merge.py,339,383,/app/Repos/pandas/pandas/tests/reshape/merge/test_merge.py,400,406,True,3f4da1f87d2eaa67758f93ed77bda083
1154,/app/Repos/pandas/pandas/tests/reshape/merge/test_merge.py,356,362,/app/Repos/pandas/pandas/tests/reshape/merge/test_merge.py,400,406,True,373ded870401248db150d0acfcc1a14d
1155,/app/Repos/pandas/pandas/tests/reshape/merge/test_merge.py,383,419,/app/Repos/pandas/pandas/tests/reshape/merge/test_merge.py,400,406,True,56d138624c5a249267d3f05dc6ca9942
1156,/app/Repos/pandas/pandas/tests/extension/base/methods.py,13,27,/app/Repos/pandas/pandas/tests/extension/base/methods.py,13,27,True,f2c8e6b8b7bc04a9433a7394ce8c5fb0
1157,/app/Repos/pandas/pandas/tests/reshape/merge/test_merge.py,362,368,/app/Repos/pandas/pandas/tests/reshape/merge/test_merge.py,400,406,True,fc833534048aebb7e1e6cf90bf452dda
1156,/app/Repos/pandas/pandas/tests/extension/base/methods.py,13,27,/app/Repos/pandas/pandas/tests/extension/base/methods.py,13,27,False,f2c8e6b8b7bc04a9433a7394ce8c5fb0
1158,/app/Repos/pandas/pandas/tests/reshape/merge/test_merge.py,339,383,/app/Repos/pandas/pandas/tests/reshape/merge/test_merge.py,406,419,True,d241d995ed4a9cc837569d0ed8e0da88
1159,/app/Repos/pandas/pandas/tests/reshape/merge/test_merge.py,362,368,/app/Repos/pandas/pandas/tests/reshape/merge/test_merge.py,406,419,True,548f7c90ee8d7ea5ebf3fa5c4e511068
1160,/app/Repos/pandas/pandas/tests/reshape/merge/test_merge.py,383,419,/app/Repos/pandas/pandas/tests/reshape/merge/test_merge.py,406,419,True,5c5a6c895b560032c37ad15678ca2fc8
1161,/app/Repos/pandas/pandas/tests/reshape/merge/test_merge.py,356,362,/app/Repos/pandas/pandas/tests/reshape/merge/test_merge.py,406,419,True,42b0448b6660cefe8840ebd1b82cdff8
1162,/app/Repos/pandas/pandas/tests/series/test_analytics.py,1474,1493,/app/Repos/pandas/pandas/tests/series/test_apply.py,609,629,True,4cce09220afa17f24730b478af5cf851
1163,/app/Repos/pandas/pandas/tests/reshape/merge/test_merge.py,400,406,/app/Repos/pandas/pandas/tests/reshape/merge/test_merge.py,406,419,True,b42508ae19daa224707dcde7c06006e8
1164,/app/Repos/pandas/pandas/core/indexes/base.py,264,481,/app/Repos/pandas/pandas/core/indexes/category.py,100,136,True,9d56b56a2118dd8a25a1433f40009850
1165,/app/Repos/pandas/pandas/tests/series/test_datetime_values.py,512,521,/app/Repos/pandas/pandas/tests/series/test_datetime_values.py,521,529,True,fe22b830254b601f7ea2c76025a0c56f
1166,/app/Repos/pandas/pandas/tests/series/test_rank.py,425,443,/app/Repos/pandas/pandas/tests/series/test_rank.py,461,480,True,3b8d0b73d73ed052a7e21ccf398504f5
1167,/app/Repos/pandas/pandas/util/testing.py,113,142,/app/Repos/pandas/pandas/util/testing.py,142,170,True,1d56304b764023535b183514f698ae7b
1168,/app/Repos/pandas/pandas/tests/io/json/test_pandas.py,144,326,/app/Repos/pandas/pandas/tests/io/json/test_pandas.py,144,326,True,5f48f6542ab7cd13f145e6456ddb40bf
1169,/app/Repos/pandas/pandas/util/testing.py,336,346,/app/Repos/pandas/pandas/util/testing.py,346,356,True,65dbc51126dbcfb853e44c03a9c4598f
1170,/app/Repos/pandas/pandas/io/pytables.py,3243,3266,/app/Repos/pandas/pandas/io/pytables.py,4330,4342,True,cc0f64136f7a81300b6695d43a334aef
1171,/app/Repos/pandas/pandas/tests/reshape/merge/test_merge.py,509,530,/app/Repos/pandas/pandas/tests/reshape/merge/test_merge.py,530,548,True,7f37c2bd355e80cba608533749925262
1172,/app/Repos/pandas/pandas/util/testing.py,601,648,/app/Repos/pandas/pandas/util/testing.py,648,698,True,7ad8187ea72303d647d96943a50755ab
1173,/app/Repos/pandas/pandas/tests/reshape/merge/test_join.py,555,567,/app/Repos/pandas/pandas/tests/reshape/merge/test_merge.py,628,640,True,b6f7b45b4320c90e1982a2ee89b1c6e8
1174,/app/Repos/pandas/pandas/tests/series/test_rank.py,443,461,/app/Repos/pandas/pandas/tests/series/test_rank.py,461,480,True,89b0bb0bf5edd30f6826a250d7f9ac2a
1175,/app/Repos/pandas/pandas/util/testing.py,785,900,/app/Repos/pandas/pandas/util/testing.py,814,828,True,149d62a745038d5d7b562caa69553976
1176,/app/Repos/pandas/pandas/util/testing.py,785,900,/app/Repos/pandas/pandas/util/testing.py,828,837,True,3a965f72402bf32d86c72927d79fab9d
1177,/app/Repos/pandas/pandas/core/indexes/base.py,844,867,/app/Repos/pandas/pandas/core/indexes/category.py,489,498,True,07535f34a34e198b38687a64f18b1326
1178,/app/Repos/pandas/pandas/tests/reshape/merge/test_merge.py,570,604,/app/Repos/pandas/pandas/tests/reshape/merge/test_merge.py,640,672,True,31ec98b949bd8b72c2242594cee56e88
1179,/app/Repos/pandas/pandas/tests/series/test_timezones.py,140,182,/app/Repos/pandas/pandas/tests/series/test_timezones.py,203,222,True,5df23dba70c7152e38767c544aee342c
1180,/app/Repos/pandas/pandas/tests/reshape/merge/test_merge.py,470,482,/app/Repos/pandas/pandas/tests/reshape/merge/test_merge_ordered.py,55,67,True,74a7eae6ff32e5c0f1265ab3e221725f
1181,/app/Repos/pandas/pandas/tests/series/test_rank.py,407,425,/app/Repos/pandas/pandas/tests/series/test_rank.py,480,496,True,6048c8dd8d0dcab977f664a1b7acd4ff
1182,/app/Repos/pandas/pandas/tests/series/test_rank.py,425,443,/app/Repos/pandas/pandas/tests/series/test_rank.py,480,496,True,b9a645dcb2c9a303a7b6632f0acef7d6
1183,/app/Repos/pandas/pandas/tests/series/indexing/test_alter_index.py,318,333,/app/Repos/pandas/pandas/tests/series/indexing/test_alter_index.py,333,349,True,e04e458918fd921f8e83ac1197086150
1184,/app/Repos/pandas/pandas/tests/series/test_rank.py,443,461,/app/Repos/pandas/pandas/tests/series/test_rank.py,480,496,True,2d541a83d89007284e2236cd82d3523c
1185,/app/Repos/pandas/pandas/tests/series/test_rank.py,461,480,/app/Repos/pandas/pandas/tests/series/test_rank.py,480,496,True,377c40eb1900a107adb9f74065e47282
1186,/app/Repos/pandas/pandas/tests/reshape/merge/test_join.py,392,432,/app/Repos/pandas/pandas/tests/reshape/merge/test_merge.py,925,944,True,9e61a00f83b41de60171c1d3fef6f076
1187,/app/Repos/pandas/pandas/io/pytables.py,737,753,/app/Repos/pandas/pandas/io/pytables.py,886,936,True,a352467ff1610269ffdb6d8d4b318af1
1188,/app/Repos/pandas/pandas/io/pytables.py,691,737,/app/Repos/pandas/pandas/io/pytables.py,1160,1170,True,a649d5cbb7e0a1e5547c153645013bb7
1189,/app/Repos/pandas/pandas/tests/series/indexing/test_indexing.py,76,88,/app/Repos/pandas/pandas/tests/series/indexing/test_indexing.py,76,88,True,6618ba158e4183e92ac530cf39cf2db8
1190,/app/Repos/pandas/pandas/tests/reshape/merge/test_merge.py,962,1022,/app/Repos/pandas/pandas/tests/reshape/merge/test_merge.py,965,971,True,e17108257ca6cf827a363978b1aa7575
1191,/app/Repos/pandas/pandas/tests/io/msgpack/test_newspec.py,6,23,/app/Repos/pandas/pandas/tests/io/msgpack/test_newspec.py,23,40,True,151d2731f161a25ff452df89b843ac5f
1192,/app/Repos/pandas/pandas/io/pytables.py,1160,1170,/app/Repos/pandas/pandas/io/pytables.py,1358,1413,True,13f562a4a4fdfdf9ed98a78503623f22
1193,/app/Repos/pandas/pandas/tests/reshape/merge/test_merge.py,962,1022,/app/Repos/pandas/pandas/tests/reshape/merge/test_merge.py,971,995,True,276567acf2fff36191a41cc5c88d4e6f
1194,/app/Repos/pandas/pandas/tests/reshape/test_concat.py,317,337,/app/Repos/pandas/pandas/tests/reshape/test_concat.py,355,400,True,fae07ca8e8eefd595914d7fbc0c40f4d
1195,/app/Repos/pandas/pandas/tests/io/msgpack/test_newspec.py,23,40,/app/Repos/pandas/pandas/tests/io/msgpack/test_newspec.py,40,59,True,2818af3065edb99ffa7c2b6746ad3045
1196,/app/Repos/pandas/pandas/io/pytables.py,2836,2843,/app/Repos/pandas/pandas/io/pytables.py,2870,2880,True,acde808302a7291e47fdb07a8cb65e95
1197,/app/Repos/pandas/pandas/tests/io/msgpack/test_newspec.py,6,23,/app/Repos/pandas/pandas/tests/io/msgpack/test_newspec.py,40,59,True,38245a04e005af12334f667b7d0a1dda
1198,/app/Repos/pandas/pandas/io/pytables.py,3666,3726,/app/Repos/pandas/pandas/io/pytables.py,3687,3722,True,365a93554eca55ebec6d592463074207
1199,/app/Repos/pandas/pandas/tests/io/msgpack/test_newspec.py,23,40,/app/Repos/pandas/pandas/tests/io/msgpack/test_newspec.py,59,70,True,4eee1d33270af5dedf6aeee06b6bfc58
1200,/app/Repos/pandas/pandas/tests/io/msgpack/test_newspec.py,40,59,/app/Repos/pandas/pandas/tests/io/msgpack/test_newspec.py,59,70,True,bdd0dc0c2a52a7b9853582f17321ca47
1201,/app/Repos/pandas/pandas/io/pytables.py,2426,2438,/app/Repos/pandas/pandas/io/pytables.py,4129,4190,True,2551e77749c234914ffddc2a44b786ac
1202,/app/Repos/pandas/pandas/tests/io/msgpack/test_newspec.py,6,23,/app/Repos/pandas/pandas/tests/io/msgpack/test_newspec.py,59,70,True,1c5724e0df48ac5c9210aa96c9de1ee5
1203,/app/Repos/pandas/pandas/io/formats/console.py,107,126,/app/Repos/pandas/pandas/io/formats/console.py,126,145,True,2de2084d02d35dc4105d762f373517d8
1204,/app/Repos/pandas/pandas/tests/frame/test_axis_select_reindex.py,726,759,/app/Repos/pandas/pandas/tests/frame/test_axis_select_reindex.py,726,759,True,6cd29a1c820a230492f64f3fdc8bb3d0
1205,/app/Repos/pandas/pandas/tests/reshape/test_union_categoricals.py,68,104,/app/Repos/pandas/pandas/tests/reshape/test_union_categoricals.py,104,116,True,7d115d34c6595fbe2c4df169a4e85ae7
1206,/app/Repos/pandas/pandas/tests/series/indexing/test_boolean.py,137,147,/app/Repos/pandas/pandas/tests/series/indexing/test_boolean.py,147,157,True,490c340e0f03b1dfb87a4b755ac128a6
1207,/app/Repos/pandas/pandas/core/indexes/base.py,1214,1238,/app/Repos/pandas/pandas/tests/extension/test_common.py,27,37,True,28ac150d8ed2193d783c3283894a3701
1208,/app/Repos/pandas/pandas/core/indexes/category.py,365,378,/app/Repos/pandas/pandas/tests/extension/test_common.py,27,37,True,5fe6c2af2b4b5eb455669a62af9b5e53
1209,/app/Repos/pandas/pandas/tests/series/indexing/test_boolean.py,518,540,/app/Repos/pandas/pandas/tests/series/indexing/test_boolean.py,540,570,True,aa58435b3b43e084fe7f23272787afe8
1210,/app/Repos/pandas/pandas/io/formats/csvs.py,277,295,/app/Repos/pandas/pandas/io/formats/csvs.py,277,295,True,cb8c610e03d66dff1f9df7ead4fea693
1211,/app/Repos/pandas/pandas/tests/extension/base/reduce.py,16,22,/app/Repos/pandas/pandas/tests/extension/base/reduce.py,16,22,True,76fec991aab78db27fbb2ed39b7c6ce0
1212,/app/Repos/pandas/pandas/tests/frame/test_axis_select_reindex.py,1151,1159,/app/Repos/pandas/pandas/tests/frame/test_axis_select_reindex.py,1151,1159,True,d918d4488280a58b9cda789fe325472d
1213,/app/Repos/pandas/pandas/core/indexes/category.py,816,860,/app/Repos/pandas/pandas/core/indexes/category.py,820,853,True,c0e6347bc7daa12bbd9f60f1c737a0e5
1214,/app/Repos/pandas/pandas/tests/frame/test_axis_select_reindex.py,1159,1165,/app/Repos/pandas/pandas/tests/frame/test_axis_select_reindex.py,1159,1165,True,1afa1cbc8e639ce30ba30646648ef299
1215,/app/Repos/pandas/pandas/tests/reshape/test_union_categoricals.py,141,167,/app/Repos/pandas/pandas/tests/reshape/test_union_categoricals.py,167,221,True,707481d24b94c0b7f26c4d5f3dc14724
1216,/app/Repos/pandas/pandas/tests/series/indexing/test_indexing.py,244,250,/app/Repos/pandas/pandas/tests/series/indexing/test_indexing.py,244,250,True,2e91e9504aeb863491ca2cb0e8f917cd
1217,/app/Repos/pandas/pandas/tests/extension/decimal/test_decimal.py,75,96,/app/Repos/pandas/pandas/tests/extension/json/test_json.py,89,109,True,c251aea57a118d25c7f5da8509f3cc83
1216,/app/Repos/pandas/pandas/tests/series/indexing/test_indexing.py,244,250,/app/Repos/pandas/pandas/tests/series/indexing/test_indexing.py,244,250,False,2e91e9504aeb863491ca2cb0e8f917cd
1218,/app/Repos/pandas/pandas/tests/reshape/test_union_categoricals.py,132,141,/app/Repos/pandas/pandas/tests/reshape/test_union_categoricals.py,221,277,True,b72375c0ebbf6619586e6ae8b7d5f4f2
1219,/app/Repos/pandas/pandas/tests/reshape/test_concat.py,440,478,/app/Repos/pandas/pandas/tests/reshape/test_concat.py,440,478,True,b05d1b5e421611106334972c5dfefbb7
1220,/app/Repos/pandas/pandas/tests/reshape/merge/test_join.py,25,47,/app/Repos/pandas/pandas/tests/reshape/merge/test_merge.py,43,63,True,f48e63d565bb78fee322821c468fd347
1221,/app/Repos/pandas/pandas/tests/reshape/test_union_categoricals.py,221,277,/app/Repos/pandas/pandas/tests/reshape/test_union_categoricals.py,277,328,True,bb2875c05584f79d970d8fac9d0af9f3
1222,/app/Repos/pandas/pandas/tests/reshape/test_union_categoricals.py,132,141,/app/Repos/pandas/pandas/tests/reshape/test_union_categoricals.py,277,328,True,fecb25b1222174d15234668144d846d8
1223,/app/Repos/pandas/pandas/tests/reshape/test_concat.py,505,514,/app/Repos/pandas/pandas/tests/reshape/test_concat.py,505,514,True,194c23f810ded7e314bcb12b6a6b8e5e
1224,/app/Repos/pandas/pandas/tests/dtypes/test_dtypes.py,718,725,/app/Repos/pandas/pandas/tests/dtypes/test_dtypes.py,718,725,True,97bac20a9f9a136ba879610b10fa89f5
1224,/app/Repos/pandas/pandas/tests/dtypes/test_dtypes.py,718,725,/app/Repos/pandas/pandas/tests/dtypes/test_dtypes.py,718,725,False,97bac20a9f9a136ba879610b10fa89f5
1223,/app/Repos/pandas/pandas/tests/reshape/test_concat.py,505,514,/app/Repos/pandas/pandas/tests/reshape/test_concat.py,505,514,False,194c23f810ded7e314bcb12b6a6b8e5e
1225,/app/Repos/pandas/pandas/tests/dtypes/test_dtypes.py,725,732,/app/Repos/pandas/pandas/tests/dtypes/test_dtypes.py,725,732,True,f8409254d965cdbc1a3733e560d16600
1226,/app/Repos/pandas/pandas/tests/reshape/test_union_categoricals.py,221,277,/app/Repos/pandas/pandas/tests/reshape/test_union_categoricals.py,328,346,True,f07c134ee9b8197c6045b9b48e14736c
1227,/app/Repos/pandas/pandas/tests/dtypes/test_dtypes.py,732,739,/app/Repos/pandas/pandas/tests/dtypes/test_dtypes.py,732,739,True,65fba93add1f148b1b8fd545b407f227
1228,/app/Repos/pandas/pandas/tests/reshape/test_concat.py,514,578,/app/Repos/pandas/pandas/tests/reshape/test_concat.py,514,578,True,20cafef3e54e1090e2d4a1334fdcfadc
1229,/app/Repos/pandas/pandas/tests/reshape/test_concat.py,578,620,/app/Repos/pandas/pandas/tests/reshape/test_concat.py,578,620,True,60349c89ce3c6f21671918564fe2768e
1230,/app/Repos/pandas/pandas/tests/frame/test_quantile.py,220,226,/app/Repos/pandas/pandas/tests/frame/test_quantile.py,220,226,True,c3e68469ff0561f1de17ad2585911f23
1231,/app/Repos/pandas/pandas/tests/frame/test_quantile.py,226,299,/app/Repos/pandas/pandas/tests/frame/test_quantile.py,226,299,True,8e03e83a4998f9c318f9a6040acdbb64
1232,/app/Repos/pandas/pandas/tests/frame/test_indexing.py,72,77,/app/Repos/pandas/pandas/tests/frame/test_indexing.py,72,77,True,0873b20d54e151c01bb781477fe600d4
1233,/app/Repos/pandas/pandas/tests/frame/test_rank.py,210,236,/app/Repos/pandas/pandas/tests/frame/test_rank.py,210,236,True,594f22957f48cee471441a529c25ed8e
1234,/app/Repos/pandas/pandas/tests/io/test_feather.py,41,47,/app/Repos/pandas/pandas/tests/io/test_feather.py,41,47,True,b193d917fa3297e1c990e2b859924013
1235,/app/Repos/pandas/pandas/tests/io/test_feather.py,47,68,/app/Repos/pandas/pandas/tests/io/test_feather.py,47,68,True,7b7bbdd490ab53841266debd34d257eb
1236,/app/Repos/pandas/pandas/tests/frame/test_replace.py,606,620,/app/Repos/pandas/pandas/tests/frame/test_replace.py,606,620,True,c4744c1fe578d6dfbfe640ffba6f8261
1237,/app/Repos/pandas/pandas/tests/io/test_feather.py,68,75,/app/Repos/pandas/pandas/tests/io/test_feather.py,68,75,True,02e147cac2b6708d0e96693e4fd4588c
1237,/app/Repos/pandas/pandas/tests/io/test_feather.py,68,75,/app/Repos/pandas/pandas/tests/io/test_feather.py,68,75,False,02e147cac2b6708d0e96693e4fd4588c
1238,/app/Repos/pandas/pandas/tests/io/test_feather.py,88,99,/app/Repos/pandas/pandas/tests/io/test_feather.py,88,99,True,d2df94e317c857995b876b0c94b027b9
1238,/app/Repos/pandas/pandas/tests/io/test_feather.py,88,99,/app/Repos/pandas/pandas/tests/io/test_feather.py,88,99,False,d2df94e317c857995b876b0c94b027b9
1239,/app/Repos/pandas/pandas/tests/io/test_feather.py,112,139,/app/Repos/pandas/pandas/tests/io/test_feather.py,112,139,True,16d507f22f4dd9eac8dc4d4d76f9dadb
1240,/app/Repos/pandas/pandas/tests/frame/test_analytics.py,341,349,/app/Repos/pandas/pandas/tests/frame/test_analytics.py,341,349,True,99e8b56424b8c23a4a3d722923a09caa
1241,/app/Repos/pandas/pandas/tests/series/test_dtypes.py,444,465,/app/Repos/pandas/pandas/tests/series/test_dtypes.py,444,465,True,4b32cd5a1a5a2df1180d83d23ea95e33
1242,/app/Repos/pandas/pandas/tests/frame/test_indexing.py,866,891,/app/Repos/pandas/pandas/tests/frame/test_indexing.py,866,891,True,bef41da8da9c6484981027097047602c
1243,/app/Repos/pandas/pandas/tests/frame/test_analytics.py,636,658,/app/Repos/pandas/pandas/tests/frame/test_analytics.py,636,658,True,92cf257af6081ce0e1507d67143952b6
1244,/app/Repos/pandas/pandas/tests/frame/test_duplicates.py,46,58,/app/Repos/pandas/pandas/tests/frame/test_duplicates.py,46,58,True,adf0d023f4c29d2ff42494a6cf936f5a
1244,/app/Repos/pandas/pandas/tests/frame/test_duplicates.py,46,58,/app/Repos/pandas/pandas/tests/frame/test_duplicates.py,46,58,False,adf0d023f4c29d2ff42494a6cf936f5a
1245,/app/Repos/pandas/pandas/tests/frame/test_duplicates.py,58,72,/app/Repos/pandas/pandas/tests/frame/test_duplicates.py,58,72,True,ef7e315a52218bc5f732e6d471bb7557
1246,/app/Repos/pandas/pandas/io/formats/excel.py,383,393,/app/Repos/pandas/pandas/tests/io/formats/test_to_excel.py,184,204,True,c1c8fca32dc788893143c21cf419a733
1247,/app/Repos/pandas/pandas/tests/frame/test_constructors.py,1144,1149,/app/Repos/pandas/pandas/tests/frame/test_constructors.py,1144,1149,True,a484f99728a4d0695183f187b52973b1
1248,/app/Repos/pandas/pandas/tests/frame/test_analytics.py,1075,1089,/app/Repos/pandas/pandas/tests/frame/test_analytics.py,1075,1089,True,18507d5ab081889671a2789826f6e714
1249,/app/Repos/pandas/pandas/tests/frame/test_constructors.py,1884,1893,/app/Repos/pandas/pandas/tests/frame/test_constructors.py,1884,1893,True,fa859579a6869fddc2637cf7fe902a60
1250,/app/Repos/pandas/pandas/tests/frame/test_timezones.py,69,80,/app/Repos/pandas/pandas/tests/frame/test_timezones.py,69,80,True,cea22b116e951b1fab7a859d61960989
1251,/app/Repos/pandas/pandas/tests/frame/test_timezones.py,80,106,/app/Repos/pandas/pandas/tests/frame/test_timezones.py,80,106,True,158549e347a3d040b8b3cff0fa284a1d
1249,/app/Repos/pandas/pandas/tests/frame/test_constructors.py,1884,1893,/app/Repos/pandas/pandas/tests/frame/test_constructors.py,1884,1893,False,fa859579a6869fddc2637cf7fe902a60
883,/app/Repos/pandas/pandas/tests/frame/test_period.py,135,146,/app/Repos/pandas/pandas/tests/frame/test_period.py,135,146,False,fa498fa39a97502eb30d717f6c077ad6
1252,/app/Repos/pandas/pandas/tests/arrays/categorical/test_analytics.py,15,59,/app/Repos/pandas/pandas/tests/arrays/categorical/test_analytics.py,15,59,True,4275e309173ca87f6087b48e84734e9a
1252,/app/Repos/pandas/pandas/tests/arrays/categorical/test_analytics.py,15,59,/app/Repos/pandas/pandas/tests/arrays/categorical/test_analytics.py,15,59,False,4275e309173ca87f6087b48e84734e9a
1253,/app/Repos/pandas/pandas/tests/frame/test_indexing.py,2139,2150,/app/Repos/pandas/pandas/tests/frame/test_indexing.py,2139,2150,True,fdbd668357e9aeeacebe4e410a7125ed
1254,/app/Repos/pandas/pandas/tests/frame/test_operators.py,316,327,/app/Repos/pandas/pandas/tests/frame/test_operators.py,316,327,True,d870db06c29dc881a6c4dce023173a70
1255,/app/Repos/pandas/pandas/tests/frame/test_indexing.py,2706,2723,/app/Repos/pandas/pandas/tests/frame/test_indexing.py,2706,2723,True,285be76b95714fff8f2b358aba2f5aaa
1256,/app/Repos/pandas/pandas/tests/frame/test_indexing.py,2723,2739,/app/Repos/pandas/pandas/tests/frame/test_indexing.py,2723,2739,True,22bcafcf9ce8d13ba6d653a5e1278be2
1257,/app/Repos/pandas/pandas/tests/frame/test_indexing.py,2771,2793,/app/Repos/pandas/pandas/tests/frame/test_indexing.py,2771,2793,True,17aea9d0858d1fcddfce663c18bcb487
1258,/app/Repos/pandas/pandas/tests/frame/test_validate.py,15,34,/app/Repos/pandas/pandas/tests/frame/test_validate.py,15,34,True,314295c66911688f84a8ceb681628ead
1259,/app/Repos/pandas/pandas/tests/arrays/categorical/test_algos.py,65,74,/app/Repos/pandas/pandas/tests/arrays/categorical/test_algos.py,65,74,True,98391368c7b020f349b03b4e4ba31a24
1260,/app/Repos/pandas/pandas/tests/frame/test_analytics.py,1752,1763,/app/Repos/pandas/pandas/tests/frame/test_analytics.py,1752,1763,True,207229a1aba84dc70ac73c0179c610a1
1261,/app/Repos/pandas/pandas/tests/arrays/categorical/test_constructors.py,409,421,/app/Repos/pandas/pandas/tests/arrays/categorical/test_constructors.py,409,421,True,0e735cbe64437e1bbf815c1472c09fec
1262,/app/Repos/pandas/pandas/tests/frame/test_sorting.py,496,505,/app/Repos/pandas/pandas/tests/frame/test_sorting.py,496,505,True,7f89ff035cbba73fb63e55704ee37fc9
1263,/app/Repos/pandas/pandas/tests/frame/test_analytics.py,1910,1931,/app/Repos/pandas/pandas/tests/frame/test_analytics.py,1910,1931,True,4a78e4dcc83eedd4a7ac21cda1f05b93
1261,/app/Repos/pandas/pandas/tests/arrays/categorical/test_constructors.py,409,421,/app/Repos/pandas/pandas/tests/arrays/categorical/test_constructors.py,409,421,False,0e735cbe64437e1bbf815c1472c09fec
1261,/app/Repos/pandas/pandas/tests/arrays/categorical/test_constructors.py,409,421,/app/Repos/pandas/pandas/tests/arrays/categorical/test_constructors.py,409,421,False,0e735cbe64437e1bbf815c1472c09fec
1264,/app/Repos/pandas/pandas/tests/arrays/categorical/test_constructors.py,462,478,/app/Repos/pandas/pandas/tests/arrays/categorical/test_constructors.py,462,478,True,17be40b430f4d58fc6b074c858f4120a
1264,/app/Repos/pandas/pandas/tests/arrays/categorical/test_constructors.py,462,478,/app/Repos/pandas/pandas/tests/arrays/categorical/test_constructors.py,462,478,False,17be40b430f4d58fc6b074c858f4120a
1265,/app/Repos/pandas/pandas/io/formats/excel.py,383,393,/app/Repos/pandas/pandas/tests/io/test_excel.py,1967,2021,True,58ac159464781a47412e8f2e6ab40b1c
1266,/app/Repos/pandas/pandas/io/formats/excel.py,383,393,/app/Repos/pandas/pandas/tests/io/test_excel.py,2113,2132,True,7666f13b22cd9d5a3f7da55d8e7a3870
897,/app/Repos/pandas/pandas/tests/groupby/conftest.py,7,18,/app/Repos/pandas/pandas/tests/groupby/conftest.py,7,18,False,5d731eb6cb29a46ab84e09d2253667ac
905,/app/Repos/pandas/pandas/tests/groupby/test_whitelist.py,106,117,/app/Repos/pandas/pandas/tests/groupby/test_whitelist.py,106,117,False,f01d871fb47a34dac451ec6c84f709b5
897,/app/Repos/pandas/pandas/tests/groupby/conftest.py,7,18,/app/Repos/pandas/pandas/tests/groupby/conftest.py,7,18,False,5d731eb6cb29a46ab84e09d2253667ac
1267,/app/Repos/pandas/pandas/tests/groupby/conftest.py,18,27,/app/Repos/pandas/pandas/tests/groupby/conftest.py,18,27,True,885bad5873c8f2b73d825ac5e5de33fa
905,/app/Repos/pandas/pandas/tests/groupby/test_whitelist.py,106,117,/app/Repos/pandas/pandas/tests/groupby/test_whitelist.py,106,117,False,f01d871fb47a34dac451ec6c84f709b5
1268,/app/Repos/pandas/pandas/tests/groupby/test_whitelist.py,117,126,/app/Repos/pandas/pandas/tests/groupby/test_whitelist.py,117,126,True,9dc5c64b63c10cea0f7da9a026ea89b9
1269,/app/Repos/pandas/pandas/tests/generic/test_frame.py,176,222,/app/Repos/pandas/pandas/tests/generic/test_frame.py,176,222,True,f223d7307517ceca4df8155ea294afc8
1270,/app/Repos/pandas/pandas/tests/groupby/conftest.py,52,63,/app/Repos/pandas/pandas/tests/groupby/conftest.py,52,63,True,6efabb27aa694b48b6bd2d01f78f569a
1271,/app/Repos/pandas/pandas/tests/frame/test_dtypes.py,115,159,/app/Repos/pandas/pandas/tests/frame/test_dtypes.py,115,159,True,4e57b5aed14cf8efcc05c30ded3fa06e
1272,/app/Repos/pandas/pandas/tests/generic/test_frame.py,222,264,/app/Repos/pandas/pandas/tests/generic/test_frame.py,222,264,True,1754449d913181b993b5b67d9d56e9a8
1273,/app/Repos/pandas/pandas/tests/frame/test_dtypes.py,169,188,/app/Repos/pandas/pandas/tests/frame/test_dtypes.py,169,188,True,367c661baf5d8a3829113c9c9400fa29
1274,/app/Repos/pandas/pandas/tests/frame/test_dtypes.py,188,223,/app/Repos/pandas/pandas/tests/frame/test_dtypes.py,188,223,True,92736d1c54cbcae3bab4072afc411e2b
1275,/app/Repos/pandas/pandas/tests/frame/test_dtypes.py,223,250,/app/Repos/pandas/pandas/tests/frame/test_dtypes.py,223,250,True,47a3645733d15bcdbfbe1a95f56fc79b
1276,/app/Repos/pandas/pandas/tests/frame/test_dtypes.py,250,270,/app/Repos/pandas/pandas/tests/frame/test_dtypes.py,250,270,True,11d3b3511dd9361442c8f9091e21b288
1277,/app/Repos/pandas/pandas/tests/frame/test_dtypes.py,270,296,/app/Repos/pandas/pandas/tests/frame/test_dtypes.py,270,296,True,3c35727c9432c14ba654b8a9ccbc9272
1278,/app/Repos/pandas/pandas/tests/frame/test_dtypes.py,296,313,/app/Repos/pandas/pandas/tests/frame/test_dtypes.py,296,313,True,92629fd8b3cfc1d4a75f59c7872598d1
1279,/app/Repos/pandas/pandas/tests/frame/test_dtypes.py,313,330,/app/Repos/pandas/pandas/tests/frame/test_dtypes.py,313,330,True,6eda75e2ae5d21ae20ef462c61376f53
1280,/app/Repos/pandas/pandas/tests/series/test_period.py,114,120,/app/Repos/pandas/pandas/tests/test_resample.py,2363,2372,True,9290bd333db97fd2413c6d1e16c1ed20
1281,/app/Repos/pandas/pandas/tests/arrays/categorical/test_missing.py,52,59,/app/Repos/pandas/pandas/tests/arrays/categorical/test_missing.py,52,59,True,fe0e5fe168230e56074f6e562123e722
1282,/app/Repos/pandas/pandas/tests/indexes/multi/test_duplicates.py,214,224,/app/Repos/pandas/pandas/tests/indexes/multi/test_duplicates.py,214,224,True,440ee7681500fe6cd549da74f5ee463d
1283,/app/Repos/pandas/pandas/tests/arrays/test_integer.py,346,353,/app/Repos/pandas/pandas/tests/arrays/test_integer.py,346,353,True,092e7ee1ffdc4250f18185d82b167d10
1284,/app/Repos/pandas/pandas/tests/arrays/test_integer.py,356,372,/app/Repos/pandas/pandas/tests/arrays/test_integer.py,356,372,True,3a43f474a1edf2d8adc86c5fad80cff0
1284,/app/Repos/pandas/pandas/tests/arrays/test_integer.py,356,372,/app/Repos/pandas/pandas/tests/arrays/test_integer.py,356,372,False,3a43f474a1edf2d8adc86c5fad80cff0
1285,/app/Repos/pandas/pandas/tests/frame/test_subclass.py,496,520,/app/Repos/pandas/pandas/tests/frame/test_subclass.py,496,520,True,ad2cb207fa97a99792292aed480a311b
1286,/app/Repos/pandas/pandas/tests/frame/test_to_csv.py,946,987,/app/Repos/pandas/pandas/tests/frame/test_to_csv.py,946,987,True,496bd13ca33ca3120e877f8959d9c257
1282,/app/Repos/pandas/pandas/tests/indexes/multi/test_duplicates.py,214,224,/app/Repos/pandas/pandas/tests/indexes/multi/test_duplicates.py,214,224,False,440ee7681500fe6cd549da74f5ee463d
1285,/app/Repos/pandas/pandas/tests/frame/test_subclass.py,496,520,/app/Repos/pandas/pandas/tests/frame/test_subclass.py,496,520,False,ad2cb207fa97a99792292aed480a311b
1287,/app/Repos/pandas/pandas/tests/arrays/test_integer.py,439,452,/app/Repos/pandas/pandas/tests/arrays/test_integer.py,439,452,True,1314a79edbba643d97e9b7fe0889a05d
1287,/app/Repos/pandas/pandas/tests/arrays/test_integer.py,439,452,/app/Repos/pandas/pandas/tests/arrays/test_integer.py,439,452,False,1314a79edbba643d97e9b7fe0889a05d
1285,/app/Repos/pandas/pandas/tests/frame/test_subclass.py,496,520,/app/Repos/pandas/pandas/tests/frame/test_subclass.py,496,520,False,ad2cb207fa97a99792292aed480a311b
1288,/app/Repos/pandas/pandas/tests/series/indexing/test_alter_index.py,400,451,/app/Repos/pandas/pandas/tests/sparse/test_indexing.py,405,411,True,9e6c489267129902063ba83378cf27bd
1289,/app/Repos/pandas/pandas/tests/series/indexing/test_alter_index.py,288,314,/app/Repos/pandas/pandas/tests/sparse/test_indexing.py,411,427,True,c29cc5b0070a0d47feed239f708b8968
1290,/app/Repos/pandas/pandas/tests/indexes/datetimes/test_timezones.py,456,464,/app/Repos/pandas/pandas/tests/indexes/datetimes/test_timezones.py,456,464,True,c07c96ecaeacb6b665056f4c50b253e4
1291,/app/Repos/pandas/pandas/tests/indexes/datetimes/test_timezones.py,582,604,/app/Repos/pandas/pandas/tests/indexes/datetimes/test_timezones.py,582,604,True,188a27144b7bdee87f169d89ebb92cbe
1292,/app/Repos/pandas/pandas/tests/indexes/datetimes/test_timezones.py,604,621,/app/Repos/pandas/pandas/tests/indexes/datetimes/test_timezones.py,604,621,True,e30bc244f0158d7552c2bf3877acf3ed
1293,/app/Repos/pandas/pandas/tests/indexes/period/test_indexing.py,620,628,/app/Repos/pandas/pandas/tests/indexes/period/test_indexing.py,620,628,True,dc6a33735231e67fbf3dff5122795687
1294,/app/Repos/pandas/pandas/tests/frame/test_dtypes.py,337,350,/app/Repos/pandas/pandas/tests/frame/test_dtypes.py,337,350,True,ac96d9bb79a8ae2267bb9a6427029e72
1295,/app/Repos/pandas/pandas/tests/frame/test_dtypes.py,379,391,/app/Repos/pandas/pandas/tests/frame/test_dtypes.py,379,391,True,7a4deab9c1854a0d383fa348e36b83a6
1296,/app/Repos/pandas/pandas/tests/arrays/categorical/test_operators.py,238,245,/app/Repos/pandas/pandas/tests/arrays/categorical/test_operators.py,238,245,True,c2071cb21a00ca206cc8da3bf434bff3
1297,/app/Repos/pandas/pandas/tests/indexes/test_base.py,1742,1751,/app/Repos/pandas/pandas/tests/indexes/test_base.py,1742,1751,True,540b66c1cda5f146a196e4181a8360af
1296,/app/Repos/pandas/pandas/tests/arrays/categorical/test_operators.py,238,245,/app/Repos/pandas/pandas/tests/arrays/categorical/test_operators.py,238,245,False,c2071cb21a00ca206cc8da3bf434bff3
1298,/app/Repos/pandas/pandas/tests/indexes/test_category.py,172,182,/app/Repos/pandas/pandas/tests/indexes/test_category.py,172,182,True,e18c788f730d5ce0cafd7a60ee8034cf
1299,/app/Repos/pandas/pandas/tests/indexing/test_loc.py,182,193,/app/Repos/pandas/pandas/tests/indexing/test_loc.py,182,193,True,25546b7e02fef78d04ab00405530987e
1300,/app/Repos/pandas/pandas/tests/series/test_analytics.py,1148,1157,/app/Repos/pandas/pandas/tests/test_algos.py,738,747,True,4b3a17b1158ef36956cc9c8d55947f54
1301,/app/Repos/pandas/pandas/tests/arithmetic/test_numeric.py,23,35,/app/Repos/pandas/pandas/tests/arithmetic/test_numeric.py,23,35,True,ee6ee63b1322665bcbb9541460129e16
1301,/app/Repos/pandas/pandas/tests/arithmetic/test_numeric.py,23,35,/app/Repos/pandas/pandas/tests/arithmetic/test_numeric.py,23,35,False,ee6ee63b1322665bcbb9541460129e16
1302,/app/Repos/pandas/pandas/tests/reshape/test_union_categoricals.py,132,141,/app/Repos/pandas/pandas/tests/test_algos.py,865,892,True,a860fd97bdb88670f12dd9cf98c4a403
1303,/app/Repos/pandas/pandas/tests/scalar/timestamp/test_timezones.py,41,57,/app/Repos/pandas/pandas/tests/scalar/timestamp/test_timezones.py,41,57,True,44792bb96b1337a31cad91afca0b6181
1304,/app/Repos/pandas/pandas/tests/scalar/timestamp/test_timezones.py,200,212,/app/Repos/pandas/pandas/tests/scalar/timestamp/test_timezones.py,200,212,True,f66b5fcd6f9c33d983e455ba58e62d00
1305,/app/Repos/pandas/pandas/core/indexes/category.py,88,98,/app/Repos/pandas/pandas/tests/indexes/test_category.py,1120,1139,True,b743fe979fadbc12ac1f36eae095ffc0
1306,/app/Repos/pandas/pandas/tests/indexes/datetimes/test_misc.py,247,310,/app/Repos/pandas/pandas/tests/indexes/datetimes/test_misc.py,247,310,True,d75886dabb0ff4eba826327194d3123b
1307,/app/Repos/pandas/pandas/tests/reshape/merge/test_merge.py,1645,1656,/app/Repos/pandas/pandas/tests/reshape/merge/test_merge.py,1726,1742,True,25845468c138e8edb965a5218dd0bd49
1308,/app/Repos/pandas/pandas/tests/reshape/merge/test_merge.py,1635,1645,/app/Repos/pandas/pandas/tests/reshape/merge/test_merge.py,1726,1742,True,9b41a50a2f978ced8bc05d979b0345d3
1309,/app/Repos/pandas/pandas/tests/reshape/test_concat.py,400,419,/app/Repos/pandas/pandas/tests/reshape/test_concat.py,419,440,True,b5c79c85a4e07454a9d2ad10e4270254
1310,/app/Repos/pandas/pandas/tests/reshape/test_concat.py,1995,2002,/app/Repos/pandas/pandas/tests/reshape/test_concat.py,2010,2033,True,10098d00769933253e33b13513ed4ce4
1311,/app/Repos/pandas/pandas/tests/reshape/test_concat.py,2002,2010,/app/Repos/pandas/pandas/tests/reshape/test_concat.py,2010,2033,True,3c21c5591a381387756104bfbb7ed0ac
1312,/app/Repos/pandas/pandas/tseries/offsets.py,338,345,/app/Repos/pandas/pandas/tseries/offsets.py,345,352,True,58c04514917bd70dce4fb5d048a3d3a6
1313,/app/Repos/pandas/pandas/tests/reshape/test_concat.py,478,505,/app/Repos/pandas/pandas/tests/reshape/test_concat.py,514,578,True,b17773256b7e8ee0b5d110965197330c
1314,/app/Repos/pandas/pandas/tests/reshape/test_concat.py,478,505,/app/Repos/pandas/pandas/tests/reshape/test_concat.py,578,620,True,d89186cf5532d6555430f1a693c76147
1315,/app/Repos/pandas/pandas/tests/reshape/test_concat.py,478,505,/app/Repos/pandas/pandas/tests/reshape/test_concat.py,658,697,True,3ad35ed37e533df15232c72840389b65
1316,/app/Repos/pandas/pandas/tests/reshape/test_concat.py,1326,1368,/app/Repos/pandas/pandas/tests/reshape/test_concat.py,1622,1629,True,7c8225bc541ef2ddd121cd14e7b01bb7
1317,/app/Repos/pandas/pandas/tseries/offsets.py,1045,1058,/app/Repos/pandas/pandas/tseries/offsets.py,1521,1528,True,d8a047e9395c60d691f73cccbf934166
1318,/app/Repos/pandas/pandas/tests/extension/base/reduce.py,25,33,/app/Repos/pandas/pandas/tests/extension/base/reduce.py,33,42,True,8bf6d4bc4c0a7c4397ee516ecc4f188c
1319,/app/Repos/pandas/pandas/tests/io/test_pickle.py,123,133,/app/Repos/pandas/pandas/tests/io/test_pickle.py,133,145,True,a6b924496d627e87d3657dc634baf8bd
1320,/app/Repos/pandas/pandas/tests/io/test_pickle.py,262,276,/app/Repos/pandas/pandas/tests/io/test_pickle.py,276,292,True,a9c6f08dc29cb28000762997696893db
1321,/app/Repos/pandas/pandas/tests/reshape/merge/test_merge_asof.py,37,52,/app/Repos/pandas/pandas/tests/reshape/merge/test_merge_asof.py,121,137,True,78aef078e4e77d88ce11563a1dfc457f
1322,/app/Repos/pandas/pandas/tests/reshape/merge/test_merge_asof.py,207,219,/app/Repos/pandas/pandas/tests/reshape/merge/test_merge_asof.py,219,236,True,c60f1e8f57661eba2fe46ef6e210af38
1323,/app/Repos/pandas/pandas/tests/reshape/merge/test_merge_asof.py,281,338,/app/Repos/pandas/pandas/tests/reshape/merge/test_merge_asof.py,338,392,True,16223ec595aeb34ddff2c2f83546dda4
1324,/app/Repos/pandas/pandas/tests/reshape/test_concat.py,1838,1900,/app/Repos/pandas/pandas/tests/reshape/test_concat.py,1995,2002,True,410b938c0b08d3c995f91620a008e145
1325,/app/Repos/pandas/pandas/tseries/offsets.py,463,494,/app/Repos/pandas/pandas/tseries/offsets.py,464,484,True,20aa0a22f6301cbee9dfd5f4718b5f76
1326,/app/Repos/pandas/pandas/tests/reshape/merge/test_merge_asof.py,451,471,/app/Repos/pandas/pandas/tests/reshape/merge/test_merge_asof.py,504,548,True,d38aae4c936d99ff48f0b3b28a744f13
1327,/app/Repos/pandas/pandas/tests/reshape/test_concat.py,478,505,/app/Repos/pandas/pandas/tests/reshape/test_concat.py,643,658,True,9acf6071d5b0b3b63560f7ff93ed882f
1328,/app/Repos/pandas/pandas/tests/reshape/merge/test_merge_asof.py,590,606,/app/Repos/pandas/pandas/tests/reshape/merge/test_merge_asof.py,682,698,True,b50566ad8088d8ac028bfa426e0e96fe
1329,/app/Repos/pandas/pandas/tests/reshape/merge/test_merge_asof.py,606,622,/app/Repos/pandas/pandas/tests/reshape/merge/test_merge_asof.py,682,698,True,36b69fdcdb2e935fd353e59d3ffb4d85
1330,/app/Repos/pandas/pandas/tests/reshape/test_concat.py,514,578,/app/Repos/pandas/pandas/tests/reshape/test_concat.py,643,658,True,3d1fed9329d6a0d5bb0ea010b9a1da07
1331,/app/Repos/pandas/pandas/tests/reshape/merge/test_merge_asof.py,37,52,/app/Repos/pandas/pandas/tests/reshape/merge/test_merge_asof.py,682,698,True,3004c0176ec9aacafc6e9276cd96071f
1332,/app/Repos/pandas/pandas/tests/reshape/test_concat.py,578,620,/app/Repos/pandas/pandas/tests/reshape/test_concat.py,643,658,True,e2818c3657b1835c517d6105eaca4821
1333,/app/Repos/pandas/pandas/tests/reshape/merge/test_merge_asof.py,121,137,/app/Repos/pandas/pandas/tests/reshape/merge/test_merge_asof.py,682,698,True,722fb285a6048a69b1a8bf0aaa35a9b9
1334,/app/Repos/pandas/pandas/tests/reshape/test_concat.py,514,578,/app/Repos/pandas/pandas/tests/reshape/test_concat.py,658,697,True,58069357dffd5445da8370a4f3cbbb2d
1335,/app/Repos/pandas/pandas/tests/reshape/merge/test_merge_asof.py,137,153,/app/Repos/pandas/pandas/tests/reshape/merge/test_merge_asof.py,682,698,True,e7e9673420d588e13925ac08f61cf1d5
1336,/app/Repos/pandas/pandas/tests/reshape/test_concat.py,400,419,/app/Repos/pandas/pandas/tests/reshape/test_concat.py,440,478,True,62b1f4ccfb21002696592c1c9eefaa48
1337,/app/Repos/pandas/pandas/tests/reshape/merge/test_merge_asof.py,590,606,/app/Repos/pandas/pandas/tests/reshape/merge/test_merge_asof.py,827,846,True,8576e18a1184baf289ec90566ea607f1
1338,/app/Repos/pandas/pandas/tests/reshape/test_concat.py,1538,1566,/app/Repos/pandas/pandas/tests/reshape/test_concat.py,1543,1553,True,1d18995b8ef36ea2c94a843bc8459fe1
1339,/app/Repos/pandas/pandas/tests/reshape/merge/test_merge_asof.py,606,622,/app/Repos/pandas/pandas/tests/reshape/merge/test_merge_asof.py,827,846,True,9eb9798030293c4bdb475c3a75ac8c15
1340,/app/Repos/pandas/pandas/tests/reshape/merge/test_merge_asof.py,682,698,/app/Repos/pandas/pandas/tests/reshape/merge/test_merge_asof.py,827,846,True,d31bd3728e6e4751652230542d80dcd8
1341,/app/Repos/pandas/pandas/tests/reshape/test_concat.py,514,578,/app/Repos/pandas/pandas/tests/reshape/test_concat.py,697,736,True,84a1fdbbaa9a87dcd742afe37a911278
1342,/app/Repos/pandas/pandas/tests/reshape/merge/test_merge_asof.py,698,714,/app/Repos/pandas/pandas/tests/reshape/merge/test_merge_asof.py,827,846,True,97e9141418c00dc14572c82b15ae5328
1343,/app/Repos/pandas/pandas/tests/reshape/test_concat.py,419,440,/app/Repos/pandas/pandas/tests/reshape/test_concat.py,440,478,True,629b2b415b5672d6db0ed6ca9ce42f08
1344,/app/Repos/pandas/pandas/tests/reshape/merge/test_merge_asof.py,776,792,/app/Repos/pandas/pandas/tests/reshape/merge/test_merge_asof.py,827,846,True,315ada51e4f0315b2e6aa4d3e53abb4f
1345,/app/Repos/pandas/pandas/tests/reshape/merge/test_merge_asof.py,792,808,/app/Repos/pandas/pandas/tests/reshape/merge/test_merge_asof.py,827,846,True,37c6c39fe3605ea2ae580d5086ea3a05
1346,/app/Repos/pandas/pandas/tests/reshape/merge/test_merge.py,1635,1645,/app/Repos/pandas/pandas/tests/reshape/merge/test_merge.py,1645,1656,True,f5f81708f02abf2517326fbe110f951c
1347,/app/Repos/pandas/pandas/tests/reshape/merge/test_merge_asof.py,808,827,/app/Repos/pandas/pandas/tests/reshape/merge/test_merge_asof.py,827,846,True,31c6bcccca6af3b7cb03191f21047fdd
1348,/app/Repos/pandas/pandas/tests/reshape/merge/test_merge.py,1615,1625,/app/Repos/pandas/pandas/tests/reshape/merge/test_merge.py,1625,1633,True,e8eef75acdbf279f2ae538ff414637a8
1349,/app/Repos/pandas/pandas/tests/reshape/test_concat.py,1235,1271,/app/Repos/pandas/pandas/tests/reshape/test_concat.py,1271,1282,True,908f23c44da2839138e1b776c8e4da31
1350,/app/Repos/pandas/pandas/tests/reshape/merge/test_merge_asof.py,37,52,/app/Repos/pandas/pandas/tests/reshape/merge/test_merge_asof.py,827,846,True,19fb371eb9bae0f18be0e0eeea949e5f
1351,/app/Repos/pandas/pandas/tests/reshape/merge/test_merge.py,1645,1656,/app/Repos/pandas/pandas/tests/reshape/merge/test_merge.py,1742,1764,True,7f3f957abf3cbdbc32e50bbe089e2efa
1352,/app/Repos/pandas/pandas/tests/reshape/merge/test_merge_asof.py,121,137,/app/Repos/pandas/pandas/tests/reshape/merge/test_merge_asof.py,827,846,True,7ccb3eab8d1fdad10e4144f54af10a52
1353,/app/Repos/pandas/pandas/tests/reshape/merge/test_merge.py,1635,1645,/app/Repos/pandas/pandas/tests/reshape/merge/test_merge.py,1742,1764,True,cc3c575da4b44ef95d4b8e4760f4e723
1354,/app/Repos/pandas/pandas/tests/reshape/merge/test_merge_asof.py,137,153,/app/Repos/pandas/pandas/tests/reshape/merge/test_merge_asof.py,827,846,True,f15a20e7bed6c94eade635f2137ba2af
1355,/app/Repos/pandas/pandas/tests/reshape/test_concat.py,1637,1648,/app/Repos/pandas/pandas/tests/reshape/test_concat.py,1648,1659,True,3d59241b8b68a599288154da50c61c1b
1356,/app/Repos/pandas/pandas/tests/io/parser/quoting.py,48,55,/app/Repos/pandas/pandas/tests/io/parser/quoting.py,92,128,True,e6b33946fa1fb1a43cb16e819663aa5d
1357,/app/Repos/pandas/pandas/tests/reshape/test_concat.py,2378,2391,/app/Repos/pandas/pandas/tests/reshape/test_concat.py,2391,2404,True,fde521ac5adc19d8263d138d4596f6ad
1358,/app/Repos/pandas/pandas/tests/reshape/test_concat.py,1959,1979,/app/Repos/pandas/pandas/tests/reshape/test_concat.py,1979,1995,True,3338e7648e963c185dac03636a209ba6
1359,/app/Repos/pandas/pandas/tests/reshape/test_concat.py,578,620,/app/Repos/pandas/pandas/tests/reshape/test_concat.py,697,736,True,3366bffc7842dfadcd6643bb7c8323bf
1360,/app/Repos/pandas/pandas/tests/io/parser/quoting.py,66,92,/app/Repos/pandas/pandas/tests/io/parser/quoting.py,92,128,True,ba58464d553d433fc87f0399b878ade0
1361,/app/Repos/pandas/pandas/tseries/offsets.py,60,119,/app/Repos/pandas/pandas/tseries/offsets.py,61,112,True,d834ddf0e88866cdc1ba45acc4400115
1362,/app/Repos/pandas/pandas/tseries/offsets.py,1262,1271,/app/Repos/pandas/pandas/tseries/offsets.py,1391,1403,True,6aac333534c66f1706349a2c6dfa0a34
1363,/app/Repos/pandas/pandas/tests/reshape/test_concat.py,2422,2448,/app/Repos/pandas/pandas/tests/reshape/test_concat.py,2448,2471,True,c330298d408dbd8a58838c2c98fa7924
1364,/app/Repos/pandas/pandas/tests/reshape/test_concat.py,817,842,/app/Repos/pandas/pandas/tests/reshape/test_concat.py,2471,2491,True,06cc499b0388fb53f57914f62ac13be7
1365,/app/Repos/pandas/pandas/tests/reshape/test_concat.py,658,697,/app/Repos/pandas/pandas/tests/reshape/test_concat.py,697,736,True,8d36153772a9bdcb7a97e971aa223842
1366,/app/Repos/pandas/pandas/tests/util/test_util.py,114,131,/app/Repos/pandas/pandas/tests/util/test_util.py,245,263,True,bc86542ce422aca31a71115585c7133a
1367,/app/Repos/pandas/pandas/tseries/offsets.py,734,746,/app/Repos/pandas/pandas/tseries/offsets.py,1146,1152,True,f4695b4c20913ffcb9073033d15ea7eb
1368,/app/Repos/pandas/pandas/tseries/offsets.py,1146,1152,/app/Repos/pandas/pandas/tseries/offsets.py,1559,1565,True,66f7ff9955253e59db8ab491d1a04925
1369,/app/Repos/pandas/pandas/tseries/offsets.py,588,606,/app/Repos/pandas/pandas/tseries/offsets.py,606,621,True,b2ec46884049a681744b77125ff7d956
1370,/app/Repos/pandas/pandas/tests/util/test_util.py,131,148,/app/Repos/pandas/pandas/tests/util/test_util.py,245,263,True,54cbeae16a504334d73d5bbaa0ef5d79
1371,/app/Repos/pandas/pandas/tseries/offsets.py,2217,2230,/app/Repos/pandas/pandas/tseries/offsets.py,2233,2244,True,563c6f27e0efb63e50b115dc3949b703
1372,/app/Repos/pandas/pandas/tseries/offsets.py,1157,1172,/app/Repos/pandas/pandas/tseries/offsets.py,1214,1229,True,9f323d294fe508891937cd5b8793694b
1373,/app/Repos/pandas/pandas/tests/series/test_missing.py,953,958,/app/Repos/pandas/pandas/tests/series/test_missing.py,1129,1157,True,d6d39940b043583bd242c4e31158874f
1374,/app/Repos/pandas/pandas/tests/extension/base/reduce.py,25,33,/app/Repos/pandas/pandas/tests/extension/base/reduce.py,57,62,True,212a84b259b9dd1099e7327276930beb
1375,/app/Repos/pandas/pandas/tests/io/test_pickle.py,133,145,/app/Repos/pandas/pandas/tests/io/test_pickle.py,179,187,True,fec61b5790cac96656c687e45433a4c4
1376,/app/Repos/pandas/pandas/tests/series/test_missing.py,1048,1062,/app/Repos/pandas/pandas/tests/series/test_missing.py,1129,1157,True,d235c38a883d45cf769b277d477e171c
1377,/app/Repos/pandas/pandas/tests/extension/base/reduce.py,33,42,/app/Repos/pandas/pandas/tests/extension/base/reduce.py,57,62,True,ecb6673cc55a0e4a8effbfaf64ee433a
1378,/app/Repos/pandas/pandas/tests/io/test_pickle.py,155,167,/app/Repos/pandas/pandas/tests/io/test_pickle.py,179,187,True,7cac06ad098c3d81ae299f34aaaa9bfa
1379,/app/Repos/pandas/pandas/tests/series/test_missing.py,1080,1091,/app/Repos/pandas/pandas/tests/series/test_missing.py,1129,1157,True,c7e9da75088b9a9a4e9910bc5e314bd5
1380,/app/Repos/pandas/pandas/tests/extension/base/reduce.py,44,55,/app/Repos/pandas/pandas/tests/extension/base/reduce.py,57,62,True,1bf57b16a7565205b49aa686e66865a8
1381,/app/Repos/pandas/pandas/tests/io/test_pickle.py,350,371,/app/Repos/pandas/pandas/tests/io/test_pickle.py,379,409,True,68b33ade45bd09e5f9fea0a4e724832b
1382,/app/Repos/pandas/pandas/tests/io/test_pickle.py,123,133,/app/Repos/pandas/pandas/tests/io/test_pickle.py,155,167,True,a61ac63fd0eda6b8e530aaa1c76ab0d1
1383,/app/Repos/pandas/pandas/tests/reshape/merge/test_merge_asof.py,195,207,/app/Repos/pandas/pandas/tests/reshape/merge/test_merge_asof.py,268,281,True,1eef09f9fa1ebd8d15b82d0869314431
1384,/app/Repos/pandas/pandas/tests/io/test_pickle.py,133,145,/app/Repos/pandas/pandas/tests/io/test_pickle.py,155,167,True,5a8d4776555a9fdecfa2cbd22ecf4f1d
1385,/app/Repos/pandas/pandas/tests/reshape/merge/test_merge_asof.py,590,606,/app/Repos/pandas/pandas/tests/reshape/merge/test_merge_asof.py,606,622,True,bd3be52ba7432c87a530cb31beaf09b5
1386,/app/Repos/pandas/pandas/tests/io/test_pickle.py,145,155,/app/Repos/pandas/pandas/tests/io/test_pickle.py,155,167,True,e4590f9d50507838d74612e796dd7e34
1387,/app/Repos/pandas/pandas/tests/reshape/merge/test_merge_asof.py,37,52,/app/Repos/pandas/pandas/tests/reshape/merge/test_merge_asof.py,606,622,True,14c84b700e1d785c0ca61aa4efd5c1cb
1388,/app/Repos/pandas/pandas/tests/reshape/merge/test_merge_asof.py,37,52,/app/Repos/pandas/pandas/tests/reshape/merge/test_merge_asof.py,137,153,True,775d24e2f9a4a313b4ac251380b4ba0f
1389,/app/Repos/pandas/pandas/tests/reshape/merge/test_merge_asof.py,121,137,/app/Repos/pandas/pandas/tests/reshape/merge/test_merge_asof.py,606,622,True,edcd5b715a7af45798d20959145c03e3
1390,/app/Repos/pandas/pandas/tests/reshape/merge/test_merge_asof.py,121,137,/app/Repos/pandas/pandas/tests/reshape/merge/test_merge_asof.py,137,153,True,2e653f43cb3baf5adadb8b32d796d554
1391,/app/Repos/pandas/pandas/tests/reshape/merge/test_merge_asof.py,219,236,/app/Repos/pandas/pandas/tests/reshape/merge/test_merge_asof.py,236,255,True,9bf106e44d5a51d00a345bb234ae1d67
1392,/app/Repos/pandas/pandas/tests/reshape/merge/test_merge_asof.py,207,219,/app/Repos/pandas/pandas/tests/reshape/merge/test_merge_asof.py,236,255,True,a11283343442ce7495248872e7511524
1393,/app/Repos/pandas/pandas/tests/reshape/merge/test_merge_asof.py,137,153,/app/Repos/pandas/pandas/tests/reshape/merge/test_merge_asof.py,606,622,True,c98893dd13e232072930c745408057da
1394,/app/Repos/pandas/pandas/tests/series/test_missing.py,1062,1080,/app/Repos/pandas/pandas/tests/series/test_missing.py,1129,1157,True,00f5b4bfd2b5034728da457aa5a34a9c
1395,/app/Repos/pandas/pandas/tests/reshape/merge/test_merge_asof.py,724,756,/app/Repos/pandas/pandas/tests/reshape/merge/test_merge_asof.py,756,776,True,924acd6ceda5f184438cadfe3d74a7a2
1396,/app/Repos/pandas/pandas/tests/extension/base/ops.py,111,124,/app/Repos/pandas/pandas/tests/extension/base/ops.py,157,168,True,8ddc7cb5caca32cfab4cc3ce392f6e3c
1397,/app/Repos/pandas/pandas/tests/reshape/merge/test_merge_asof.py,37,52,/app/Repos/pandas/pandas/tests/reshape/merge/test_merge_asof.py,590,606,True,c9e945dd3e517ff13fc7d6c8df7ffe06
1398,/app/Repos/pandas/pandas/tests/reshape/merge/test_merge_asof.py,910,938,/app/Repos/pandas/pandas/tests/reshape/merge/test_merge_asof.py,938,969,True,e203a1085cf27ef3329f2839ac98a6fa
1399,/app/Repos/pandas/pandas/tests/reshape/test_tile.py,29,40,/app/Repos/pandas/pandas/tests/reshape/test_tile.py,40,50,True,37bbdae6ce7623251cd0b1c54187f6a4
1400,/app/Repos/pandas/pandas/tests/reshape/merge/test_merge_asof.py,121,137,/app/Repos/pandas/pandas/tests/reshape/merge/test_merge_asof.py,590,606,True,9957f6cea86d7292dfb3b86baa031fa4
1401,/app/Repos/pandas/pandas/tests/reshape/merge/test_merge_asof.py,178,195,/app/Repos/pandas/pandas/tests/reshape/merge/test_merge_asof.py,578,590,True,8096f639ed979ea4d44649db1b1d9d79
1402,/app/Repos/pandas/pandas/tests/reshape/merge/test_merge_asof.py,137,153,/app/Repos/pandas/pandas/tests/reshape/merge/test_merge_asof.py,590,606,True,aa089aa565109c46f9765a5f449a286a
1403,/app/Repos/pandas/pandas/tseries/offsets.py,1521,1528,/app/Repos/pandas/pandas/tseries/offsets.py,1647,1656,True,2853048491527e2490f46ae3a24d338c
1404,/app/Repos/pandas/pandas/io/sql.py,643,662,/app/Repos/pandas/pandas/io/sql.py,662,693,True,641cff0d1f9be4cf966057b734856639
1405,/app/Repos/pandas/pandas/tests/reshape/merge/test_merge_asof.py,164,178,/app/Repos/pandas/pandas/tests/reshape/merge/test_merge_asof.py,578,590,True,5dc75a69f8d631358779df4f86ae61ad
1406,/app/Repos/pandas/pandas/tests/extension/base/groupby.py,23,38,/app/Repos/pandas/pandas/tests/extension/base/groupby.py,38,48,True,3e2e75d7ce2ff7cd6fe7e5ba6a003535
1407,/app/Repos/pandas/pandas/tests/series/indexing/test_datetime.py,169,204,/app/Repos/pandas/pandas/tests/series/indexing/test_datetime.py,204,243,True,4b84824ac7d3b468b1ee804f1bb525dc
1408,/app/Repos/pandas/pandas/tests/reshape/merge/test_merge_asof.py,52,121,/app/Repos/pandas/pandas/tests/reshape/merge/test_merge_asof.py,578,590,True,f5710e8519bd917a892acbf5d55d7c37
1409,/app/Repos/pandas/pandas/tests/io/parser/comment.py,17,31,/app/Repos/pandas/pandas/tests/io/parser/comment.py,31,57,True,866b4b23368c4fe729b8fc918d3d343f
1410,/app/Repos/pandas/pandas/tests/io/parser/comment.py,17,31,/app/Repos/pandas/pandas/tests/io/parser/comment.py,57,71,True,8e78a5fca008f23c0bc4d6f0d5863670
1411,/app/Repos/pandas/pandas/io/sql.py,643,662,/app/Repos/pandas/pandas/io/sql.py,1005,1019,True,a67812dceb4f5f0aa258312b234dddf3
1412,/app/Repos/pandas/pandas/tests/io/parser/comment.py,31,57,/app/Repos/pandas/pandas/tests/io/parser/comment.py,57,71,True,e0faac86b6b91c506fcf4cac957ca5bf
1413,/app/Repos/pandas/pandas/tests/io/test_html.py,132,140,/app/Repos/pandas/pandas/tests/io/test_html.py,184,190,True,2375d657a76b216604fe76eef49b8547
1414,/app/Repos/pandas/pandas/tests/test_expressions.py,351,371,/app/Repos/pandas/pandas/tests/test_expressions.py,352,363,True,bb1432aa086ab18c755e547f596f10b4
1415,/app/Repos/pandas/pandas/tests/io/test_html.py,161,166,/app/Repos/pandas/pandas/tests/io/test_html.py,184,190,True,3fe7b9c89eee7cded47b62c6a79b477e
1416,/app/Repos/pandas/pandas/tests/io/test_html.py,166,172,/app/Repos/pandas/pandas/tests/io/test_html.py,184,190,True,8fd0105809c90d529dc7ec0cd7e747ae
1417,/app/Repos/pandas/pandas/tests/io/test_pickle.py,350,371,/app/Repos/pandas/pandas/tests/io/test_pickle.py,409,428,True,fcfaa5c3a61c615c64f43e9edf6d62f9
1418,/app/Repos/pandas/pandas/tests/io/test_html.py,172,178,/app/Repos/pandas/pandas/tests/io/test_html.py,184,190,True,db812705d6f18223243950ad5a32dbe2
1419,/app/Repos/pandas/pandas/tests/io/parser/test_parsers.py,70,79,/app/Repos/pandas/pandas/tests/io/parser/test_parsers.py,90,99,True,bd15cd27f8fde5fd72f6ed1d49ea298c
1420,/app/Repos/pandas/pandas/tests/io/test_pickle.py,379,409,/app/Repos/pandas/pandas/tests/io/test_pickle.py,409,428,True,a3dbaf434cf7f2c8bc3883341d19697b
1421,/app/Repos/pandas/pandas/tseries/offsets.py,1262,1271,/app/Repos/pandas/pandas/tseries/offsets.py,1462,1473,True,17d553912782de5b064e99b11ab1e6f2
1422,/app/Repos/pandas/pandas/tests/io/parser/test_unsupported.py,28,38,/app/Repos/pandas/pandas/tests/io/parser/test_unsupported.py,38,91,True,6fa6e2fa496491f83832ec81d3f08fb8
1423,/app/Repos/pandas/pandas/tests/io/parser/quoting.py,18,36,/app/Repos/pandas/pandas/tests/io/parser/quoting.py,36,48,True,43e4a814a3b358045da4633ccb9dba85
1424,/app/Repos/pandas/pandas/tseries/offsets.py,1391,1403,/app/Repos/pandas/pandas/tseries/offsets.py,1462,1473,True,bed81de0903150b0be5f93491f0aca5a
1425,/app/Repos/pandas/pandas/tests/extension/arrow/bool.py,94,104,/app/Repos/pandas/pandas/tests/extension/arrow/bool.py,94,104,True,15ac334a8aa7b62e32af9252e85d364c
1426,/app/Repos/pandas/pandas/tests/series/test_missing.py,754,772,/app/Repos/pandas/pandas/tests/series/test_missing.py,772,797,True,9552a31ca30e0afe8e4896ab003e3e90
1427,/app/Repos/pandas/pandas/tests/series/test_missing.py,953,958,/app/Repos/pandas/pandas/tests/series/test_missing.py,1030,1048,True,cb72d040dfe90b6723c05b45bdc26232
1428,/app/Repos/pandas/pandas/tests/io/msgpack/test_sequnpack.py,45,56,/app/Repos/pandas/pandas/tests/io/msgpack/test_sequnpack.py,68,83,True,7d4ab8f91a2387327fd8f37dac7ede97
1429,/app/Repos/pandas/pandas/tests/reshape/test_concat.py,1995,2002,/app/Repos/pandas/pandas/tests/reshape/test_concat.py,2002,2010,True,b5fcca1cafdb74f7603fd1d813e3a275
1430,/app/Repos/pandas/pandas/tests/reshape/merge/test_merge_asof.py,52,121,/app/Repos/pandas/pandas/tests/reshape/merge/test_merge_asof.py,281,338,True,9e83f89b1be3feb1cde2f3a25fd7990d
1431,/app/Repos/pandas/pandas/tests/series/test_missing.py,754,772,/app/Repos/pandas/pandas/tests/series/test_missing.py,797,818,True,00174b91fa371200cf618c2216a1bd43
1432,/app/Repos/pandas/pandas/io/clipboard/windows.py,26,154,/app/Repos/pandas/pandas/io/clipboard/windows.py,90,114,True,99f202f9b9b27d576787fcebd54ae799
1433,/app/Repos/pandas/pandas/tests/series/test_apply.py,91,129,/app/Repos/pandas/pandas/tests/series/test_apply.py,572,609,True,ab6e4ef6ba499327b6bc533bf920a5dd
1434,/app/Repos/pandas/pandas/tests/reshape/merge/test_merge_asof.py,590,606,/app/Repos/pandas/pandas/tests/reshape/merge/test_merge_asof.py,776,792,True,e3723d1c24b05a69eb0e3d7eb39aec86
1435,/app/Repos/pandas/pandas/tests/reshape/merge/test_merge_asof.py,606,622,/app/Repos/pandas/pandas/tests/reshape/merge/test_merge_asof.py,776,792,True,133916370690bac9880227d137f57929
1436,/app/Repos/pandas/pandas/tests/series/test_missing.py,772,797,/app/Repos/pandas/pandas/tests/series/test_missing.py,797,818,True,0e9c4e1429f7f96be72bab92e77fc65b
1437,/app/Repos/pandas/pandas/tests/series/test_missing.py,953,958,/app/Repos/pandas/pandas/tests/series/test_missing.py,1048,1062,True,d2176d85b67be6fe8d7e7836ed244878
1438,/app/Repos/pandas/pandas/tests/io/json/test_json_table_schema.py,32,47,/app/Repos/pandas/pandas/tests/io/json/test_json_table_schema.py,64,89,True,6da53639367b5bee51c2981719de0e09
1439,/app/Repos/pandas/pandas/tests/io/json/test_json_table_schema.py,23,32,/app/Repos/pandas/pandas/tests/io/json/test_json_table_schema.py,178,193,True,c1675b7572eb69dc0869cd752d7a1fe4
1440,/app/Repos/pandas/pandas/tests/reshape/test_concat.py,1838,1900,/app/Repos/pandas/pandas/tests/reshape/test_concat.py,2002,2010,True,bbfb0d8e89c4d78a2c8f0c785348949e
1441,/app/Repos/pandas/pandas/tests/tseries/offsets/test_ticks.py,82,98,/app/Repos/pandas/pandas/tests/tseries/offsets/test_ticks.py,131,152,True,816fad3273e642b8478382b9d647b9f1
1442,/app/Repos/pandas/pandas/tests/reshape/merge/test_merge_asof.py,682,698,/app/Repos/pandas/pandas/tests/reshape/merge/test_merge_asof.py,776,792,True,0fd3a686c809033f609d8fb36c9d92f0
1443,/app/Repos/pandas/pandas/tests/io/test_html.py,166,172,/app/Repos/pandas/pandas/tests/io/test_html.py,213,219,True,a7600e3480d00013f690d4ffa14b7a4f
1444,/app/Repos/pandas/pandas/tseries/offsets.py,1462,1473,/app/Repos/pandas/pandas/tseries/offsets.py,1742,1757,True,4fd1ef65753a697e013c415b14c96982
1445,/app/Repos/pandas/pandas/tests/io/test_html.py,172,178,/app/Repos/pandas/pandas/tests/io/test_html.py,213,219,True,ab2f8986e57256c8e2f4a4a707084ec6
1446,/app/Repos/pandas/pandas/tests/series/test_missing.py,1030,1048,/app/Repos/pandas/pandas/tests/series/test_missing.py,1048,1062,True,fe8ac6c769d8356816dfb08cb18c971a
1447,/app/Repos/pandas/pandas/tests/reshape/merge/test_merge_asof.py,698,714,/app/Repos/pandas/pandas/tests/reshape/merge/test_merge_asof.py,776,792,True,40e140a5bb37972b32664d706471bf6d
1448,/app/Repos/pandas/pandas/tests/io/test_html.py,184,190,/app/Repos/pandas/pandas/tests/io/test_html.py,213,219,True,fc56edde66678d30dd1db3cc518e29d1
1449,/app/Repos/pandas/pandas/tseries/offsets.py,785,791,/app/Repos/pandas/pandas/tseries/offsets.py,872,886,True,2ac4cbf7601ed4faf21d6bee671d47b5
1450,/app/Repos/pandas/pandas/tests/reshape/merge/test_merge_asof.py,37,52,/app/Repos/pandas/pandas/tests/reshape/merge/test_merge_asof.py,776,792,True,946d7fbf8626d188026bfb1caf381fc6
1451,/app/Repos/pandas/pandas/tests/io/test_html.py,306,312,/app/Repos/pandas/pandas/tests/io/test_html.py,324,330,True,826c0eb5b8cb3ef65a504f532447e76d
1452,/app/Repos/pandas/pandas/tseries/offsets.py,813,820,/app/Repos/pandas/pandas/tseries/offsets.py,872,886,True,212d29b431ba3a312bb8095ee5faf5ad
1453,/app/Repos/pandas/pandas/tests/series/test_missing.py,1269,1277,/app/Repos/pandas/pandas/tests/series/test_missing.py,1277,1288,True,4547392d60889e10b16b9fb2ba4e783d
1454,/app/Repos/pandas/pandas/tests/io/test_html.py,682,711,/app/Repos/pandas/pandas/tests/io/test_html.py,761,778,True,fc35e63848585c2c254c98b1716c4b17
1455,/app/Repos/pandas/pandas/tests/tseries/offsets/test_ticks.py,98,113,/app/Repos/pandas/pandas/tests/tseries/offsets/test_ticks.py,131,152,True,aa228ee9b89f3eb1378d3b8702f94c80
1456,/app/Repos/pandas/pandas/tests/reshape/merge/test_merge_asof.py,121,137,/app/Repos/pandas/pandas/tests/reshape/merge/test_merge_asof.py,776,792,True,2ab2f60d472e06b1d248c220d0ee93f8
1457,/app/Repos/pandas/pandas/tests/io/test_html.py,711,737,/app/Repos/pandas/pandas/tests/io/test_html.py,761,778,True,020d51eeb3b349a3b42a4cc4b094be66
1458,/app/Repos/pandas/pandas/tests/io/test_html.py,737,761,/app/Repos/pandas/pandas/tests/io/test_html.py,761,778,True,ab45fe966191f817b383a6014a76debe
1459,/app/Repos/pandas/pandas/tests/io/test_html.py,404,432,/app/Repos/pandas/pandas/tests/io/test_html.py,761,778,True,92da97b2f5cf511752addfbc68a2dea1
1460,/app/Repos/pandas/pandas/tests/reshape/merge/test_merge_asof.py,137,153,/app/Repos/pandas/pandas/tests/reshape/merge/test_merge_asof.py,776,792,True,5d7d553aef52e2ce2b3543546377403d
1461,/app/Repos/pandas/pandas/tests/io/test_compression.py,65,81,/app/Repos/pandas/pandas/tests/io/test_compression.py,81,99,True,86e58e2b45f6252f34ee24ef7847eb4d
1462,/app/Repos/pandas/pandas/tests/io/test_html.py,404,432,/app/Repos/pandas/pandas/tests/io/test_html.py,959,982,True,b85ef0bd7cdcd6e53d98c0e525b8a9a4
1463,/app/Repos/pandas/pandas/io/sql.py,1005,1019,/app/Repos/pandas/pandas/io/sql.py,1392,1409,True,0e66dd52484be9c10ca7055c0232bc88
1464,/app/Repos/pandas/pandas/tests/io/test_html.py,737,761,/app/Repos/pandas/pandas/tests/io/test_html.py,959,982,True,b5e7e2235724596792a675558ed3134d
1465,/app/Repos/pandas/pandas/tseries/offsets.py,1146,1152,/app/Repos/pandas/pandas/tseries/offsets.py,1762,1775,True,97faa5251aa631435469687beb246c4d
1466,/app/Repos/pandas/pandas/tests/reshape/merge/test_merge_asof.py,886,910,/app/Repos/pandas/pandas/tests/reshape/merge/test_merge_asof.py,969,999,True,0ef50999d8be2d15e4eca2f8379284af
1467,/app/Repos/pandas/pandas/tseries/offsets.py,1559,1565,/app/Repos/pandas/pandas/tseries/offsets.py,1762,1775,True,019563db8e38acef3f7c69e441134000
1468,/app/Repos/pandas/pandas/tests/series/indexing/test_datetime.py,169,204,/app/Repos/pandas/pandas/tests/series/indexing/test_datetime.py,243,336,True,813cf56f5468f008aee5f08c1596c776
1469,/app/Repos/pandas/pandas/tests/tseries/offsets/test_ticks.py,113,131,/app/Repos/pandas/pandas/tests/tseries/offsets/test_ticks.py,131,152,True,b0ee63edab97804981645f7054fd7bf5
1470,/app/Repos/pandas/pandas/tests/io/json/test_json_table_schema.py,276,293,/app/Repos/pandas/pandas/tests/io/json/test_json_table_schema.py,311,331,True,d89b608975bf0792fbfd97b94f17010b
1471,/app/Repos/pandas/pandas/tests/io/parser/converters.py,60,72,/app/Repos/pandas/pandas/tests/io/parser/converters.py,72,83,True,6271120e65f21a8daeb6be05d51594d1
1472,/app/Repos/pandas/pandas/io/clipboard/windows.py,26,154,/app/Repos/pandas/pandas/io/clipboard/windows.py,114,142,True,4a117a3e5b78595aea080eae1c0c2127
1473,/app/Repos/pandas/pandas/tests/io/parser/comment.py,17,31,/app/Repos/pandas/pandas/tests/io/parser/comment.py,71,84,True,c2a0e73ffb95375083eb0f2dc9556589
1474,/app/Repos/pandas/pandas/tests/io/parser/comment.py,31,57,/app/Repos/pandas/pandas/tests/io/parser/comment.py,71,84,True,4fe29e2c9dc1773d618ff959cb41a1d8
1475,/app/Repos/pandas/pandas/tests/io/test_html.py,166,172,/app/Repos/pandas/pandas/tests/io/test_html.py,219,225,True,b6d9c9d0db5d01611f76c4b28aa30262
1476,/app/Repos/pandas/pandas/tests/io/parser/comment.py,57,71,/app/Repos/pandas/pandas/tests/io/parser/comment.py,71,84,True,90e2fd913fe00413b5b62da81428939d
1477,/app/Repos/pandas/pandas/tseries/offsets.py,1742,1757,/app/Repos/pandas/pandas/tseries/offsets.py,1941,1953,True,a307963998bdd9aa7f74cb9768b17d45
1478,/app/Repos/pandas/pandas/tests/io/test_html.py,172,178,/app/Repos/pandas/pandas/tests/io/test_html.py,219,225,True,0cd4069130ad1c2b9605a7c5db29af05
1479,/app/Repos/pandas/pandas/tests/test_expressions.py,266,310,/app/Repos/pandas/pandas/tests/test_expressions.py,267,302,True,fc5612621e191a6677e5a878610d894a
1480,/app/Repos/pandas/pandas/tests/io/test_html.py,184,190,/app/Repos/pandas/pandas/tests/io/test_html.py,219,225,True,13b9b5ac225a968681cc99374c93db64
1481,/app/Repos/pandas/pandas/tests/io/test_html.py,213,219,/app/Repos/pandas/pandas/tests/io/test_html.py,219,225,True,db5fbaf5b77eebd715040c914edd971b
1482,/app/Repos/pandas/pandas/tests/reshape/merge/test_merge_asof.py,178,195,/app/Repos/pandas/pandas/tests/reshape/merge/test_merge_asof.py,207,219,True,232687beaffaba2664bd8a26ad5137da
1483,/app/Repos/pandas/pandas/tests/io/test_html.py,275,285,/app/Repos/pandas/pandas/tests/io/test_html.py,330,340,True,7db00016d5b0a97eb1f3c6efdcd56230
1484,/app/Repos/pandas/pandas/tests/extension/base/getitem.py,13,22,/app/Repos/pandas/pandas/tests/extension/base/getitem.py,22,45,True,dad09307869877f2012b74cb44c27412
1485,/app/Repos/pandas/pandas/tests/io/test_html.py,778,803,/app/Repos/pandas/pandas/tests/io/test_html.py,982,1002,True,a05fbfa58b8dc727fd2f0c4911ed71bc
1486,/app/Repos/pandas/pandas/tests/io/parser/comment.py,108,119,/app/Repos/pandas/pandas/tests/io/parser/quoting.py,48,55,True,334ce5fd7bd01080fce29af322f7e050
1487,/app/Repos/pandas/pandas/tests/io/test_pickle.py,379,409,/app/Repos/pandas/pandas/tests/io/test_pickle.py,428,461,True,00a71dce14b9d17e82a3f229eb03d6ef
1488,/app/Repos/pandas/pandas/tests/io/json/test_json_table_schema.py,216,276,/app/Repos/pandas/pandas/tests/io/json/test_json_table_schema.py,416,437,True,112c2329197d7b2e2e463df702f1b816
1489,/app/Repos/pandas/pandas/tests/series/test_operators.py,630,652,/app/Repos/pandas/pandas/tests/series/test_operators.py,652,675,True,7d28b88ed38fb104e74c09c6e5c631f9
1490,/app/Repos/pandas/pandas/tests/util/test_util.py,148,165,/app/Repos/pandas/pandas/tests/util/test_util.py,194,215,True,5cff2e091ef4c8632e6b420a42ee4864
1491,/app/Repos/pandas/pandas/tests/io/test_pickle.py,409,428,/app/Repos/pandas/pandas/tests/io/test_pickle.py,428,461,True,ea9ffd9bdf3dbd49b2d0d0f802553b4f
1492,/app/Repos/pandas/pandas/tests/io/json/test_json_table_schema.py,23,32,/app/Repos/pandas/pandas/tests/io/json/test_json_table_schema.py,532,552,True,3673c649ae1d360d111820000f429216
1493,/app/Repos/pandas/pandas/tests/reshape/merge/test_merge_asof.py,164,178,/app/Repos/pandas/pandas/tests/reshape/merge/test_merge_asof.py,195,207,True,cf81650bbd941a26faf22447e5097268
1494,/app/Repos/pandas/pandas/tests/io/parser/dtypes.py,200,207,/app/Repos/pandas/pandas/tests/io/parser/dtypes.py,207,224,True,4a50fc9f36d51214bb8ee667b0dc37e5
1495,/app/Repos/pandas/pandas/tests/io/json/test_json_table_schema.py,497,520,/app/Repos/pandas/pandas/tests/io/json/test_json_table_schema.py,532,552,True,32aa1f9da5c4f5f0b29f99b362180394
1496,/app/Repos/pandas/pandas/tests/reshape/merge/test_merge_asof.py,178,195,/app/Repos/pandas/pandas/tests/reshape/merge/test_merge_asof.py,195,207,True,8034c0ded64bb98eb7a932916160de0b
1497,/app/Repos/pandas/pandas/tests/reshape/merge/test_merge_asof.py,195,207,/app/Repos/pandas/pandas/tests/reshape/merge/test_merge_asof.py,207,219,True,3377a46f8b192a8a982eda692a1cddc5
1498,/app/Repos/pandas/pandas/tests/series/test_missing.py,491,560,/app/Repos/pandas/pandas/tests/series/test_missing.py,585,590,True,0b2fcfda834117d672a0905ce9c9f145
1499,/app/Repos/pandas/pandas/tests/series/test_missing.py,754,772,/app/Repos/pandas/pandas/tests/series/test_missing.py,818,835,True,dbdcbafef88d894580d8982c598982a6
1500,/app/Repos/pandas/pandas/tests/series/test_asof.py,12,38,/app/Repos/pandas/pandas/tests/series/test_asof.py,87,131,True,e6746352f59f54685f1de2cef579746b
1501,/app/Repos/pandas/pandas/tests/series/test_missing.py,772,797,/app/Repos/pandas/pandas/tests/series/test_missing.py,818,835,True,4b52e2af1d0ee5554ac06c412cc55100
1502,/app/Repos/pandas/pandas/tests/io/parser/converters.py,83,143,/app/Repos/pandas/pandas/tests/io/parser/converters.py,107,119,True,53e704b039b0f1c5c29a0697365010b1
1503,/app/Repos/pandas/pandas/tests/io/parser/converters.py,95,107,/app/Repos/pandas/pandas/tests/io/parser/converters.py,107,119,True,25e68d5f186a5f3f32d62be1b0e68074
1504,/app/Repos/pandas/pandas/tseries/offsets.py,813,820,/app/Repos/pandas/pandas/tseries/offsets.py,966,973,True,81b68c401de16837cade9be0cd942b94
1505,/app/Repos/pandas/pandas/tseries/offsets.py,872,886,/app/Repos/pandas/pandas/tseries/offsets.py,966,973,True,11835ff1bfac01f910f60a2a18bf2d41
1506,/app/Repos/pandas/pandas/tests/series/test_missing.py,797,818,/app/Repos/pandas/pandas/tests/series/test_missing.py,818,835,True,d882058541324a68a2ceab11775c8752
1507,/app/Repos/pandas/pandas/tests/series/indexing/test_indexing.py,723,737,/app/Repos/pandas/pandas/tests/series/indexing/test_indexing.py,737,750,True,f7be9e0df2b452c0c374f9f28df17db4
1508,/app/Repos/pandas/pandas/tests/series/test_asof.py,38,64,/app/Repos/pandas/pandas/tests/series/test_asof.py,87,131,True,e8a8929f7c2717c5b7ca341009652277
1509,/app/Repos/pandas/pandas/tests/io/parser/dtypes.py,261,269,/app/Repos/pandas/pandas/tests/io/parser/dtypes.py,278,290,True,480b90150c0e5b4963cf4d4b0bcbe0b7
1510,/app/Repos/pandas/pandas/tests/series/test_internals.py,131,138,/app/Repos/pandas/pandas/tests/series/test_internals.py,138,146,True,1e760e86c2ee29b24bc261f7223345da
1511,/app/Repos/pandas/pandas/tests/io/parser/dtypes.py,269,278,/app/Repos/pandas/pandas/tests/io/parser/dtypes.py,278,290,True,db22da815c5990a6b6f44ec58266661b
1512,/app/Repos/pandas/pandas/tests/series/test_dtypes.py,230,240,/app/Repos/pandas/pandas/tests/series/test_dtypes.py,370,387,True,f395afff56ee1c6afd6ca1e498123081
1513,/app/Repos/pandas/pandas/tests/tseries/offsets/test_ticks.py,40,60,/app/Repos/pandas/pandas/tests/tseries/offsets/test_ticks.py,60,82,True,4e7494d82e4a8e5e4d8ba55db4416a5d
1514,/app/Repos/pandas/pandas/tests/io/parser/converters.py,83,143,/app/Repos/pandas/pandas/tests/io/parser/converters.py,119,131,True,d8186906848f6c725d3fb695ac5b1f86
1515,/app/Repos/pandas/pandas/tests/extension/base/reduce.py,25,33,/app/Repos/pandas/pandas/tests/extension/base/reduce.py,44,55,True,9f02a322e2afe5557eef610a6ebe9484
1516,/app/Repos/pandas/pandas/tests/io/parser/dtypes.py,299,307,/app/Repos/pandas/pandas/tests/io/parser/dtypes.py,307,322,True,31b1adc7ca4933f7626ac0c60ed53f47
1517,/app/Repos/pandas/pandas/tests/io/parser/skiprows.py,20,46,/app/Repos/pandas/pandas/tests/io/parser/skiprows.py,58,80,True,f0924b5eda7782d60f9edc671b7c877c
1518,/app/Repos/pandas/pandas/tests/extension/base/reduce.py,33,42,/app/Repos/pandas/pandas/tests/extension/base/reduce.py,44,55,True,3ad72e49507aead163c801c296d8fdc5
1519,/app/Repos/pandas/pandas/tests/reshape/merge/test_merge_ordered.py,11,18,/app/Repos/pandas/pandas/tests/reshape/merge/test_merge_ordered.py,85,103,True,3ecff676b1120a946666f88f4cf42c92
1520,/app/Repos/pandas/pandas/tests/series/test_missing.py,1048,1062,/app/Repos/pandas/pandas/tests/series/test_missing.py,1062,1080,True,025993ca13dbded8a44e45a39a2408fc
1521,/app/Repos/pandas/pandas/tests/reshape/merge/test_merge_ordered.py,26,34,/app/Repos/pandas/pandas/tests/reshape/merge/test_merge_ordered.py,85,103,True,db14578c3519364114379b699cf86fc4
1522,/app/Repos/pandas/pandas/tests/io/test_pickle.py,123,133,/app/Repos/pandas/pandas/tests/io/test_pickle.py,145,155,True,2b7113593bcf815c3a58eda25116134e
1523,/app/Repos/pandas/pandas/tests/io/test_pickle.py,133,145,/app/Repos/pandas/pandas/tests/io/test_pickle.py,145,155,True,565ddb540ab653ec7447f66981ac6472
1524,/app/Repos/pandas/pandas/tests/series/test_missing.py,1200,1217,/app/Repos/pandas/pandas/tests/series/test_missing.py,1217,1223,True,5a006c3be5277e32c7b1cf2ee2ff0c9f
1525,/app/Repos/pandas/pandas/tests/series/indexing/test_indexing.py,36,76,/app/Repos/pandas/pandas/tests/series/indexing/test_indexing.py,76,88,True,abb4fe79926cfeb6fe1227588155cb18
1526,/app/Repos/pandas/pandas/tests/extension/base/methods.py,67,77,/app/Repos/pandas/pandas/tests/extension/base/methods.py,67,77,True,89627eb2e8cf05a59afd7d5dec0bfc6c
1527,/app/Repos/pandas/pandas/tests/io/test_compression.py,39,65,/app/Repos/pandas/pandas/tests/io/test_compression.py,99,116,True,9b6993bbec179fbada9337fda7e7fa44
1528,/app/Repos/pandas/pandas/tests/extension/base/methods.py,108,124,/app/Repos/pandas/pandas/tests/extension/base/methods.py,108,124,True,0e018e0f83619c210dec9e47710c75fc
1529,/app/Repos/pandas/pandas/tests/extension/base/methods.py,124,143,/app/Repos/pandas/pandas/tests/extension/base/methods.py,124,143,True,623e023abdc4a09bfb81daca69e9767b
1530,/app/Repos/pandas/pandas/tests/extension/base/methods.py,108,124,/app/Repos/pandas/pandas/tests/extension/base/methods.py,124,143,True,5e4633bde1c7053e9e01847c52503ea7
1531,/app/Repos/pandas/pandas/tests/extension/base/missing.py,63,69,/app/Repos/pandas/pandas/tests/extension/base/missing.py,69,75,True,e0208552b79b15716615ca050609fb5f
1532,/app/Repos/pandas/pandas/tests/io/parser/header.py,287,297,/app/Repos/pandas/pandas/tests/io/parser/header.py,287,297,True,154a3c50f20fd59eb215c3094d29c942
1533,/app/Repos/pandas/pandas/io/sql.py,1019,1078,/app/Repos/pandas/pandas/io/sql.py,1409,1430,True,45836dcd13f17db6fff198493c2fd3d7
1534,/app/Repos/pandas/pandas/tests/test_panel.py,541,555,/app/Repos/pandas/pandas/tests/test_panel.py,561,572,True,73ebbd5b0fe945758d5e075733b28cfa
1532,/app/Repos/pandas/pandas/tests/io/parser/header.py,287,297,/app/Repos/pandas/pandas/tests/io/parser/header.py,287,297,False,154a3c50f20fd59eb215c3094d29c942
1535,/app/Repos/pandas/pandas/tests/reshape/merge/test_merge_asof.py,590,606,/app/Repos/pandas/pandas/tests/reshape/merge/test_merge_asof.py,698,714,True,e2d2a60dc3d5c133d2623cf101ccf3f5
1536,/app/Repos/pandas/pandas/tests/reshape/merge/test_merge_asof.py,606,622,/app/Repos/pandas/pandas/tests/reshape/merge/test_merge_asof.py,698,714,True,9471af4c1ee8140b9dbd9e166a081682
1537,/app/Repos/pandas/pandas/tests/series/test_api.py,290,297,/app/Repos/pandas/pandas/tests/series/test_api.py,306,316,True,c2595c4191643fd2f7f61f82dbe548aa
1538,/app/Repos/pandas/pandas/tests/io/parser/header.py,41,58,/app/Repos/pandas/pandas/tests/io/parser/header.py,297,320,True,00adee3c5e85c357bd7a890d6ee8f9f3
1539,/app/Repos/pandas/pandas/tests/series/test_api.py,306,316,/app/Repos/pandas/pandas/tests/series/test_api.py,316,326,True,6e5c22cdfbdbd5245c810123857e74cd
1540,/app/Repos/pandas/pandas/tests/reshape/merge/test_merge_asof.py,682,698,/app/Repos/pandas/pandas/tests/reshape/merge/test_merge_asof.py,698,714,True,00d7875912abf3ca63b64faca8d542f6
1541,/app/Repos/pandas/pandas/tests/series/test_apply.py,129,156,/app/Repos/pandas/pandas/tests/series/test_apply.py,629,660,True,377934bee89c5f6f6a62e3a48e52aa7c
1542,/app/Repos/pandas/pandas/tests/series/indexing/test_indexing.py,76,88,/app/Repos/pandas/pandas/tests/series/test_api.py,395,448,True,6998b7888f4011a796a1e56641724abe
1543,/app/Repos/pandas/pandas/tests/test_panel.py,812,845,/app/Repos/pandas/pandas/tests/test_panel.py,819,837,True,05985399b35334e853fc98604a4a98f6
1544,/app/Repos/pandas/pandas/tests/test_panel.py,396,406,/app/Repos/pandas/pandas/tests/test_panel.py,845,861,True,dcbb9a2a8140f665f23c0b688dacb085
1545,/app/Repos/pandas/pandas/tests/reshape/merge/test_merge_asof.py,37,52,/app/Repos/pandas/pandas/tests/reshape/merge/test_merge_asof.py,698,714,True,f760e73589d82f4c3f3c139fa6be97d8
1546,/app/Repos/pandas/pandas/tests/reshape/merge/test_merge_asof.py,121,137,/app/Repos/pandas/pandas/tests/reshape/merge/test_merge_asof.py,698,714,True,cfa6a016e9e5dc082d8760d8269550bc
1547,/app/Repos/pandas/pandas/tests/reshape/merge/test_merge_asof.py,52,121,/app/Repos/pandas/pandas/tests/reshape/merge/test_merge_asof.py,714,724,True,7aac3607992721616ffa408b32fd786b
1548,/app/Repos/pandas/pandas/tests/reshape/merge/test_merge_asof.py,578,590,/app/Repos/pandas/pandas/tests/reshape/merge/test_merge_asof.py,714,724,True,81d2ba59a778684ee5467431c8a64198
1549,/app/Repos/pandas/pandas/tests/test_panel.py,396,406,/app/Repos/pandas/pandas/tests/test_panel.py,861,887,True,26b3d9afca4d017a621ae735ce698c63
1550,/app/Repos/pandas/pandas/tests/test_expressions.py,104,111,/app/Repos/pandas/pandas/tests/test_expressions.py,237,244,True,eb16fd4056073bc5228e1ff9922f7018
1551,/app/Repos/pandas/pandas/tests/reshape/merge/test_merge_asof.py,207,219,/app/Repos/pandas/pandas/tests/reshape/merge/test_merge_asof.py,660,673,True,88a90ecf69c6fd158db2f4c996af2a1f
1552,/app/Repos/pandas/pandas/tests/reshape/merge/test_merge_asof.py,137,153,/app/Repos/pandas/pandas/tests/reshape/merge/test_merge_asof.py,698,714,True,2a5a20697933ee7ff9ad205fd7a3dee0
1553,/app/Repos/pandas/pandas/tests/test_panel.py,845,861,/app/Repos/pandas/pandas/tests/test_panel.py,861,887,True,0dec6252c604289d3f29cb251d64b566
1554,/app/Repos/pandas/pandas/tests/series/test_api.py,538,605,/app/Repos/pandas/pandas/tests/series/test_api.py,538,605,True,6f943565090a47430e9c4a4a1637ba83
1555,/app/Repos/pandas/pandas/tests/series/indexing/test_datetime.py,25,42,/app/Repos/pandas/pandas/tests/series/indexing/test_datetime.py,42,55,True,334c624b06997695593a77e41e748b5a
1556,/app/Repos/pandas/pandas/tests/reshape/merge/test_merge_asof.py,590,606,/app/Repos/pandas/pandas/tests/reshape/merge/test_merge_asof.py,808,827,True,59d0dc15f5c76cdaedb5cd171ba15de5
1557,/app/Repos/pandas/pandas/tests/reshape/merge/test_merge_asof.py,606,622,/app/Repos/pandas/pandas/tests/reshape/merge/test_merge_asof.py,808,827,True,402d58e5210a1dc7638e70c8248953f1
1558,/app/Repos/pandas/pandas/tests/util/test_util.py,131,148,/app/Repos/pandas/pandas/tests/util/test_util.py,263,281,True,3f7f688a36c11c115d1f3b978036d962
1559,/app/Repos/pandas/pandas/tests/util/test_util.py,114,131,/app/Repos/pandas/pandas/tests/util/test_util.py,263,281,True,5694180f4f9c298d6fcdc835016d2543
1560,/app/Repos/pandas/pandas/tests/util/test_util.py,245,263,/app/Repos/pandas/pandas/tests/util/test_util.py,263,281,True,0747dcced20f49bfe389f4487a860f95
1561,/app/Repos/pandas/pandas/tests/reshape/merge/test_merge_asof.py,682,698,/app/Repos/pandas/pandas/tests/reshape/merge/test_merge_asof.py,808,827,True,e1d2d3acb2961c3b6bd663a92b010652
1562,/app/Repos/pandas/pandas/tests/extension/base/reshaping.py,134,140,/app/Repos/pandas/pandas/tests/extension/base/reshaping.py,140,146,True,79b5204fae7deb23fb7d87ed4783e62a
1563,/app/Repos/pandas/pandas/tests/reshape/merge/test_merge_asof.py,698,714,/app/Repos/pandas/pandas/tests/reshape/merge/test_merge_asof.py,808,827,True,23acff51bbc129685a5b0c8af14161fe
1564,/app/Repos/pandas/pandas/tests/series/test_missing.py,890,904,/app/Repos/pandas/pandas/tests/series/test_missing.py,904,918,True,597af02591aca647d6dea09731d0975b
1565,/app/Repos/pandas/pandas/tests/series/test_missing.py,875,890,/app/Repos/pandas/pandas/tests/series/test_missing.py,904,918,True,ee6f9c0b5202ce661c43f3fd373b8dbf
1566,/app/Repos/pandas/pandas/tests/reshape/merge/test_merge_asof.py,776,792,/app/Repos/pandas/pandas/tests/reshape/merge/test_merge_asof.py,808,827,True,aa8c066c4ffed8a934451d522bf95397
1567,/app/Repos/pandas/pandas/tests/series/test_internals.py,131,138,/app/Repos/pandas/pandas/tests/series/test_internals.py,300,306,True,45d3dce34f074a434a85da85020d4597
1568,/app/Repos/pandas/pandas/tests/reshape/merge/test_merge_asof.py,792,808,/app/Repos/pandas/pandas/tests/reshape/merge/test_merge_asof.py,808,827,True,f1684b484d1c465f13e6ace99914183d
1569,/app/Repos/pandas/pandas/tests/series/test_dtypes.py,65,75,/app/Repos/pandas/pandas/tests/series/test_dtypes.py,398,411,True,f76f4a6de478f2f37b111be239830b67
1570,/app/Repos/pandas/pandas/tests/series/test_missing.py,1157,1171,/app/Repos/pandas/pandas/tests/series/test_missing.py,1171,1190,True,f4f53953f8d55228b4197b5cdaf2547c
1571,/app/Repos/pandas/pandas/tests/io/parser/dtypes.py,144,162,/app/Repos/pandas/pandas/tests/io/parser/dtypes.py,239,261,True,17c59513ae4e7c29df65ad2c55bd53dd
1572,/app/Repos/pandas/pandas/tests/series/test_missing.py,1129,1157,/app/Repos/pandas/pandas/tests/series/test_missing.py,1171,1190,True,dfc328f1fcd3c9f22d9a9ce8d2191f80
1573,/app/Repos/pandas/pandas/tests/reshape/merge/test_merge_asof.py,37,52,/app/Repos/pandas/pandas/tests/reshape/merge/test_merge_asof.py,808,827,True,7840b627e0727788a3042c144269dd3e
1574,/app/Repos/pandas/pandas/tests/io/parser/dtypes.py,207,224,/app/Repos/pandas/pandas/tests/io/parser/dtypes.py,231,239,True,5b76c3897c7f1e444b9f5e0ce4e75815
1575,/app/Repos/pandas/pandas/tests/io/parser/dtypes.py,224,231,/app/Repos/pandas/pandas/tests/io/parser/dtypes.py,231,239,True,512225945f850043ce6b1a25257085ec
1576,/app/Repos/pandas/pandas/tests/reshape/merge/test_merge_ordered.py,18,26,/app/Repos/pandas/pandas/tests/reshape/merge/test_merge_ordered.py,26,34,True,b512f8deed1e694d3774806ac7be1d75
1577,/app/Repos/pandas/pandas/tests/io/json/test_pandas.py,575,637,/app/Repos/pandas/pandas/tests/io/json/test_pandas.py,577,594,True,ea2a0cd26270a614ba469f96a10e0d02
1578,/app/Repos/pandas/pandas/tests/io/json/test_pandas.py,575,637,/app/Repos/pandas/pandas/tests/io/json/test_pandas.py,594,617,True,fb1f9455e607e22919d7fb3a785cbb31
1579,/app/Repos/pandas/pandas/tests/io/test_compression.py,23,39,/app/Repos/pandas/pandas/tests/io/test_compression.py,39,65,True,5c0a40ded81484749046222dfa695511
1580,/app/Repos/pandas/pandas/tests/reshape/test_tile.py,29,40,/app/Repos/pandas/pandas/tests/reshape/test_tile.py,60,70,True,89703968211df3f7ad9318af7bf531ce
1581,/app/Repos/pandas/pandas/tests/io/json/test_pandas.py,144,326,/app/Repos/pandas/pandas/tests/io/json/test_pandas.py,594,617,True,708ce560aca56292c7b5b2651ec5bd44
1582,/app/Repos/pandas/pandas/tests/reshape/merge/test_merge_asof.py,121,137,/app/Repos/pandas/pandas/tests/reshape/merge/test_merge_asof.py,808,827,True,efb544d758b50f4364b8cdfc4699e8ca
1583,/app/Repos/pandas/pandas/tests/io/json/test_pandas.py,98,113,/app/Repos/pandas/pandas/tests/io/json/test_pandas.py,113,144,True,0543a275e95bdf5bcdbf169a95a038c4
1584,/app/Repos/pandas/pandas/tests/reshape/test_tile.py,40,50,/app/Repos/pandas/pandas/tests/reshape/test_tile.py,60,70,True,ba92ed92874328066df8775d4930310d
1585,/app/Repos/pandas/pandas/tests/reshape/merge/test_merge_asof.py,137,153,/app/Repos/pandas/pandas/tests/reshape/merge/test_merge_asof.py,808,827,True,e8d3a0cb6b05a25811670f238e61ce5d
1586,/app/Repos/pandas/pandas/tests/reshape/test_tile.py,50,60,/app/Repos/pandas/pandas/tests/reshape/test_tile.py,60,70,True,eea1f6d37e607331bed832a0db08090c
1587,/app/Repos/pandas/pandas/tests/reshape/merge/test_merge_ordered.py,18,26,/app/Repos/pandas/pandas/tests/reshape/merge/test_merge_ordered.py,34,55,True,f5b2ecbc17d9006ccb0bfd2694db281a
1588,/app/Repos/pandas/pandas/tests/io/json/test_pandas.py,144,326,/app/Repos/pandas/pandas/tests/io/json/test_pandas.py,145,219,True,cd38b007ae9c3d79ee415192c44dc25f
1589,/app/Repos/pandas/pandas/tests/reshape/merge/test_merge_ordered.py,26,34,/app/Repos/pandas/pandas/tests/reshape/merge/test_merge_ordered.py,34,55,True,39d62140d52f4ba96933dc0b8df51a6e
1590,/app/Repos/pandas/pandas/tests/test_panel.py,243,262,/app/Repos/pandas/pandas/tests/test_panel.py,2499,2538,True,e1180838e4c9c11408e823c018fd041b
1591,/app/Repos/pandas/pandas/tests/reshape/test_tile.py,371,431,/app/Repos/pandas/pandas/tests/reshape/test_tile.py,431,466,True,a3bdfbf976f48aa034d09bd55f3a0ab6
1592,/app/Repos/pandas/pandas/io/clipboard/windows.py,26,154,/app/Repos/pandas/pandas/io/clipboard/windows.py,76,90,True,740824be5487d634c12fb4ae174f001f
1593,/app/Repos/pandas/pandas/tests/io/json/test_pandas.py,219,277,/app/Repos/pandas/pandas/tests/io/json/test_pandas.py,594,617,True,c186470570dd9a5b29c51ec17b9da222
1594,/app/Repos/pandas/pandas/tests/util/test_hashing.py,146,176,/app/Repos/pandas/pandas/tests/util/test_hashing.py,180,187,True,7b90406d098784e21c45df100ff2cf1e
1595,/app/Repos/pandas/pandas/tests/series/indexing/test_datetime.py,243,336,/app/Repos/pandas/pandas/tests/series/indexing/test_datetime.py,336,383,True,e43ad1c8c2bd05d3b15262ccb3a53a3f
1596,/app/Repos/pandas/pandas/tests/test_expressions.py,145,161,/app/Repos/pandas/pandas/tests/test_expressions.py,174,188,True,b83cde79a29ab16618ef3012c48c4b9c
1597,/app/Repos/pandas/pandas/tests/series/test_apply.py,549,563,/app/Repos/pandas/pandas/tests/series/test_apply.py,563,572,True,186c60f43e632fd2c5e16a6d8ee91da7
1598,/app/Repos/pandas/pandas/tests/io/parser/header.py,91,135,/app/Repos/pandas/pandas/tests/io/parser/header.py,329,336,True,02a18a20d79f4b1b81216d23b7cd6f0f
1599,/app/Repos/pandas/pandas/tests/io/json/test_json_table_schema.py,47,57,/app/Repos/pandas/pandas/tests/io/json/test_json_table_schema.py,57,64,True,5b71fbd52b1863cff65a6406b9b73f59
1600,/app/Repos/pandas/pandas/tests/io/parser/common.py,198,213,/app/Repos/pandas/pandas/tests/io/parser/common.py,198,213,True,845697830f1a4a34880fcb980c71cd2a
1601,/app/Repos/pandas/pandas/tests/test_panel.py,1724,1775,/app/Repos/pandas/pandas/tests/test_panel.py,1813,1824,True,c80842e4f2b63442db6d8fc30f28aa50
1602,/app/Repos/pandas/pandas/tests/io/parser/header.py,329,336,/app/Repos/pandas/pandas/tests/io/parser/header.py,336,362,True,8e6ae137d668dd9a0b2869922e461e7c
1603,/app/Repos/pandas/pandas/tests/test_panel.py,1775,1813,/app/Repos/pandas/pandas/tests/test_panel.py,1813,1824,True,80bd8cf377501810aeae57bb8bd5052e
1604,/app/Repos/pandas/pandas/tests/io/test_html.py,161,166,/app/Repos/pandas/pandas/tests/io/test_html.py,196,203,True,82ae95f8fb1f096935f3c41ab9fe3f8f
1605,/app/Repos/pandas/pandas/tests/io/test_html.py,166,172,/app/Repos/pandas/pandas/tests/io/test_html.py,196,203,True,847dc92a3d96696d715e43103dbfa6e9
1606,/app/Repos/pandas/pandas/tests/extension/base/ops.py,83,90,/app/Repos/pandas/pandas/tests/extension/test_period.py,96,107,True,7bd7482d3b60fbf09ab85b59d2d55e8b
1607,/app/Repos/pandas/pandas/tests/extension/test_period.py,84,96,/app/Repos/pandas/pandas/tests/extension/test_period.py,96,107,True,5c54f967eaa3b21754dd21df31a5ee86
1608,/app/Repos/pandas/pandas/tests/io/test_html.py,172,178,/app/Repos/pandas/pandas/tests/io/test_html.py,196,203,True,a08d29dea49ea36f565be33935c343f2
1609,/app/Repos/pandas/pandas/tests/io/test_html.py,184,190,/app/Repos/pandas/pandas/tests/io/test_html.py,196,203,True,a406df00d651cfe7ee5eebd9051f8ac3
1610,/app/Repos/pandas/pandas/tests/test_expressions.py,266,310,/app/Repos/pandas/pandas/tests/test_expressions.py,310,351,True,10aeb152bb0396e73984a8d5a255dd77
1611,/app/Repos/pandas/pandas/tests/io/test_html.py,190,196,/app/Repos/pandas/pandas/tests/io/test_html.py,196,203,True,6b088323e2d01005a538f25b1800cd62
1612,/app/Repos/pandas/pandas/tests/io/test_html.py,682,711,/app/Repos/pandas/pandas/tests/io/test_html.py,737,761,True,5375e7fcee6a5a29f884abb8d18b45d8
1613,/app/Repos/pandas/pandas/tests/io/test_html.py,711,737,/app/Repos/pandas/pandas/tests/io/test_html.py,737,761,True,46867a1981ef340e3d31dd670fe01fdf
1614,/app/Repos/pandas/pandas/tests/test_expressions.py,310,351,/app/Repos/pandas/pandas/tests/test_expressions.py,311,343,True,950e6a6a63da000f71b4ef9a2416e1dc
1615,/app/Repos/pandas/pandas/tests/io/test_html.py,404,432,/app/Repos/pandas/pandas/tests/io/test_html.py,737,761,True,f4e4215e4c9f378ca9bb75ec7a7311cc
1616,/app/Repos/pandas/pandas/tests/io/json/test_json_table_schema.py,497,520,/app/Repos/pandas/pandas/tests/io/json/test_json_table_schema.py,520,532,True,dc52135799a40840d261345c4bee523f
1617,/app/Repos/pandas/pandas/tests/io/parser/comment.py,101,108,/app/Repos/pandas/pandas/tests/io/parser/comment.py,108,119,True,9334ee0189ac7ff63b4ce17f567307bd
1618,/app/Repos/pandas/pandas/tests/io/json/test_pandas.py,666,677,/app/Repos/pandas/pandas/tests/io/json/test_pandas.py,666,677,True,5bb0e6aa3aed8214500d677b4b34bda1
1619,/app/Repos/pandas/pandas/io/common.py,580,599,/app/Repos/pandas/pandas/io/common.py,599,618,True,cb2c3141ea4819e4878cacd1c83199f6
1620,/app/Repos/pandas/pandas/tests/io/json/test_pandas.py,144,326,/app/Repos/pandas/pandas/tests/io/json/test_pandas.py,219,277,True,c8f6bfe80d6c2d95f0dd36ca4346c722
1621,/app/Repos/pandas/pandas/tests/extension/base/getitem.py,22,45,/app/Repos/pandas/pandas/tests/extension/base/getitem.py,54,77,True,a4ab2ab4fec8e14ea3f1ff0c3ec8d80b
1622,/app/Repos/pandas/pandas/tests/extension/base/getitem.py,13,22,/app/Repos/pandas/pandas/tests/extension/base/getitem.py,120,155,True,80d6bb2ffafb7c368aa3d126844b701f
1623,/app/Repos/pandas/pandas/tests/extension/base/getitem.py,45,54,/app/Repos/pandas/pandas/tests/extension/base/getitem.py,54,77,True,595fc2abbbfcc29d434c44c62a390d40
1624,/app/Repos/pandas/pandas/tests/io/formats/test_printing.py,13,22,/app/Repos/pandas/pandas/tests/io/formats/test_printing.py,47,77,True,9875f2a7f3d7124b4d95d903bf013907
1625,/app/Repos/pandas/pandas/tests/test_panel.py,1111,1135,/app/Repos/pandas/pandas/tests/test_panel.py,1470,1478,True,5bba8cf2c6bf93b70a4459fd935dee9f
1626,/app/Repos/pandas/pandas/tests/io/json/test_pandas.py,734,757,/app/Repos/pandas/pandas/tests/io/json/test_pandas.py,737,748,True,66ffbc68cdf4c2a2bb79fbccbd30becb
1627,/app/Repos/pandas/pandas/tests/frame/test_axis_select_reindex.py,393,437,/app/Repos/pandas/pandas/tests/frame/test_axis_select_reindex.py,393,437,True,5446723210edb8d737bcf8bbb2d7bcb6
1628,/app/Repos/pandas/pandas/tests/io/formats/test_printing.py,39,47,/app/Repos/pandas/pandas/tests/io/formats/test_printing.py,47,77,True,a7bcacce4389e8fa4d1623ad56289510
1629,/app/Repos/pandas/pandas/tests/io/parser/converters.py,83,143,/app/Repos/pandas/pandas/tests/io/parser/converters.py,95,107,True,3ac45cf162c4c91902191466a6b7bc7d
1630,/app/Repos/pandas/pandas/tests/io/parser/quoting.py,18,36,/app/Repos/pandas/pandas/tests/io/parser/quoting.py,66,92,True,ede237989a6ac9cc8254a6c45c8d3a57
1631,/app/Repos/pandas/pandas/tests/extension/base/getitem.py,212,220,/app/Repos/pandas/pandas/tests/extension/base/getitem.py,220,240,True,2af4ec20cf930c45c38c439a3065f48c
1632,/app/Repos/pandas/pandas/tests/io/parser/quoting.py,36,48,/app/Repos/pandas/pandas/tests/io/parser/quoting.py,66,92,True,e7a63002a8e6ac7ef3f2035c10eecf1b
1633,/app/Repos/pandas/pandas/tests/io/parser/quoting.py,48,55,/app/Repos/pandas/pandas/tests/io/parser/quoting.py,66,92,True,c5dc9e416e25d04871d4b74c0e796575
1634,/app/Repos/pandas/pandas/tests/io/json/test_pandas.py,734,757,/app/Repos/pandas/pandas/tests/io/json/test_pandas.py,757,779,True,480302782737132bd7e50f1972c1f180
1635,/app/Repos/pandas/pandas/tests/series/test_operators.py,739,779,/app/Repos/pandas/pandas/tests/series/test_operators.py,741,769,True,a509219c8db57507b2a92e74b107c46c
1636,/app/Repos/pandas/pandas/tests/io/json/test_pandas.py,418,428,/app/Repos/pandas/pandas/tests/io/json/test_pandas.py,428,436,True,6fa4b0188993c40e46d10ead8a8eb267
1637,/app/Repos/pandas/pandas/tests/extension/base/getitem.py,45,54,/app/Repos/pandas/pandas/tests/extension/base/getitem.py,220,240,True,0759a95cf6ffe010a8a61a8230dba224
1638,/app/Repos/pandas/pandas/tests/io/parser/quoting.py,48,55,/app/Repos/pandas/pandas/tests/io/parser/quoting.py,128,143,True,df3d93478100c556b8624f64341ef560
1639,/app/Repos/pandas/pandas/tests/io/parser/dtypes.py,207,224,/app/Repos/pandas/pandas/tests/io/parser/dtypes.py,224,231,True,a321123aa2c5d8e4314f68752056138c
1640,/app/Repos/pandas/pandas/tests/io/parser/dtypes.py,200,207,/app/Repos/pandas/pandas/tests/io/parser/dtypes.py,224,231,True,e2bb4fa86a34801293116ce2fa656dd3
1641,/app/Repos/pandas/pandas/tests/io/json/test_pandas.py,1068,1087,/app/Repos/pandas/pandas/tests/io/json/test_readlines.py,25,45,True,1272fdb104eb38376f2988b87063e74a
1642,/app/Repos/pandas/pandas/tests/io/json/test_pandas.py,757,779,/app/Repos/pandas/pandas/tests/io/json/test_pandas.py,758,769,True,e3b22cc3ccc38d5b19f48c0096d94c8b
1643,/app/Repos/pandas/pandas/tests/frame/test_axis_select_reindex.py,452,466,/app/Repos/pandas/pandas/tests/frame/test_axis_select_reindex.py,511,518,True,c708f107ac9f83b48dd31b70e9198b36
1644,/app/Repos/pandas/pandas/tests/util/test_util.py,114,131,/app/Repos/pandas/pandas/tests/util/test_util.py,131,148,True,294a38c926d77c89a18e430dcd0ee39a
1645,/app/Repos/pandas/pandas/tests/io/parser/common.py,1475,1483,/app/Repos/pandas/pandas/tests/io/parser/common.py,1475,1483,True,caacb5b744a565f0d2feae8706cd660f
1646,/app/Repos/pandas/pandas/tests/extension/decimal/array.py,51,67,/app/Repos/pandas/pandas/tests/extension/json/array.py,60,74,True,98d06376780e84acdf494c94345a9605
1647,/app/Repos/pandas/pandas/tests/extension/base/reshaping.py,93,106,/app/Repos/pandas/pandas/tests/extension/base/reshaping.py,106,121,True,2e5a3b986a13a9b110392b1bc46251bc
1645,/app/Repos/pandas/pandas/tests/io/parser/common.py,1475,1483,/app/Repos/pandas/pandas/tests/io/parser/common.py,1475,1483,False,caacb5b744a565f0d2feae8706cd660f
1648,/app/Repos/pandas/pandas/tests/io/parser/dtypes.py,290,299,/app/Repos/pandas/pandas/tests/io/parser/dtypes.py,299,307,True,399ec74d10d70c313d0b902b799352a8
1649,/app/Repos/pandas/pandas/tests/io/parser/dtypes.py,261,269,/app/Repos/pandas/pandas/tests/io/parser/dtypes.py,299,307,True,951c0bf34c155eef473dd056802e020e
1650,/app/Repos/pandas/pandas/tests/io/parser/dtypes.py,269,278,/app/Repos/pandas/pandas/tests/io/parser/dtypes.py,299,307,True,ccc287fe3414bfff15ef5f174a38b6ee
1651,/app/Repos/pandas/pandas/tests/util/test_util.py,307,324,/app/Repos/pandas/pandas/tests/util/test_util.py,324,339,True,3e9226b52bfdd555c15935e4bad40ca1
1652,/app/Repos/pandas/pandas/tests/io/parser/dtypes.py,278,290,/app/Repos/pandas/pandas/tests/io/parser/dtypes.py,299,307,True,e5fe5d0e633af818d265dee04bb4e385
1653,/app/Repos/pandas/pandas/tests/io/parser/common.py,851,861,/app/Repos/pandas/pandas/tests/io/parser/common.py,851,861,True,9dc814461f3a4d8656693c09de5737f1
1654,/app/Repos/pandas/pandas/tests/series/test_missing.py,468,478,/app/Repos/pandas/pandas/tests/series/test_missing.py,478,491,True,16db1f94e125f014e88affba7275bc8c
1655,/app/Repos/pandas/pandas/tests/io/json/test_pandas.py,831,849,/app/Repos/pandas/pandas/tests/io/json/test_pandas.py,1045,1051,True,d0e57cddcb85b6f5ad2dc68048df8693
1656,/app/Repos/pandas/pandas/tests/reshape/test_concat.py,578,620,/app/Repos/pandas/pandas/tests/reshape/test_pivot.py,1452,1463,True,ea4a75e4c1ad35f5faa59d82b1e02e1a
1657,/app/Repos/pandas/pandas/tests/io/parser/common.py,893,900,/app/Repos/pandas/pandas/tests/io/parser/common.py,893,900,True,05a25a3ad7f8c903cc0d3166360d72e4
1658,/app/Repos/pandas/pandas/tests/io/json/test_json_table_schema.py,532,552,/app/Repos/pandas/pandas/tests/util/test_testing.py,650,657,True,08067a886b9f076fcc0a2b00e8116fef
1659,/app/Repos/pandas/pandas/tests/io/json/test_pandas.py,1045,1051,/app/Repos/pandas/pandas/tests/io/json/test_pandas.py,1045,1051,True,9b56dc4c90f0c7306bc9180977bc72d4
1657,/app/Repos/pandas/pandas/tests/io/parser/common.py,893,900,/app/Repos/pandas/pandas/tests/io/parser/common.py,893,900,False,05a25a3ad7f8c903cc0d3166360d72e4
1660,/app/Repos/pandas/pandas/tests/series/test_missing.py,149,285,/app/Repos/pandas/pandas/tests/series/test_missing.py,648,670,True,71555b418d5b793982be4ed8066f0bce
1661,/app/Repos/pandas/pandas/tests/series/test_missing.py,875,890,/app/Repos/pandas/pandas/tests/series/test_missing.py,890,904,True,d9cb47b22d74c109bb86a71ca29e2400
1662,/app/Repos/pandas/pandas/tests/io/json/test_pandas.py,1045,1051,/app/Repos/pandas/pandas/tests/io/json/test_pandas.py,1051,1059,True,b79b66c7d4a75725063000e501521a47
1663,/app/Repos/pandas/pandas/tests/io/json/test_pandas.py,831,849,/app/Repos/pandas/pandas/tests/io/json/test_pandas.py,1051,1059,True,6ae1641b0500caa741a4a9be3006a95a
1664,/app/Repos/pandas/pandas/tests/series/test_missing.py,1217,1223,/app/Repos/pandas/pandas/tests/series/test_missing.py,1238,1245,True,e832bb85c30850f4a4dfc87d31fc6a3b
1665,/app/Repos/pandas/pandas/tests/reshape/test_concat.py,2071,2108,/app/Repos/pandas/pandas/tests/reshape/test_pivot.py,1452,1463,True,6eecb7326dffa4dd5a5e1184b0179a3a
1666,/app/Repos/pandas/pandas/tests/series/test_missing.py,1062,1080,/app/Repos/pandas/pandas/tests/series/test_missing.py,1157,1171,True,ec0bb25712a802617f25fbef3454639f
1667,/app/Repos/pandas/pandas/tests/series/test_missing.py,1048,1062,/app/Repos/pandas/pandas/tests/series/test_missing.py,1157,1171,True,0e535e8dc4b62124313fb00869c11a67
1668,/app/Repos/pandas/pandas/tests/io/json/test_pandas.py,1045,1051,/app/Repos/pandas/pandas/tests/io/json/test_pandas.py,1059,1068,True,46649c848fd9b8a773fa12d4bfb4b864
1669,/app/Repos/pandas/pandas/io/sql.py,255,317,/app/Repos/pandas/pandas/io/sql.py,317,400,True,8175e38949d901000eeb0ca266f2cf8d
1670,/app/Repos/pandas/pandas/tests/io/json/test_pandas.py,1051,1059,/app/Repos/pandas/pandas/tests/io/json/test_pandas.py,1059,1068,True,5ecfca35de3a5971b396edc3e5afb433
1671,/app/Repos/pandas/pandas/tests/series/test_missing.py,1129,1157,/app/Repos/pandas/pandas/tests/series/test_missing.py,1157,1171,True,aab53f473167c97a1b744f42c4f055fa
1672,/app/Repos/pandas/pandas/tests/io/json/test_pandas.py,1045,1051,/app/Repos/pandas/pandas/tests/io/json/test_pandas.py,1068,1087,True,18e8567d1bea949846f19652b12dab32
1673,/app/Repos/pandas/pandas/io/sql.py,134,149,/app/Repos/pandas/pandas/io/sql.py,643,662,True,2ee6cb3a4eba6f59d89395f50929add5
1674,/app/Repos/pandas/pandas/tests/series/test_missing.py,1245,1252,/app/Repos/pandas/pandas/tests/series/test_missing.py,1252,1263,True,7668ee629d3e79118bf5c6410e7472a1
1675,/app/Repos/pandas/pandas/tests/frame/test_axis_select_reindex.py,870,882,/app/Repos/pandas/pandas/tests/frame/test_axis_select_reindex.py,882,891,True,9809343146f12666ba34eea615a28ae7
1676,/app/Repos/pandas/pandas/tests/io/parser/comment.py,101,108,/app/Repos/pandas/pandas/tests/io/parser/common.py,1000,1071,True,70c5e36fd0b7167f26e62e94d39a78c5
1677,/app/Repos/pandas/pandas/tests/reshape/test_tile.py,29,40,/app/Repos/pandas/pandas/tests/reshape/test_tile.py,50,60,True,8911fcffca2e50d74349cf00e34cba27
1678,/app/Repos/pandas/pandas/tests/reshape/test_tile.py,40,50,/app/Repos/pandas/pandas/tests/reshape/test_tile.py,50,60,True,c0cd509668c80eae27980a66f43e0475
1679,/app/Repos/pandas/pandas/tests/reshape/test_tile.py,610,623,/app/Repos/pandas/pandas/tests/reshape/test_tile.py,623,634,True,21e519b33160f8a06893abc0436ebebb
1680,/app/Repos/pandas/pandas/io/sql.py,1179,1188,/app/Repos/pandas/pandas/io/sql.py,1501,1507,True,a0838992ed22ad0831907d2b74006a0e
1681,/app/Repos/pandas/pandas/tests/frame/test_axis_select_reindex.py,1151,1159,/app/Repos/pandas/pandas/tests/frame/test_axis_select_reindex.py,1159,1165,True,9eb9940379da427274d2edab15cd14d6
1682,/app/Repos/pandas/pandas/tests/frame/test_join.py,34,66,/app/Repos/pandas/pandas/tests/frame/test_join.py,34,66,True,585bcf751d3b16e383f1572ac0c88d1f
1683,/app/Repos/pandas/pandas/tests/io/parser/test_parsers.py,50,59,/app/Repos/pandas/pandas/tests/io/sas/test_xport.py,22,30,True,2d074c36281540495f27348faa04e97f
1684,/app/Repos/pandas/pandas/tests/test_panel.py,301,348,/app/Repos/pandas/pandas/tests/test_panel.py,302,331,True,6eec1aba8ff78abdb32ef1ca4824f0f7
1685,/app/Repos/pandas/pandas/tests/reshape/test_tile.py,533,557,/app/Repos/pandas/pandas/tests/reshape/test_tile.py,557,574,True,ae3ab75c0bc47d23cc0db574ff3a1233
1686,/app/Repos/pandas/pandas/tests/io/test_html.py,132,140,/app/Repos/pandas/pandas/tests/io/test_html.py,172,178,True,3397d6e681a65615c27f3bcf27237738
1687,/app/Repos/pandas/pandas/tests/frame/test_apply.py,512,522,/app/Repos/pandas/pandas/tests/frame/test_apply.py,512,522,True,1e41dc4c7de3113b7fc164160175bada
1688,/app/Repos/pandas/pandas/tests/io/test_html.py,161,166,/app/Repos/pandas/pandas/tests/io/test_html.py,172,178,True,2026c87bac5ff6874413889b3002796a
1689,/app/Repos/pandas/pandas/tests/io/test_html.py,166,172,/app/Repos/pandas/pandas/tests/io/test_html.py,172,178,True,cdbdc87005ae3159ce37db53e6783c98
1690,/app/Repos/pandas/pandas/io/sql.py,834,878,/app/Repos/pandas/pandas/io/sql.py,1315,1342,True,3c624f79fd79b2f8f32f7829a9e85b89
1691,/app/Repos/pandas/pandas/tests/io/test_html.py,232,243,/app/Repos/pandas/pandas/tests/io/test_html.py,252,261,True,06ab9d4eca4a71738b1382dd41bc0360
1692,/app/Repos/pandas/pandas/tests/io/test_html.py,243,252,/app/Repos/pandas/pandas/tests/io/test_html.py,252,261,True,625210791399567108fd77553eba512c
1693,/app/Repos/pandas/pandas/tests/extension/base/methods.py,27,33,/app/Repos/pandas/pandas/tests/extension/base/methods.py,27,33,True,1cc1e61803e204da71410c30f10f5d9f
1694,/app/Repos/pandas/pandas/tests/io/test_html.py,358,368,/app/Repos/pandas/pandas/tests/io/test_html.py,368,377,True,18d7275663ad39e52b5f97176dcedcbe
1695,/app/Repos/pandas/pandas/tests/io/json/test_json_table_schema.py,276,293,/app/Repos/pandas/pandas/tests/io/json/test_json_table_schema.py,293,311,True,400275ee2ae0515ae1debc6b877c04c5
1696,/app/Repos/pandas/pandas/tests/io/parser/na_values.py,20,34,/app/Repos/pandas/pandas/tests/io/parser/na_values.py,20,34,True,ab1c3298c85187109c0c8fcf235878eb
1697,/app/Repos/pandas/pandas/tests/reshape/merge/test_merge_asof.py,590,606,/app/Repos/pandas/pandas/tests/reshape/merge/test_merge_asof.py,792,808,True,31595c2fc50725c221c38660ff856dc5
1698,/app/Repos/pandas/pandas/tests/io/test_html.py,161,166,/app/Repos/pandas/pandas/tests/io/test_html.py,190,196,True,02a207945190086380c00fffbd69d048
1699,/app/Repos/pandas/pandas/tests/io/test_html.py,166,172,/app/Repos/pandas/pandas/tests/io/test_html.py,190,196,True,07936e65f253caaa797e4af4494c73e7
1700,/app/Repos/pandas/pandas/tests/io/test_html.py,172,178,/app/Repos/pandas/pandas/tests/io/test_html.py,190,196,True,1a3fbd72978287b24e1cb93c3eb1d9be
1701,/app/Repos/pandas/pandas/tests/reshape/merge/test_merge_asof.py,606,622,/app/Repos/pandas/pandas/tests/reshape/merge/test_merge_asof.py,792,808,True,51715fbbb35e06255a6159012c1ffcbc
1702,/app/Repos/pandas/pandas/tests/io/test_html.py,184,190,/app/Repos/pandas/pandas/tests/io/test_html.py,190,196,True,579896edf737d871791ef073f746a300
1703,/app/Repos/pandas/pandas/tests/io/parser/comment.py,17,31,/app/Repos/pandas/pandas/tests/io/parser/common.py,1172,1198,True,cea5d5c776ad47bc0c3eb82c2559b9df
1704,/app/Repos/pandas/pandas/tests/series/test_api.py,61,93,/app/Repos/pandas/pandas/tests/series/test_api.py,97,107,True,239b6a51e20d4c73a4c3874f8622c4d1
1705,/app/Repos/pandas/pandas/tests/tseries/offsets/test_ticks.py,82,98,/app/Repos/pandas/pandas/tests/tseries/offsets/test_ticks.py,113,131,True,e38b723838bdb06d3c016e6fbfff872c
1706,/app/Repos/pandas/pandas/tests/extension/base/methods.py,37,42,/app/Repos/pandas/pandas/tests/extension/base/methods.py,42,47,True,5ebc84fce0456758d069afb828b6ef41
1707,/app/Repos/pandas/pandas/tests/reshape/merge/test_merge_asof.py,682,698,/app/Repos/pandas/pandas/tests/reshape/merge/test_merge_asof.py,792,808,True,a5d4027f9c1244ecd02fd7590ba7617d
1708,/app/Repos/pandas/pandas/tests/io/parser/comment.py,31,57,/app/Repos/pandas/pandas/tests/io/parser/common.py,1172,1198,True,b503bd1fca00858fe376a89706fb5290
1709,/app/Repos/pandas/pandas/tests/io/parser/comment.py,57,71,/app/Repos/pandas/pandas/tests/io/parser/common.py,1172,1198,True,47c27dc39537448695ca28584e708cc7
1710,/app/Repos/pandas/pandas/tests/io/parser/header.py,287,297,/app/Repos/pandas/pandas/tests/io/parser/na_values.py,227,266,True,d3773b15bcdbd7ca834d23df5cab0d31
1711,/app/Repos/pandas/pandas/tests/extension/base/methods.py,47,57,/app/Repos/pandas/pandas/tests/extension/base/methods.py,57,67,True,fa04dbf35329e5887da5d5f19f8bb9d4
1712,/app/Repos/pandas/pandas/tests/reshape/merge/test_merge_asof.py,698,714,/app/Repos/pandas/pandas/tests/reshape/merge/test_merge_asof.py,792,808,True,f64d2d50e69f037890a53d55500bff04
1713,/app/Repos/pandas/pandas/tests/io/parser/comment.py,71,84,/app/Repos/pandas/pandas/tests/io/parser/common.py,1172,1198,True,6042bb9599165dc9793d96578a1bd6b6
1714,/app/Repos/pandas/pandas/tests/io/parser/test_parsers.py,70,79,/app/Repos/pandas/pandas/tests/io/parser/test_parsers.py,108,116,True,fd1e589fc72a712ee2ac67ac44585db7
1715,/app/Repos/pandas/pandas/tests/reshape/merge/test_merge_asof.py,776,792,/app/Repos/pandas/pandas/tests/reshape/merge/test_merge_asof.py,792,808,True,7b6d44fb375276a498a202ee9428be25
1716,/app/Repos/pandas/pandas/tests/io/parser/test_parsers.py,90,99,/app/Repos/pandas/pandas/tests/io/parser/test_parsers.py,108,116,True,0e675abac07d06ee7add0d11a3f3defe
1717,/app/Repos/pandas/pandas/tests/io/parser/comment.py,84,101,/app/Repos/pandas/pandas/tests/io/parser/common.py,1172,1198,True,572a67a9b0ca01409c1046ee19c346ce
1718,/app/Repos/pandas/pandas/tests/tseries/offsets/test_ticks.py,98,113,/app/Repos/pandas/pandas/tests/tseries/offsets/test_ticks.py,113,131,True,eb10e2afed944161827f1ae83f4b3cb0
1719,/app/Repos/pandas/pandas/tests/reshape/merge/test_merge_asof.py,37,52,/app/Repos/pandas/pandas/tests/reshape/merge/test_merge_asof.py,792,808,True,275046bbfa81ec20ea276cd7b84a6d5c
1720,/app/Repos/pandas/pandas/tests/io/parser/comment.py,17,31,/app/Repos/pandas/pandas/tests/io/parser/common.py,1198,1212,True,07008b4ba00ec414945aceba00bb518b
1721,/app/Repos/pandas/pandas/tests/frame/test_apply.py,877,899,/app/Repos/pandas/pandas/tests/frame/test_apply.py,877,899,True,4892fb5c4bfd4296593e052787367fec
1722,/app/Repos/pandas/pandas/tests/io/parser/comment.py,31,57,/app/Repos/pandas/pandas/tests/io/parser/common.py,1198,1212,True,b09048e2e6301de06159c3b2c69c12df
1723,/app/Repos/pandas/pandas/tests/reshape/merge/test_merge_asof.py,121,137,/app/Repos/pandas/pandas/tests/reshape/merge/test_merge_asof.py,792,808,True,71b7f1b817c2b5f5e70e42c6149198eb
1724,/app/Repos/pandas/pandas/tests/io/parser/comment.py,57,71,/app/Repos/pandas/pandas/tests/io/parser/common.py,1198,1212,True,0198bc51c51837d279ee28d90d067fd8
1725,/app/Repos/pandas/pandas/tests/io/parser/comment.py,71,84,/app/Repos/pandas/pandas/tests/io/parser/common.py,1198,1212,True,3663c8e7e169a48efded6911e20e1efb
1726,/app/Repos/pandas/pandas/tests/io/parser/skiprows.py,80,117,/app/Repos/pandas/pandas/tests/io/parser/skiprows.py,130,165,True,066b1aaef2274c007f520516e08ed57f
1727,/app/Repos/pandas/pandas/tests/reshape/merge/test_merge_asof.py,137,153,/app/Repos/pandas/pandas/tests/reshape/merge/test_merge_asof.py,792,808,True,a5fa752bb54da4ac6a122e041b22e940
1728,/app/Repos/pandas/pandas/tests/io/parser/comment.py,84,101,/app/Repos/pandas/pandas/tests/io/parser/common.py,1198,1212,True,e642ae352c895f0bc2601113374209f0
1729,/app/Repos/pandas/pandas/tests/io/parser/skiprows.py,117,130,/app/Repos/pandas/pandas/tests/io/parser/skiprows.py,130,165,True,23f81a918aeeb35131f84d319e3da0a5
1730,/app/Repos/pandas/pandas/tests/extension/base/getitem.py,120,155,/app/Repos/pandas/pandas/tests/series/indexing/test_indexing.py,188,231,True,a29500859a2dfcff2f8d24e231dccb60
1731,/app/Repos/pandas/pandas/tests/io/parser/comment.py,17,31,/app/Repos/pandas/pandas/tests/io/parser/comment.py,84,101,True,d78b47e8afbcbd9f12dc33b724388591
1732,/app/Repos/pandas/pandas/tests/io/parser/comment.py,31,57,/app/Repos/pandas/pandas/tests/io/parser/comment.py,84,101,True,245a2e0d582972e943c6a20510af964b
1733,/app/Repos/pandas/pandas/tests/io/parser/comment.py,57,71,/app/Repos/pandas/pandas/tests/io/parser/comment.py,84,101,True,7580ddb55627b5eb789d25499a596f23
1734,/app/Repos/pandas/pandas/tests/io/parser/comment.py,71,84,/app/Repos/pandas/pandas/tests/io/parser/comment.py,84,101,True,2a3e1069d0f3e92388146e8093b4e9c9
1735,/app/Repos/pandas/pandas/tests/extension/base/getitem.py,13,22,/app/Repos/pandas/pandas/tests/extension/base/getitem.py,45,54,True,55085ae939dc4a553227a695ccb62bfa
1736,/app/Repos/pandas/pandas/tests/series/test_alter_axes.py,254,276,/app/Repos/pandas/pandas/tests/series/test_alter_axes.py,276,287,True,6ff9b1442cffe7a27916ba3ac11a8244
1737,/app/Repos/pandas/pandas/tests/series/test_alter_axes.py,237,254,/app/Repos/pandas/pandas/tests/series/test_alter_axes.py,276,287,True,55b33f0398e3fc28f50095958bc7aa1c
1738,/app/Repos/pandas/pandas/tests/io/parser/quoting.py,48,55,/app/Repos/pandas/pandas/tests/io/parser/quoting.py,55,66,True,c395fbea24537385ce19f6d7587dd060
1739,/app/Repos/pandas/pandas/tests/io/test_clipboard.py,161,177,/app/Repos/pandas/pandas/tests/io/test_clipboard.py,177,186,True,094ff1e280629c3e792a29e2d6ed219b
1740,/app/Repos/pandas/pandas/tests/io/parser/common.py,1330,1341,/app/Repos/pandas/pandas/tests/io/parser/common.py,1330,1341,True,e2308ef3eca35f786972290788e592c5
1741,/app/Repos/pandas/pandas/tests/util/test_util.py,47,55,/app/Repos/pandas/pandas/tests/util/test_util.py,81,91,True,49887480ddd40dc72820d100fbae40f4
1742,/app/Repos/pandas/pandas/tests/tseries/offsets/test_ticks.py,82,98,/app/Repos/pandas/pandas/tests/tseries/offsets/test_ticks.py,161,180,True,7f1f3281843657b218cc03be1be8a280
1743,/app/Repos/pandas/pandas/tests/io/parser/dtypes.py,261,269,/app/Repos/pandas/pandas/tests/io/parser/dtypes.py,269,278,True,1b7dd48f2121351d8b7bb27bd06028d0
1744,/app/Repos/pandas/pandas/tests/tseries/offsets/test_ticks.py,98,113,/app/Repos/pandas/pandas/tests/tseries/offsets/test_ticks.py,161,180,True,49c7ea1da1f96039013e77a19c4a3743
1745,/app/Repos/pandas/pandas/tests/extension/base/reshaping.py,134,140,/app/Repos/pandas/pandas/tests/extension/base/setitem.py,137,153,True,1ad190b2446d5e64f0b7de107beb21ca
1746,/app/Repos/pandas/pandas/tests/extension/base/reshaping.py,140,146,/app/Repos/pandas/pandas/tests/extension/base/setitem.py,137,153,True,461db6fd02d3f3d07f61c65caa987581
1747,/app/Repos/pandas/pandas/tests/tseries/offsets/test_ticks.py,113,131,/app/Repos/pandas/pandas/tests/tseries/offsets/test_ticks.py,161,180,True,00e9aa6dc381b942e9d749f3130bf615
1748,/app/Repos/pandas/pandas/tests/extension/base/reshaping.py,134,140,/app/Repos/pandas/pandas/tests/extension/base/setitem.py,153,164,True,2cb3d13e72febf04ba702722b06ae9a0
1749,/app/Repos/pandas/pandas/tests/tseries/offsets/test_ticks.py,131,152,/app/Repos/pandas/pandas/tests/tseries/offsets/test_ticks.py,161,180,True,8f5a6722d276e1499f58e633c3265fb7
1750,/app/Repos/pandas/pandas/tests/io/formats/test_printing.py,13,22,/app/Repos/pandas/pandas/tests/io/formats/test_printing.py,39,47,True,a783c2cc39545c64dc9d86d3243862af
1751,/app/Repos/pandas/pandas/tests/frame/test_axis_select_reindex.py,511,518,/app/Repos/pandas/pandas/tests/frame/test_quantile.py,21,63,True,11e3b025f07d4442de14c7f533c1e786
1752,/app/Repos/pandas/pandas/tests/reshape/test_concat.py,1175,1190,/app/Repos/pandas/pandas/tests/series/indexing/test_indexing.py,709,723,True,811392544bce0e1b2b1f08a2658844e0
1753,/app/Repos/pandas/pandas/tests/frame/test_axis_select_reindex.py,511,518,/app/Repos/pandas/pandas/tests/frame/test_quantile.py,79,103,True,b7a137bc8950a9f01a024d338af9d0c5
1754,/app/Repos/pandas/pandas/tests/io/parser/dtypes.py,261,269,/app/Repos/pandas/pandas/tests/io/parser/dtypes.py,290,299,True,e4c730e00ce26caa5c9bcd940af6133d
1755,/app/Repos/pandas/pandas/tests/frame/test_axis_select_reindex.py,511,518,/app/Repos/pandas/pandas/tests/frame/test_quantile.py,103,161,True,55b5d6a6d40ae14d89668526561548fe
1756,/app/Repos/pandas/pandas/tests/io/parser/dtypes.py,269,278,/app/Repos/pandas/pandas/tests/io/parser/dtypes.py,290,299,True,5d98798ebc97d999dae70acb0fb57d86
1757,/app/Repos/pandas/pandas/tests/io/parser/dtypes.py,278,290,/app/Repos/pandas/pandas/tests/io/parser/dtypes.py,290,299,True,4fe76d32dc021126c918d1e2e1c418ab
1758,/app/Repos/pandas/pandas/tests/frame/test_api.py,44,54,/app/Repos/pandas/pandas/tests/frame/test_api.py,44,54,True,424601e42ec6c6ac9768f428f62985fc
1759,/app/Repos/pandas/pandas/tests/frame/test_axis_select_reindex.py,393,437,/app/Repos/pandas/pandas/tests/io/test_packers.py,388,396,True,2ab15ebdd5f1d99d53e2a34f3fa07b57
1760,/app/Repos/pandas/pandas/tests/frame/test_asof.py,82,111,/app/Repos/pandas/pandas/tests/frame/test_asof.py,82,111,True,ff3009f4a3775b2d410300b652caef62
1760,/app/Repos/pandas/pandas/tests/frame/test_asof.py,82,111,/app/Repos/pandas/pandas/tests/frame/test_asof.py,82,111,False,ff3009f4a3775b2d410300b652caef62
1761,/app/Repos/pandas/pandas/tests/io/parser/test_parsers.py,50,59,/app/Repos/pandas/pandas/tests/io/test_stata.py,42,104,True,ebadd9316bd6be3ce4624f7324c0d355
1762,/app/Repos/pandas/pandas/tests/io/test_packers.py,908,917,/app/Repos/pandas/pandas/tests/io/test_packers.py,908,917,True,9adec57fe2d7fa843656347e6c282672
1762,/app/Repos/pandas/pandas/tests/io/test_packers.py,908,917,/app/Repos/pandas/pandas/tests/io/test_packers.py,908,917,False,9adec57fe2d7fa843656347e6c282672
1762,/app/Repos/pandas/pandas/tests/io/test_packers.py,908,917,/app/Repos/pandas/pandas/tests/io/test_packers.py,908,917,False,9adec57fe2d7fa843656347e6c282672
1763,/app/Repos/pandas/pandas/tests/io/test_packers.py,917,926,/app/Repos/pandas/pandas/tests/io/test_packers.py,917,926,True,6e8a182e093ff4271dc4b3161f02295b
1763,/app/Repos/pandas/pandas/tests/io/test_packers.py,917,926,/app/Repos/pandas/pandas/tests/io/test_packers.py,917,926,False,6e8a182e093ff4271dc4b3161f02295b
1763,/app/Repos/pandas/pandas/tests/io/test_packers.py,917,926,/app/Repos/pandas/pandas/tests/io/test_packers.py,917,926,False,6e8a182e093ff4271dc4b3161f02295b
1760,/app/Repos/pandas/pandas/tests/frame/test_asof.py,82,111,/app/Repos/pandas/pandas/tests/frame/test_asof.py,82,111,False,ff3009f4a3775b2d410300b652caef62
1764,/app/Repos/pandas/pandas/tests/extension/base/reshaping.py,44,71,/app/Repos/pandas/pandas/tests/extension/test_sparse.py,100,114,True,36af6bc501cf8336539c411f4597f8be
1765,/app/Repos/pandas/pandas/tests/frame/test_timeseries.py,703,709,/app/Repos/pandas/pandas/tests/frame/test_timeseries.py,703,709,True,c1fc0cb2350569156f4a3e858d509631
1766,/app/Repos/pandas/pandas/tests/series/test_missing.py,585,590,/app/Repos/pandas/pandas/tests/series/test_missing.py,596,601,True,6bda6f2537714063b5da8bd7f812807a
1767,/app/Repos/pandas/pandas/tests/frame/test_api.py,508,518,/app/Repos/pandas/pandas/tests/frame/test_api.py,508,518,True,ebb097b321599e8fe2e527afdece60bf
1768,/app/Repos/pandas/pandas/tests/extension/base/getitem.py,120,155,/app/Repos/pandas/pandas/tests/extension/test_sparse.py,137,145,True,a1325b84ef830988fe70bf41c39b1962
1769,/app/Repos/pandas/pandas/tests/series/test_missing.py,491,560,/app/Repos/pandas/pandas/tests/series/test_missing.py,596,601,True,7709e5fc054a1651be00db41414f6863
1770,/app/Repos/pandas/pandas/tests/series/test_missing.py,700,709,/app/Repos/pandas/pandas/tests/series/test_missing.py,709,718,True,20704bd5fc3a41c6763302b4ec082bee
1771,/app/Repos/pandas/pandas/tests/extension/base/missing.py,11,26,/app/Repos/pandas/pandas/tests/extension/test_sparse.py,154,171,True,5c58cd7b5c270f4ec80c05d2c4a72939
1772,/app/Repos/pandas/pandas/tests/series/test_missing.py,918,930,/app/Repos/pandas/pandas/tests/series/test_missing.py,958,969,True,4d2f627106894667d7a25e10372ef145
1773,/app/Repos/pandas/pandas/tests/extension/base/missing.py,105,121,/app/Repos/pandas/pandas/tests/extension/test_sparse.py,188,211,True,eb053a9ec7cf2c12b26b624519738cea
1774,/app/Repos/pandas/pandas/tests/series/test_missing.py,953,958,/app/Repos/pandas/pandas/tests/series/test_missing.py,1080,1091,True,b11c0efaaed0849fae64ef56f9091de5
1775,/app/Repos/pandas/pandas/tests/extension/base/methods.py,108,124,/app/Repos/pandas/pandas/tests/extension/test_sparse.py,213,235,True,353f6e1642efc3ed57215c6a6958583b
1776,/app/Repos/pandas/pandas/tests/extension/test_categorical.py,178,195,/app/Repos/pandas/pandas/tests/extension/test_sparse.py,213,235,True,33ffd110031c9040a02794e2afc865e2
1777,/app/Repos/pandas/pandas/tests/extension/base/methods.py,124,143,/app/Repos/pandas/pandas/tests/extension/test_sparse.py,213,235,True,6ae230340d8fa00fa952922c81887c69
1778,/app/Repos/pandas/pandas/tests/series/test_missing.py,1030,1048,/app/Repos/pandas/pandas/tests/series/test_missing.py,1080,1091,True,1ed01928006d6fd8753bfc84621c720a
1779,/app/Repos/pandas/pandas/tests/frame/test_mutate_columns.py,265,284,/app/Repos/pandas/pandas/tests/frame/test_mutate_columns.py,265,284,True,016b48774e46e7bb0d3db613cdf32e2e
1780,/app/Repos/pandas/pandas/tests/io/parser/c_parser_only.py,58,67,/app/Repos/pandas/pandas/tests/io/parser/c_parser_only.py,58,67,True,9a726dc95ef9170089af5c17f71f30df
1781,/app/Repos/pandas/pandas/tests/series/test_missing.py,1048,1062,/app/Repos/pandas/pandas/tests/series/test_missing.py,1080,1091,True,23ca86dbbd1fc69dae7ebb6a90787425
1232,/app/Repos/pandas/pandas/tests/frame/test_indexing.py,72,77,/app/Repos/pandas/pandas/tests/frame/test_indexing.py,72,77,False,0873b20d54e151c01bb781477fe600d4
1782,/app/Repos/pandas/pandas/tests/frame/test_axis_select_reindex.py,29,69,/app/Repos/pandas/pandas/tests/frame/test_indexing.py,72,77,True,81d0452bab286222bc5384697082c4cf
1783,/app/Repos/pandas/pandas/tests/frame/test_axis_select_reindex.py,149,184,/app/Repos/pandas/pandas/tests/frame/test_indexing.py,72,77,True,01b38ae8e1bc5dd3005a3cefb9d9510e
1784,/app/Repos/pandas/pandas/tests/frame/test_axis_select_reindex.py,518,548,/app/Repos/pandas/pandas/tests/frame/test_indexing.py,72,77,True,3701c8073e57944d65f62af44441e208
1232,/app/Repos/pandas/pandas/tests/frame/test_indexing.py,72,77,/app/Repos/pandas/pandas/tests/frame/test_indexing.py,72,77,False,0873b20d54e151c01bb781477fe600d4
1785,/app/Repos/pandas/pandas/io/formats/csvs.py,277,295,/app/Repos/pandas/pandas/io/sql.py,618,643,True,1962ca3a2d371491f4daf2f3eba85483
1786,/app/Repos/pandas/pandas/tests/io/parser/c_parser_only.py,198,206,/app/Repos/pandas/pandas/tests/io/parser/c_parser_only.py,198,206,True,722bb67b58b9ca7b60630ff8149c10ea
1786,/app/Repos/pandas/pandas/tests/io/parser/c_parser_only.py,198,206,/app/Repos/pandas/pandas/tests/io/parser/c_parser_only.py,198,206,False,722bb67b58b9ca7b60630ff8149c10ea
1787,/app/Repos/pandas/pandas/tests/io/parser/c_parser_only.py,236,250,/app/Repos/pandas/pandas/tests/io/parser/c_parser_only.py,236,250,True,505474df5c921eb31ab712ce2ff63da6
1788,/app/Repos/pandas/pandas/io/sql.py,1080,1146,/app/Repos/pandas/pandas/io/sql.py,1436,1483,True,fe23ba4b697ab5c8359de1f3ffd23108
1789,/app/Repos/pandas/pandas/tests/util/test_hashing.py,47,53,/app/Repos/pandas/pandas/tests/util/test_hashing.py,104,110,True,830420ed30d1916a65d3ec08afd411ba
1790,/app/Repos/pandas/pandas/tests/io/msgpack/test_extension.py,42,62,/app/Repos/pandas/pandas/tests/io/msgpack/test_extension.py,43,51,True,2588effac3fe503e19cf7199aa4542f9
1791,/app/Repos/pandas/pandas/tests/io/parser/header.py,273,287,/app/Repos/pandas/pandas/tests/io/parser/usecols.py,36,90,True,bb38308646d44c2575a33e01f2d4331d
1787,/app/Repos/pandas/pandas/tests/io/parser/c_parser_only.py,236,250,/app/Repos/pandas/pandas/tests/io/parser/c_parser_only.py,236,250,False,505474df5c921eb31ab712ce2ff63da6
1792,/app/Repos/pandas/pandas/tests/io/test_html.py,132,140,/app/Repos/pandas/pandas/tests/io/test_html.py,166,172,True,da3b6563d95a1934c0a647357dfa3d16
1793,/app/Repos/pandas/pandas/tests/io/test_html.py,161,166,/app/Repos/pandas/pandas/tests/io/test_html.py,166,172,True,01eeb56bc2eb58bf03d84d7542e6d508
1794,/app/Repos/pandas/pandas/tests/io/test_html.py,232,243,/app/Repos/pandas/pandas/tests/io/test_html.py,243,252,True,24fd7c443bc938bc12cd5fb23a8f4d89
1795,/app/Repos/pandas/pandas/tests/io/parser/header.py,287,297,/app/Repos/pandas/pandas/tests/io/parser/usecols.py,193,262,True,22a8fb76324bfa4f091a162a9874ab29
1796,/app/Repos/pandas/pandas/tests/io/json/test_json_table_schema.py,339,346,/app/Repos/pandas/pandas/tests/io/json/test_json_table_schema.py,346,353,True,38e28606a3a7db43243e1a6fb011c67a
1797,/app/Repos/pandas/pandas/tests/io/parser/header.py,287,297,/app/Repos/pandas/pandas/tests/io/parser/usecols.py,262,288,True,0d6d2d42fdf007b9e6d0b4dc129320e0
1798,/app/Repos/pandas/pandas/tests/io/parser/header.py,287,297,/app/Repos/pandas/pandas/tests/io/parser/usecols.py,288,314,True,f16a3a6fd6319fd7a0984bbe470d8008
1799,/app/Repos/pandas/pandas/tests/io/msgpack/test_sequnpack.py,25,45,/app/Repos/pandas/pandas/tests/io/msgpack/test_sequnpack.py,45,56,True,5e73dadf4d169b1b6426fc2cec2c72ec
1800,/app/Repos/pandas/pandas/tests/io/parser/header.py,329,336,/app/Repos/pandas/pandas/tests/io/parser/usecols.py,490,549,True,14506f201e5d1a174d64d86aef7f20b1
1801,/app/Repos/pandas/pandas/tests/frame/test_analytics.py,984,996,/app/Repos/pandas/pandas/tests/frame/test_analytics.py,984,996,True,4c1f7fc604e72451399e188766f5c4aa
1802,/app/Repos/pandas/pandas/tests/frame/test_axis_select_reindex.py,1086,1115,/app/Repos/pandas/pandas/tests/frame/test_indexing.py,1219,1232,True,99abe6b41947a810223d1d8a5d2526a0
1803,/app/Repos/pandas/pandas/tests/io/parser/header.py,287,297,/app/Repos/pandas/pandas/tests/io/parser/parse_dates.py,294,309,True,f93382414de260a01ac7b07b57bdcab2
1804,/app/Repos/pandas/pandas/tests/frame/test_analytics.py,1274,1287,/app/Repos/pandas/pandas/tests/frame/test_analytics.py,1274,1287,True,c5aae22d0b2f163c84fcd6ecc7833c1f
1805,/app/Repos/pandas/pandas/tests/frame/test_analytics.py,765,777,/app/Repos/pandas/pandas/tests/frame/test_analytics.py,765,777,True,aeea59995bfe230e5790c08c33a90477
1806,/app/Repos/pandas/pandas/tests/frame/test_analytics.py,2254,2263,/app/Repos/pandas/pandas/tests/frame/test_analytics.py,2254,2263,True,73bbb511e9fc7e4a394f9ac85d9e163f
1806,/app/Repos/pandas/pandas/tests/frame/test_analytics.py,2254,2263,/app/Repos/pandas/pandas/tests/frame/test_analytics.py,2254,2263,False,73bbb511e9fc7e4a394f9ac85d9e163f
1806,/app/Repos/pandas/pandas/tests/frame/test_analytics.py,2254,2263,/app/Repos/pandas/pandas/tests/frame/test_analytics.py,2254,2263,False,73bbb511e9fc7e4a394f9ac85d9e163f
1807,/app/Repos/pandas/pandas/tests/frame/test_constructors.py,503,530,/app/Repos/pandas/pandas/tests/frame/test_constructors.py,503,530,True,4bc2072297c9f1c293534141d590376d
1808,/app/Repos/pandas/pandas/tests/tseries/offsets/test_ticks.py,82,98,/app/Repos/pandas/pandas/tests/tseries/offsets/test_ticks.py,98,113,True,78bd7dd1103437aa0391c8df6aa87b43
1809,/app/Repos/pandas/pandas/tests/io/parser/test_parsers.py,50,59,/app/Repos/pandas/pandas/tests/io/parser/test_textreader.py,26,33,True,1200972caf267ce9c8046a87f71fb79a
1810,/app/Repos/pandas/pandas/tests/series/test_api.py,469,481,/app/Repos/pandas/pandas/tests/test_resample.py,2990,3003,True,475d46b74eafaa667b99c59e027e68c3
1811,/app/Repos/pandas/pandas/tests/io/parser/skiprows.py,80,117,/app/Repos/pandas/pandas/tests/io/parser/skiprows.py,117,130,True,010406c0102dc1ca26957b032f7e16b4
1812,/app/Repos/pandas/pandas/tests/series/indexing/test_indexing.py,412,454,/app/Repos/pandas/pandas/tests/series/indexing/test_indexing.py,454,497,True,bd59d5f9fff5e8765fcdbe1c2d0490a2
1813,/app/Repos/pandas/pandas/tests/arrays/categorical/test_analytics.py,294,301,/app/Repos/pandas/pandas/tests/arrays/categorical/test_analytics.py,294,301,True,f313afc8c7fd4fb429418f1dd7fc116c
1814,/app/Repos/pandas/pandas/tests/series/test_internals.py,138,146,/app/Repos/pandas/pandas/tests/series/test_internals.py,306,313,True,1faad2a522dab71a09c9e46ba8fa3c80
1815,/app/Repos/pandas/pandas/tests/series/test_internals.py,300,306,/app/Repos/pandas/pandas/tests/series/test_internals.py,306,313,True,36dbd937710a06390183d8ae00544cde
1249,/app/Repos/pandas/pandas/tests/frame/test_constructors.py,1884,1893,/app/Repos/pandas/pandas/tests/frame/test_constructors.py,1884,1893,False,fa859579a6869fddc2637cf7fe902a60
1816,/app/Repos/pandas/pandas/tests/io/parser/dtypes.py,65,116,/app/Repos/pandas/pandas/tests/io/parser/dtypes.py,186,200,True,2f94886d4a61d0ad8fc50fa417697568
1817,/app/Repos/pandas/pandas/tests/io/parser/dtypes.py,162,186,/app/Repos/pandas/pandas/tests/io/parser/dtypes.py,186,200,True,c7129992664bd7b4f18ab7b8100c2e81
1818,/app/Repos/pandas/pandas/tests/frame/test_axis_select_reindex.py,122,149,/app/Repos/pandas/pandas/tests/groupby/test_groupby.py,1488,1534,True,f9c8445f695fae5061e59b14d9a8567c
1819,/app/Repos/pandas/pandas/tests/io/json/test_pandas.py,41,83,/app/Repos/pandas/pandas/tests/io/test_excel.py,42,50,True,28bcfa0af96ba9bc32a2798a54dd8d08
1820,/app/Repos/pandas/pandas/tests/series/test_api.py,605,681,/app/Repos/pandas/pandas/tests/test_strings.py,31,44,True,95b2b368cf26d472e2eaabee8e518fda
905,/app/Repos/pandas/pandas/tests/groupby/test_whitelist.py,106,117,/app/Repos/pandas/pandas/tests/groupby/test_whitelist.py,106,117,False,f01d871fb47a34dac451ec6c84f709b5
905,/app/Repos/pandas/pandas/tests/groupby/test_whitelist.py,106,117,/app/Repos/pandas/pandas/tests/groupby/test_whitelist.py,106,117,False,f01d871fb47a34dac451ec6c84f709b5
1821,/app/Repos/pandas/pandas/tests/groupby/test_grouping.py,354,364,/app/Repos/pandas/pandas/tests/groupby/test_grouping.py,354,364,True,9b271b88c4654d4655cf87d22c71d0ee
1822,/app/Repos/pandas/pandas/tests/groupby/test_whitelist.py,194,208,/app/Repos/pandas/pandas/tests/groupby/test_whitelist.py,194,208,True,35b7739818811c7d69d18aab3a1b89c2
1823,/app/Repos/pandas/pandas/tests/frame/test_dtypes.py,350,360,/app/Repos/pandas/pandas/tests/frame/test_dtypes.py,350,360,True,4f489b6c3ab6ed0fc9bc7ee52150b84c
1824,/app/Repos/pandas/pandas/tests/frame/test_alter_axes.py,660,700,/app/Repos/pandas/pandas/tests/frame/test_alter_axes.py,660,700,True,e5b6bafb5035bbf8c4a2c63fc00e4462
1825,/app/Repos/pandas/pandas/tests/frame/test_dtypes.py,825,835,/app/Repos/pandas/pandas/tests/frame/test_dtypes.py,825,835,True,1e1e65e1821361e4148f6ff5d4dfb62d
1826,/app/Repos/pandas/pandas/tests/frame/test_alter_axes.py,774,783,/app/Repos/pandas/pandas/tests/frame/test_alter_axes.py,774,783,True,1562b59193f6cdbda47d7a6a8aa822dd
1827,/app/Repos/pandas/pandas/tests/frame/test_alter_axes.py,783,820,/app/Repos/pandas/pandas/tests/frame/test_alter_axes.py,783,820,True,2d20cc7168ab34d68d3c2fdfb85457a4
1828,/app/Repos/pandas/pandas/tests/frame/test_alter_axes.py,1042,1069,/app/Repos/pandas/pandas/tests/frame/test_alter_axes.py,1042,1069,True,67cba246902564cad4b17decdb6a74df
1829,/app/Repos/pandas/pandas/tests/frame/test_axis_select_reindex.py,69,81,/app/Repos/pandas/pandas/tests/test_multilevel.py,1737,1763,True,62af42ba21546dbe041911c7c7f8392e
1830,/app/Repos/pandas/pandas/tests/series/indexing/test_indexing.py,709,723,/app/Repos/pandas/pandas/tests/test_multilevel.py,30,64,True,9527b05e4a562ab8624c54d903ea17df
1831,/app/Repos/pandas/pandas/tests/reshape/test_concat.py,505,514,/app/Repos/pandas/pandas/tests/test_algos.py,865,892,True,b718cedf2f3f61ec2a66992752184ba2
897,/app/Repos/pandas/pandas/tests/groupby/conftest.py,7,18,/app/Repos/pandas/pandas/tests/groupby/conftest.py,7,18,False,5d731eb6cb29a46ab84e09d2253667ac
897,/app/Repos/pandas/pandas/tests/groupby/conftest.py,7,18,/app/Repos/pandas/pandas/tests/groupby/conftest.py,7,18,False,5d731eb6cb29a46ab84e09d2253667ac
1832,/app/Repos/pandas/pandas/tests/arrays/categorical/test_warnings.py,9,19,/app/Repos/pandas/pandas/tests/arrays/categorical/test_warnings.py,9,19,True,b463d5f3a4950109688d3f356bbcd9b8
1283,/app/Repos/pandas/pandas/tests/arrays/test_integer.py,346,353,/app/Repos/pandas/pandas/tests/arrays/test_integer.py,346,353,False,092e7ee1ffdc4250f18185d82b167d10
1284,/app/Repos/pandas/pandas/tests/arrays/test_integer.py,356,372,/app/Repos/pandas/pandas/tests/arrays/test_integer.py,356,372,False,3a43f474a1edf2d8adc86c5fad80cff0
1833,/app/Repos/pandas/pandas/tests/extension/base/methods.py,42,47,/app/Repos/pandas/pandas/tests/test_algos.py,30,51,True,d872d03f9c5edfcb8e544ebfca339b54
1834,/app/Repos/pandas/pandas/tests/indexing/test_panel.py,13,101,/app/Repos/pandas/pandas/tests/indexing/test_panel.py,13,101,True,07d9560e4fb70f00e9a5522d7fa82537
1835,/app/Repos/pandas/pandas/tests/arrays/categorical/test_dtypes.py,138,164,/app/Repos/pandas/pandas/tests/arrays/categorical/test_dtypes.py,138,164,True,6b52549595b445e6692148acfe88217d
1836,/app/Repos/pandas/pandas/tests/arrays/categorical/test_missing.py,27,46,/app/Repos/pandas/pandas/tests/arrays/categorical/test_missing.py,27,46,True,6d64dcb07f74ea148aeaf5bfc6e75e41
1837,/app/Repos/pandas/pandas/tests/frame/test_axis_select_reindex.py,759,780,/app/Repos/pandas/pandas/tests/frame/test_subclass.py,162,187,True,46d434801aa6c91b7d16b769b25a438d
1838,/app/Repos/pandas/pandas/tests/frame/test_axis_select_reindex.py,759,780,/app/Repos/pandas/pandas/tests/frame/test_subclass.py,187,214,True,2d104cf29064210f620b9b345b199eb5
1839,/app/Repos/pandas/pandas/tests/indexes/multi/test_format.py,23,29,/app/Repos/pandas/pandas/tests/indexes/multi/test_format.py,23,29,True,e215f8820eed4591ce6a5d845b7132dc
1840,/app/Repos/pandas/pandas/tests/indexing/test_iloc.py,518,549,/app/Repos/pandas/pandas/tests/indexing/test_iloc.py,518,549,True,c572772b847b3c6a7fb0fef448abd803
1840,/app/Repos/pandas/pandas/tests/indexing/test_iloc.py,518,549,/app/Repos/pandas/pandas/tests/indexing/test_iloc.py,518,549,False,c572772b847b3c6a7fb0fef448abd803
1841,/app/Repos/pandas/pandas/tests/indexes/multi/test_format.py,44,53,/app/Repos/pandas/pandas/tests/indexes/multi/test_format.py,44,53,True,3530a49d11bab315e94aab5d0948a94b
1842,/app/Repos/pandas/pandas/tests/indexes/test_base.py,994,1001,/app/Repos/pandas/pandas/tests/indexes/test_base.py,994,1001,True,9f838e331836c7e722bc40e20208c4df
1293,/app/Repos/pandas/pandas/tests/indexes/period/test_indexing.py,620,628,/app/Repos/pandas/pandas/tests/indexes/period/test_indexing.py,620,628,False,dc6a33735231e67fbf3dff5122795687
1843,/app/Repos/pandas/pandas/tests/indexes/test_base.py,1001,1009,/app/Repos/pandas/pandas/tests/indexes/test_base.py,1001,1009,True,f5b76cd92121ebce30f3ee571b230f0c
1844,/app/Repos/pandas/pandas/tests/arrays/categorical/test_api.py,217,291,/app/Repos/pandas/pandas/tests/arrays/categorical/test_api.py,217,291,True,227718a8f0f4d637e8b1d5eaf11569ee
1293,/app/Repos/pandas/pandas/tests/indexes/period/test_indexing.py,620,628,/app/Repos/pandas/pandas/tests/indexes/period/test_indexing.py,620,628,False,dc6a33735231e67fbf3dff5122795687
1293,/app/Repos/pandas/pandas/tests/indexes/period/test_indexing.py,620,628,/app/Repos/pandas/pandas/tests/indexes/period/test_indexing.py,620,628,False,dc6a33735231e67fbf3dff5122795687
1293,/app/Repos/pandas/pandas/tests/indexes/period/test_indexing.py,620,628,/app/Repos/pandas/pandas/tests/indexes/period/test_indexing.py,620,628,False,dc6a33735231e67fbf3dff5122795687
1845,/app/Repos/pandas/pandas/tests/indexes/test_base.py,2190,2202,/app/Repos/pandas/pandas/tests/indexes/test_base.py,2190,2202,True,c8b8b3bc4af9c9445f98ac8adc8dfc0d
1846,/app/Repos/pandas/pandas/tests/frame/test_missing.py,473,489,/app/Repos/pandas/pandas/tests/frame/test_missing.py,473,489,True,e6f3778a84131424a06036067e060eee
1846,/app/Repos/pandas/pandas/tests/frame/test_missing.py,473,489,/app/Repos/pandas/pandas/tests/frame/test_missing.py,473,489,False,e6f3778a84131424a06036067e060eee
1846,/app/Repos/pandas/pandas/tests/frame/test_missing.py,473,489,/app/Repos/pandas/pandas/tests/frame/test_missing.py,473,489,False,e6f3778a84131424a06036067e060eee
1847,/app/Repos/pandas/pandas/tests/frame/test_missing.py,489,507,/app/Repos/pandas/pandas/tests/frame/test_missing.py,489,507,True,d915ae04e1a863210d75df6ddc07e4c9
1847,/app/Repos/pandas/pandas/tests/frame/test_missing.py,489,507,/app/Repos/pandas/pandas/tests/frame/test_missing.py,489,507,False,d915ae04e1a863210d75df6ddc07e4c9
1848,/app/Repos/pandas/pandas/tests/series/test_missing.py,746,754,/app/Repos/pandas/pandas/tests/sparse/frame/test_frame.py,50,59,True,17cbad2480a3c33df0f93435a467eb2e
1847,/app/Repos/pandas/pandas/tests/frame/test_missing.py,489,507,/app/Repos/pandas/pandas/tests/frame/test_missing.py,489,507,False,d915ae04e1a863210d75df6ddc07e4c9
1849,/app/Repos/pandas/pandas/tests/extension/base/getitem.py,206,212,/app/Repos/pandas/pandas/tests/test_take.py,448,458,True,a5b0ed9424db53ac0facde3a19fc30af
1850,/app/Repos/pandas/pandas/tests/frame/test_missing.py,631,641,/app/Repos/pandas/pandas/tests/frame/test_missing.py,631,641,True,38948d2f464415179a5a7225a2c8900c
1851,/app/Repos/pandas/pandas/tests/series/test_missing.py,746,754,/app/Repos/pandas/pandas/tests/sparse/series/test_series.py,889,897,True,9e2b89ab9e657db9086e956c91f47b73
1852,/app/Repos/pandas/pandas/tests/series/test_missing.py,754,772,/app/Repos/pandas/pandas/tests/sparse/frame/test_frame.py,777,800,True,642d15739d9e529d354d6727e81a4c57
1853,/app/Repos/pandas/pandas/tests/arithmetic/test_numeric.py,590,620,/app/Repos/pandas/pandas/tests/arithmetic/test_numeric.py,590,620,True,c165cdb564968f18ed8283c3d2a6fa47
1854,/app/Repos/pandas/pandas/tests/series/test_missing.py,797,818,/app/Repos/pandas/pandas/tests/sparse/frame/test_frame.py,777,800,True,b5aac3f9cdd9cfca6158a196d9bd94c2
1855,/app/Repos/pandas/pandas/tests/series/test_missing.py,818,835,/app/Repos/pandas/pandas/tests/sparse/frame/test_frame.py,777,800,True,ac5c7bc5ba733efb89a331d0be5677b4
1856,/app/Repos/pandas/pandas/tests/indexes/test_category.py,302,314,/app/Repos/pandas/pandas/tests/indexes/test_category.py,302,314,True,b0cd0b77c8f80defbdc5db14b5cc2aa6
1857,/app/Repos/pandas/pandas/tests/series/test_missing.py,754,772,/app/Repos/pandas/pandas/tests/sparse/frame/test_frame.py,800,827,True,f4da91b14edd5d3fa36878fe5bd40fbb
1858,/app/Repos/pandas/pandas/tests/series/test_missing.py,772,797,/app/Repos/pandas/pandas/tests/sparse/frame/test_frame.py,800,827,True,35101b681eed4713dafa1914fc8e235f
1859,/app/Repos/pandas/pandas/tests/series/test_missing.py,797,818,/app/Repos/pandas/pandas/tests/sparse/frame/test_frame.py,800,827,True,2942e5b092fbfaba855a259b76e48b6e
1860,/app/Repos/pandas/pandas/tests/series/test_missing.py,818,835,/app/Repos/pandas/pandas/tests/sparse/frame/test_frame.py,800,827,True,85ff712eac7c33c5452d8d5613a11004
1299,/app/Repos/pandas/pandas/tests/indexing/test_loc.py,182,193,/app/Repos/pandas/pandas/tests/indexing/test_loc.py,182,193,False,25546b7e02fef78d04ab00405530987e
1861,/app/Repos/pandas/pandas/tests/indexing/test_loc.py,589,624,/app/Repos/pandas/pandas/tests/indexing/test_loc.py,589,624,True,5c95be5cafaf20a3cca955187b11742e
1862,/app/Repos/pandas/pandas/tests/io/parser/test_read_fwf.py,250,264,/app/Repos/pandas/pandas/tests/io/parser/test_read_fwf.py,320,335,True,94b27123cd0ddda9f44221cd80457d76
1863,/app/Repos/pandas/pandas/tests/io/parser/test_read_fwf.py,264,278,/app/Repos/pandas/pandas/tests/io/parser/test_read_fwf.py,320,335,True,d5cc3b998ab6555f4b2a196f045e2a25
1864,/app/Repos/pandas/pandas/tests/io/json/test_pandas.py,1123,1166,/app/Repos/pandas/pandas/tests/io/json/test_pandas.py,1157,1163,True,c3a7131a82799e5e57dfe8cda6ac0163
1865,/app/Repos/pandas/pandas/tests/io/parser/test_read_fwf.py,278,292,/app/Repos/pandas/pandas/tests/io/parser/test_read_fwf.py,292,306,True,618350f89bc46645bc7b908bd1961047
1866,/app/Repos/pandas/pandas/tests/io/parser/test_read_fwf.py,250,264,/app/Repos/pandas/pandas/tests/io/parser/test_read_fwf.py,292,306,True,f0c70e080e511f195fc4dd76106a1d05
1867,/app/Repos/pandas/pandas/tests/io/parser/test_read_fwf.py,250,264,/app/Repos/pandas/pandas/tests/io/parser/test_read_fwf.py,278,292,True,f9ca9bf25fe2797ddb31f73c9622f254
1868,/app/Repos/pandas/pandas/tests/io/parser/test_read_fwf.py,264,278,/app/Repos/pandas/pandas/tests/io/parser/test_read_fwf.py,292,306,True,f0cad2b7bde138052c389abf6ce3f3e7
1869,/app/Repos/pandas/pandas/tests/io/parser/test_read_fwf.py,264,278,/app/Repos/pandas/pandas/tests/io/parser/test_read_fwf.py,278,292,True,1ed75d95fb57f85410a5760ed8a34290
1870,/app/Repos/pandas/pandas/tests/io/parser/test_read_fwf.py,408,423,/app/Repos/pandas/pandas/tests/io/parser/test_read_fwf.py,423,436,True,27dacdb7269066f4278105cddf034bea
1871,/app/Repos/pandas/pandas/tests/test_panel.py,2037,2053,/app/Repos/pandas/pandas/tests/test_panel.py,2053,2073,True,d165f5720a9068c70ecf40dce0213718
1872,/app/Repos/pandas/pandas/tests/test_panel.py,2264,2285,/app/Repos/pandas/pandas/tests/test_panel.py,2314,2335,True,980cfc1fac14c4e19a31b03e91e40e4f
1873,/app/Repos/pandas/pandas/tests/test_panel.py,2218,2264,/app/Repos/pandas/pandas/tests/test_panel.py,2222,2234,True,8f53ba6baa6b9c48cf60313694c6922b
1874,/app/Repos/pandas/pandas/tests/test_panel.py,2143,2164,/app/Repos/pandas/pandas/tests/test_panel.py,2164,2183,True,6092bf9a139bd00c7b7a062492c58105
1875,/app/Repos/pandas/pandas/tests/reshape/merge/test_merge_index_as_string.py,24,35,/app/Repos/pandas/pandas/tests/reshape/merge/test_merge_index_as_string.py,35,47,True,12feab602b95c647ac1366542df4d0db
1876,/app/Repos/pandas/pandas/tests/io/parser/common.py,356,377,/app/Repos/pandas/pandas/tests/io/parser/common.py,377,399,True,d059ee94708fa823c1f7977858c05fbe
1877,/app/Repos/pandas/pandas/tests/test_panel.py,2285,2314,/app/Repos/pandas/pandas/tests/test_panel.py,2314,2335,True,0b64482a29dae27636b547f9ab65aa2d
1878,/app/Repos/pandas/pandas/tests/io/json/test_pandas.py,1101,1123,/app/Repos/pandas/pandas/tests/io/json/test_readlines.py,45,68,True,7ae1e90fb99f0b61cd97a6042af0fab1
1879,/app/Repos/pandas/pandas/tests/io/json/test_readlines.py,12,18,/app/Repos/pandas/pandas/tests/io/json/test_readlines.py,113,122,True,71162ba8be7e39451168e501d2ea72c0
1880,/app/Repos/pandas/pandas/tests/io/parser/common.py,240,251,/app/Repos/pandas/pandas/tests/io/parser/common.py,251,261,True,a79d3b72da4de5708d24c6ccbad2100a
1881,/app/Repos/pandas/pandas/tests/test_panel.py,2264,2285,/app/Repos/pandas/pandas/tests/test_panel.py,2285,2314,True,48397bc995ec96c1a3cd47966500b513
1882,/app/Repos/pandas/pandas/tests/io/parser/mangle_dupes.py,45,61,/app/Repos/pandas/pandas/tests/io/parser/mangle_dupes.py,61,88,True,25222b8c8b123b13f7a5d214ccf136df
1883,/app/Repos/pandas/pandas/tests/test_panel.py,2264,2285,/app/Repos/pandas/pandas/tests/test_panel.py,2355,2366,True,9404b545ee41bb1ba1b02197040d953f
1884,/app/Repos/pandas/pandas/tests/io/parser/common.py,1172,1198,/app/Repos/pandas/pandas/tests/io/parser/common.py,1198,1212,True,375b00d69130056316c4f0e60605f5cd
1885,/app/Repos/pandas/pandas/tests/io/parser/common.py,399,426,/app/Repos/pandas/pandas/tests/io/parser/common.py,448,460,True,177b0a66321670d0f8eb22694c4dc231
1886,/app/Repos/pandas/pandas/tests/test_panel.py,2314,2335,/app/Repos/pandas/pandas/tests/test_panel.py,2355,2366,True,566e0589c3c9303c2077ff7799352d2b
1887,/app/Repos/pandas/pandas/tests/io/parser/common.py,377,399,/app/Repos/pandas/pandas/tests/io/parser/common.py,426,437,True,d5b059c7cb58639b32a6933e291e7711
1888,/app/Repos/pandas/pandas/tests/io/parser/common.py,763,776,/app/Repos/pandas/pandas/tests/io/parser/common.py,871,878,True,a5a932661e64ee54f0938d1111418981
1889,/app/Repos/pandas/pandas/tests/io/parser/common.py,917,924,/app/Repos/pandas/pandas/tests/io/parser/common.py,935,990,True,db7bd3dea3025021877b48d77c847895
1890,/app/Repos/pandas/pandas/tests/io/parser/common.py,900,909,/app/Repos/pandas/pandas/tests/io/parser/common.py,909,917,True,0892c09cc6fae31b44422048c0fd5817
1891,/app/Repos/pandas/pandas/tests/io/parser/common.py,893,900,/app/Repos/pandas/pandas/tests/io/parser/common.py,909,917,True,76d399cdf5068858f5264d4550a5876f
1892,/app/Repos/pandas/pandas/tests/io/parser/common.py,1000,1071,/app/Repos/pandas/pandas/tests/io/parser/common.py,1475,1483,True,89cbbc6b3494a028a9b6ae947c4d48e7
1893,/app/Repos/pandas/pandas/tests/io/json/test_readlines.py,12,18,/app/Repos/pandas/pandas/tests/io/json/test_readlines.py,122,137,True,b087735b7acf9de319a946e6e49d59b9
1894,/app/Repos/pandas/pandas/tests/io/parser/common.py,703,740,/app/Repos/pandas/pandas/tests/io/parser/common.py,1483,1498,True,9e124215938fe4ce7a40f129071af8e1
1895,/app/Repos/pandas/pandas/tests/util/test_testing.py,521,534,/app/Repos/pandas/pandas/tests/util/test_testing.py,534,541,True,b6eafcdbd2f7cfb1fd812c958dad4200
1896,/app/Repos/pandas/pandas/tests/io/msgpack/test_obj.py,65,72,/app/Repos/pandas/pandas/tests/io/msgpack/test_obj.py,72,78,True,66decbacd6c0aad9142a872e0243d61a
1897,/app/Repos/pandas/pandas/tests/util/test_testing.py,598,605,/app/Repos/pandas/pandas/tests/util/test_testing.py,681,688,True,7bb41290699e5d414a812bd55e709350
1898,/app/Repos/pandas/pandas/tests/util/test_testing.py,605,614,/app/Repos/pandas/pandas/tests/util/test_testing.py,681,688,True,fcfb69a47192982797496cdbe43e4325
1899,/app/Repos/pandas/pandas/tests/reshape/test_pivot.py,182,188,/app/Repos/pandas/pandas/tests/reshape/test_pivot.py,188,195,True,2aa3009dd1d9ea21f0930c16e79e8cf2
1900,/app/Repos/pandas/pandas/tests/util/test_testing.py,377,491,/app/Repos/pandas/pandas/tests/util/test_testing.py,491,521,True,a7296ccfffe32ae7938a08d456316735
1901,/app/Repos/pandas/pandas/tests/test_panel.py,2335,2355,/app/Repos/pandas/pandas/tests/test_panel.py,2355,2366,True,1b2a94f532c67c53397c7fe21e29b586
1902,/app/Repos/pandas/pandas/tests/util/test_testing.py,377,491,/app/Repos/pandas/pandas/tests/util/test_testing.py,614,637,True,b327d14f33f515281dac840d347a7e9c
1903,/app/Repos/pandas/pandas/tests/util/test_testing.py,605,614,/app/Repos/pandas/pandas/tests/util/test_testing.py,688,697,True,2e642c56a180d58347c44bdadb733cbd
1904,/app/Repos/pandas/pandas/tests/util/test_testing.py,637,650,/app/Repos/pandas/pandas/tests/util/test_testing.py,650,657,True,4f293464c6e0b9962589ae4fd0dc6c57
1905,/app/Repos/pandas/pandas/tests/util/test_testing.py,183,308,/app/Repos/pandas/pandas/tests/util/test_testing.py,354,375,True,bad7e33b2aafb0ae398900b9beeb0648
1906,/app/Repos/pandas/pandas/tests/util/test_testing.py,521,534,/app/Repos/pandas/pandas/tests/util/test_testing.py,650,657,True,7a86d04253e4c9edbc36274cd4a737b0
1907,/app/Repos/pandas/pandas/tests/util/test_testing.py,598,605,/app/Repos/pandas/pandas/tests/util/test_testing.py,688,697,True,33996ff9047a2027c50faf634aa4e0d8
1908,/app/Repos/pandas/pandas/tests/util/test_testing.py,534,541,/app/Repos/pandas/pandas/tests/util/test_testing.py,650,657,True,d0df4d531caa4bda96c5adee08e10ac8
1909,/app/Repos/pandas/pandas/tests/util/test_testing.py,681,688,/app/Repos/pandas/pandas/tests/util/test_testing.py,688,697,True,83a347a753ca701a7b47c7484cb6f8dd
1910,/app/Repos/pandas/pandas/tests/test_panel.py,2285,2314,/app/Repos/pandas/pandas/tests/test_panel.py,2355,2366,True,21ea0326351143c1d69f10513a8f4c82
1911,/app/Repos/pandas/pandas/tests/reshape/test_pivot.py,717,724,/app/Repos/pandas/pandas/tests/reshape/test_pivot.py,731,738,True,27494750f4c44cc4f42dc0571960b844
1912,/app/Repos/pandas/pandas/tests/reshape/test_pivot.py,724,731,/app/Repos/pandas/pandas/tests/reshape/test_pivot.py,731,738,True,c8b81798be57e34c916f639f0f0676c3
1913,/app/Repos/pandas/pandas/tests/reshape/test_pivot.py,41,68,/app/Repos/pandas/pandas/tests/reshape/test_pivot.py,195,202,True,6372e0a02c4da574bbf596285dd35b58
1914,/app/Repos/pandas/pandas/tests/util/test_testing.py,521,534,/app/Repos/pandas/pandas/tests/util/test_testing.py,637,650,True,bab7393b5e872ee708539d78523ce3fb
1915,/app/Repos/pandas/pandas/tests/reshape/test_pivot.py,1029,1047,/app/Repos/pandas/pandas/tests/reshape/test_pivot.py,1047,1063,True,1718171bae308e0f3066feced2654e4b
1916,/app/Repos/pandas/pandas/tests/util/test_testing.py,534,541,/app/Repos/pandas/pandas/tests/util/test_testing.py,637,650,True,8841d7d5a10fc56f7fff530cdce06003
1917,/app/Repos/pandas/pandas/tests/reshape/test_pivot.py,599,618,/app/Repos/pandas/pandas/tests/reshape/test_pivot.py,618,635,True,908e3ebe837e344dc936468e76bb8eda
1918,/app/Repos/pandas/pandas/tests/io/parser/common.py,377,399,/app/Repos/pandas/pandas/tests/io/parser/common.py,471,530,True,155c6d36ea5d8cdb6b2751acf0ed5cb3
1919,/app/Repos/pandas/pandas/tests/reshape/test_reshape.py,203,219,/app/Repos/pandas/pandas/tests/reshape/test_reshape.py,326,353,True,b87ad3ce0b2da6f8c65bf6dd4c77eb3c
1920,/app/Repos/pandas/pandas/tests/reshape/test_pivot.py,724,731,/app/Repos/pandas/pandas/tests/reshape/test_pivot.py,738,747,True,bba86e76fdde4ab9545640fa9b7c03d1
1921,/app/Repos/pandas/pandas/tests/reshape/test_pivot.py,731,738,/app/Repos/pandas/pandas/tests/reshape/test_pivot.py,738,747,True,34b5adea9d8cd85c1287ca589a3f13dd
1922,/app/Repos/pandas/pandas/tests/reshape/test_reshape.py,468,484,/app/Repos/pandas/pandas/tests/reshape/test_reshape.py,484,507,True,1018ccc1209b490f70649b81d584d00b
1923,/app/Repos/pandas/pandas/tests/io/sas/test_xport.py,30,72,/app/Repos/pandas/pandas/tests/io/sas/test_xport.py,72,100,True,f6c615e2dbb26f2f8cf1bb98b9db3d81
1924,/app/Repos/pandas/pandas/tests/reshape/test_pivot.py,1298,1304,/app/Repos/pandas/pandas/tests/reshape/test_pivot.py,1304,1318,True,d7f354ea6eda4648f7d178676afb0713
1925,/app/Repos/pandas/pandas/tests/io/parser/common.py,426,437,/app/Repos/pandas/pandas/tests/io/parser/common.py,471,530,True,b97b7a0e675d3f47c6faa6db54c4fa24
1926,/app/Repos/pandas/pandas/tests/tools/test_numeric.py,54,73,/app/Repos/pandas/pandas/tests/tools/test_numeric.py,73,88,True,1d47be9f0678cc41b82cb81b4399d822
1927,/app/Repos/pandas/pandas/tests/tools/test_numeric.py,14,29,/app/Repos/pandas/pandas/tests/tools/test_numeric.py,73,88,True,4ed420f972900e8bcdd632cd6efbfd1e
1928,/app/Repos/pandas/pandas/tests/reshape/test_pivot.py,537,599,/app/Repos/pandas/pandas/tests/reshape/test_pivot.py,538,560,True,cf19d4bd6a80424fe720fd5432b7fbbf
1929,/app/Repos/pandas/pandas/tests/reshape/test_reshape.py,326,353,/app/Repos/pandas/pandas/tests/reshape/test_reshape.py,353,374,True,c7a2ebb500d962b58408a494acaded2b
1930,/app/Repos/pandas/pandas/tests/reshape/test_pivot.py,433,460,/app/Repos/pandas/pandas/tests/reshape/test_pivot.py,460,491,True,05d405e7b3a7785f2d39d8c9e4d7f194
1931,/app/Repos/pandas/pandas/tests/reshape/test_pivot.py,27,41,/app/Repos/pandas/pandas/tests/reshape/test_pivot.py,1282,1298,True,422415365c37f57aa8417a7962f82617
1932,/app/Repos/pandas/pandas/tests/io/parser/common.py,448,460,/app/Repos/pandas/pandas/tests/io/parser/common.py,471,530,True,c4ddf65cec0579365d507be8684ab765
1933,/app/Repos/pandas/pandas/tests/io/sas/test_xport.py,72,100,/app/Repos/pandas/pandas/tests/io/sas/test_xport.py,100,114,True,e226c21c3df9b9c730d98640fa959197
1934,/app/Repos/pandas/pandas/tests/reshape/test_reshape.py,203,219,/app/Repos/pandas/pandas/tests/reshape/test_reshape.py,353,374,True,3a40ee57ce838afddc51568bc0edf229
1935,/app/Repos/pandas/pandas/tests/tools/test_numeric.py,187,208,/app/Repos/pandas/pandas/tests/tools/test_numeric.py,208,231,True,d832935599f8d3d99651eee4d438a0b2
1936,/app/Repos/pandas/pandas/tests/extension/base/setitem.py,97,122,/app/Repos/pandas/pandas/tests/extension/base/setitem.py,122,137,True,fe5e71a78f7db47a1c1c3edc950a9292
1937,/app/Repos/pandas/pandas/tests/reshape/test_reshape.py,48,76,/app/Repos/pandas/pandas/tests/reshape/test_reshape.py,392,415,True,752a9c7fd3904db5fa094ec25c9d2f5b
1938,/app/Repos/pandas/pandas/tests/tools/test_numeric.py,328,339,/app/Repos/pandas/pandas/tests/tools/test_numeric.py,339,348,True,f28ed8496000add61c09547a6fe80713
1939,/app/Repos/pandas/pandas/tests/tools/test_numeric.py,275,313,/app/Repos/pandas/pandas/tests/tools/test_numeric.py,339,348,True,563cd2f62e89f3939ac6c9a2992fd783
1940,/app/Repos/pandas/pandas/tests/tools/test_numeric.py,313,328,/app/Repos/pandas/pandas/tests/tools/test_numeric.py,339,348,True,5f0bbe7106bf64e0bbb1011ddd9d434e
1941,/app/Repos/pandas/pandas/tests/frame/test_apply.py,338,372,/app/Repos/pandas/pandas/tests/frame/test_apply.py,338,372,True,1fed69573be72ccfa56430a66a82fd18
1942,/app/Repos/pandas/pandas/tests/tools/test_numeric.py,187,208,/app/Repos/pandas/pandas/tests/tools/test_numeric.py,231,243,True,8a05fae9d993d5bce1115896dc207857
1943,/app/Repos/pandas/pandas/tests/reshape/test_pivot.py,1548,1644,/app/Repos/pandas/pandas/tests/reshape/test_pivot.py,1644,1670,True,08cee595e39a14b22509afdd89e3118b
1941,/app/Repos/pandas/pandas/tests/frame/test_apply.py,338,372,/app/Repos/pandas/pandas/tests/frame/test_apply.py,338,372,False,1fed69573be72ccfa56430a66a82fd18
1944,/app/Repos/pandas/pandas/tests/reshape/test_pivot.py,1104,1120,/app/Repos/pandas/pandas/tests/reshape/test_pivot.py,1120,1137,True,3208de03874b37e341c16d09d59a5fee
1945,/app/Repos/pandas/pandas/tests/io/msgpack/test_read_size.py,6,20,/app/Repos/pandas/pandas/tests/io/msgpack/test_read_size.py,20,33,True,93cdf632ccfcaad6de6b2ff28761266a
1946,/app/Repos/pandas/pandas/tests/io/json/test_pandas.py,1176,1200,/app/Repos/pandas/pandas/tests/io/json/test_pandas.py,1200,1223,True,2f35b9786bc8b170e2237989737bfe24
1947,/app/Repos/pandas/pandas/tests/reshape/test_reshape.py,48,76,/app/Repos/pandas/pandas/tests/reshape/test_reshape.py,415,433,True,1b5deffbef79b66322d1cf98790940c4
1948,/app/Repos/pandas/pandas/tests/reshape/test_reshape.py,219,236,/app/Repos/pandas/pandas/tests/reshape/test_reshape.py,304,326,True,fc4f99336c2f5edc2aa4e143c5959dfe
1949,/app/Repos/pandas/pandas/tests/frame/test_apply.py,669,711,/app/Repos/pandas/pandas/tests/frame/test_apply.py,711,724,True,9c92df582e71f054d88dfe704ffdd937
1950,/app/Repos/pandas/pandas/tests/reshape/test_reshape.py,392,415,/app/Repos/pandas/pandas/tests/reshape/test_reshape.py,415,433,True,474058e8a3793e589c58ab8e7d4a971d
1951,/app/Repos/pandas/pandas/tests/reshape/test_pivot.py,1354,1385,/app/Repos/pandas/pandas/tests/reshape/test_pivot.py,1385,1422,True,2f722c8106a557b1e881bf8d35b3655d
1952,/app/Repos/pandas/pandas/tests/reshape/merge/test_merge_index_as_string.py,122,137,/app/Repos/pandas/pandas/tests/reshape/merge/test_merge_index_as_string.py,137,157,True,ec8289c4f7b6c99647b6b03d317778d2
1953,/app/Repos/pandas/pandas/tests/io/parser/common.py,893,900,/app/Repos/pandas/pandas/tests/io/parser/common.py,900,909,True,9209046b9b7cdb962e434062cc1da256
1954,/app/Repos/pandas/pandas/tests/io/formats/test_to_html.py,86,119,/app/Repos/pandas/pandas/tests/io/formats/test_to_html.py,119,152,True,1305281be31468583b5e4831c6becaf0
1955,/app/Repos/pandas/pandas/tests/reshape/test_reshape.py,259,272,/app/Repos/pandas/pandas/tests/reshape/test_reshape.py,272,296,True,0bd4e8a53a97d01eba844b295d879b82
1956,/app/Repos/pandas/pandas/tests/tools/test_numeric.py,54,73,/app/Repos/pandas/pandas/tests/tools/test_numeric.py,158,164,True,411548ebe7c07494a25a8fe71979ceb6
1957,/app/Repos/pandas/pandas/tests/tools/test_numeric.py,73,88,/app/Repos/pandas/pandas/tests/tools/test_numeric.py,158,164,True,e180b74adbab9b2345721ae02a29ce56
1958,/app/Repos/pandas/pandas/tests/frame/test_apply.py,258,291,/app/Repos/pandas/pandas/tests/frame/test_apply.py,268,277,True,14b4d4bbd5f6286496167b5139871bde
1959,/app/Repos/pandas/pandas/tests/frame/test_apply.py,262,282,/app/Repos/pandas/pandas/tests/frame/test_apply.py,268,277,True,47b4ac62df372f5dffe5d181bee67803
1960,/app/Repos/pandas/pandas/tests/reshape/test_reshape.py,183,203,/app/Repos/pandas/pandas/tests/reshape/test_reshape.py,458,468,True,4327a759234174b3fa3862280c692f07
1961,/app/Repos/pandas/pandas/tests/io/parser/common.py,871,878,/app/Repos/pandas/pandas/tests/io/parser/common.py,1212,1231,True,22f8613ffdf14d50c7105a461e5ae910
1962,/app/Repos/pandas/pandas/tests/test_sorting.py,325,346,/app/Repos/pandas/pandas/tests/test_sorting.py,327,334,True,19315145b298bddd1ab5b9458b2cec5d
1963,/app/Repos/pandas/pandas/tests/reshape/test_reshape.py,458,468,/app/Repos/pandas/pandas/tests/reshape/test_reshape.py,468,484,True,601f830ce0bfc122d9faa1fb64beead4
1964,/app/Repos/pandas/pandas/tests/util/test_testing.py,598,605,/app/Repos/pandas/pandas/tests/util/test_testing.py,605,614,True,9666a08742e90fcd236ee1830364a988
1965,/app/Repos/pandas/pandas/tests/test_join.py,150,166,/app/Repos/pandas/pandas/tests/test_join.py,166,182,True,a2a5bdf9364e72815b56f5157be9f33f
1966,/app/Repos/pandas/pandas/tests/extension/base/setitem.py,137,153,/app/Repos/pandas/pandas/tests/extension/base/setitem.py,153,164,True,b56cf81bd88db004dcee9ed739720b5c
1967,/app/Repos/pandas/pandas/tests/extension/base/setitem.py,67,72,/app/Repos/pandas/pandas/tests/extension/base/setitem.py,92,97,True,49facc0e65b81041419ad2fe57d7c44d
1968,/app/Repos/pandas/pandas/tests/io/formats/test_to_html.py,1922,1929,/app/Repos/pandas/pandas/tests/io/formats/test_to_html.py,1929,1935,True,2b3d2697d703353bbf12462ccb8474cd
1969,/app/Repos/pandas/pandas/tests/extension/base/setitem.py,77,82,/app/Repos/pandas/pandas/tests/extension/base/setitem.py,92,97,True,e2b9d76afa4723cb7cdb8005ececbf2c
1970,/app/Repos/pandas/pandas/tests/tools/test_numeric.py,187,208,/app/Repos/pandas/pandas/tests/tools/test_numeric.py,254,263,True,9accb296863c36fcb04b2d6ef91e3c0d
1971,/app/Repos/pandas/pandas/tests/extension/base/setitem.py,82,87,/app/Repos/pandas/pandas/tests/extension/base/setitem.py,92,97,True,ed733b0247bf6dd14559cdd3f4314771
1972,/app/Repos/pandas/pandas/tests/extension/base/setitem.py,67,72,/app/Repos/pandas/pandas/tests/extension/base/setitem.py,82,87,True,21ad29712e34a1a9077b38c022ca9a11
1973,/app/Repos/pandas/pandas/tests/io/formats/test_to_html.py,27,43,/app/Repos/pandas/pandas/tests/io/formats/test_to_html.py,28,38,True,7086059bc2e65b69cf3c1d22e3efc69a
1974,/app/Repos/pandas/pandas/tests/io/formats/test_to_html.py,198,308,/app/Repos/pandas/pandas/tests/io/formats/test_to_html.py,308,412,True,accc9adb8f96e7bfd0d89eaaeda73cbf
1975,/app/Repos/pandas/pandas/tests/extension/base/setitem.py,77,82,/app/Repos/pandas/pandas/tests/extension/base/setitem.py,82,87,True,f50f7495eea2fee00db780366d2ba3d3
1976,/app/Repos/pandas/pandas/tests/tools/test_numeric.py,208,231,/app/Repos/pandas/pandas/tests/tools/test_numeric.py,254,263,True,6ed5d3cc68f61ca14d2db45464ae7e55
1977,/app/Repos/pandas/pandas/tests/tools/test_numeric.py,243,254,/app/Repos/pandas/pandas/tests/tools/test_numeric.py,254,263,True,d9d8a8c9ba8552291c1022f3ea343aa2
1978,/app/Repos/pandas/pandas/tests/tools/test_numeric.py,231,243,/app/Repos/pandas/pandas/tests/tools/test_numeric.py,254,263,True,1730d6802cec981a4bf22ff50be8ba7e
1979,/app/Repos/pandas/pandas/tests/frame/test_apply.py,1081,1116,/app/Repos/pandas/pandas/tests/frame/test_apply.py,1116,1135,True,9f52ff0df48b2120383490e955c7827c
1980,/app/Repos/pandas/pandas/tests/test_sorting.py,395,409,/app/Repos/pandas/pandas/tests/test_sorting.py,409,415,True,41573e13251f13b7c51db48373e6d98a
1981,/app/Repos/pandas/pandas/tests/io/sas/test_xport.py,30,72,/app/Repos/pandas/pandas/tests/io/sas/test_xport.py,133,144,True,06b9a65bf4412d555bf45fcb8b4e65ba
1982,/app/Repos/pandas/pandas/tests/io/formats/test_to_html.py,1169,1286,/app/Repos/pandas/pandas/tests/io/formats/test_to_html.py,1286,1397,True,e4bbd52b8ad1d836e3b3269857b9851a
1983,/app/Repos/pandas/pandas/tests/frame/test_apply.py,258,291,/app/Repos/pandas/pandas/tests/frame/test_apply.py,262,282,True,4d26aaa44c48ef9de7422c3734c055b6
1984,/app/Repos/pandas/pandas/tests/io/sas/test_xport.py,72,100,/app/Repos/pandas/pandas/tests/io/sas/test_xport.py,133,144,True,a8d693c01dfa7fabbc9bac5516bbd729
1985,/app/Repos/pandas/pandas/tests/reshape/test_pivot.py,1437,1452,/app/Repos/pandas/pandas/tests/reshape/test_pivot.py,1463,1548,True,fa35fbd84f6bec5875172ea948d7a733
1986,/app/Repos/pandas/pandas/tests/frame/test_asof.py,14,20,/app/Repos/pandas/pandas/tests/frame/test_asof.py,65,82,True,33b4622b73300d4c33ee50c870d933be
1987,/app/Repos/pandas/pandas/tests/io/formats/test_style.py,518,535,/app/Repos/pandas/pandas/tests/io/formats/test_style.py,594,613,True,fcf059286540678295b3a51419939bed
1988,/app/Repos/pandas/pandas/tests/io/formats/test_to_csv.py,63,91,/app/Repos/pandas/pandas/tests/io/formats/test_to_csv.py,91,109,True,c0142777c6f0f8ab4e4ee9c081015539
1989,/app/Repos/pandas/pandas/tests/extension/base/constructors.py,17,29,/app/Repos/pandas/pandas/tests/extension/base/constructors.py,38,44,True,33079359ce4167a1e5a70271cecd7feb
1990,/app/Repos/pandas/pandas/tests/extension/base/setitem.py,19,28,/app/Repos/pandas/pandas/tests/extension/base/setitem.py,53,60,True,e51ed57534c2d5b7a0104daab9c5100b
1991,/app/Repos/pandas/pandas/tests/extension/base/constructors.py,29,38,/app/Repos/pandas/pandas/tests/extension/base/constructors.py,38,44,True,ba19e7170330bc832c6b0b22cc4b8bdb
1992,/app/Repos/pandas/pandas/tests/io/parser/common.py,791,800,/app/Repos/pandas/pandas/tests/io/parser/na_values.py,118,131,True,2a43942bcfe77acc9d63f99061584b00
1993,/app/Repos/pandas/pandas/tests/io/formats/test_style.py,535,555,/app/Repos/pandas/pandas/tests/io/formats/test_style.py,594,613,True,9bf30c6349ae19af554fbe60c54c3b08
1994,/app/Repos/pandas/pandas/tests/io/formats/test_to_csv.py,142,184,/app/Repos/pandas/pandas/tests/io/formats/test_to_csv.py,184,199,True,8ac83477586dd87df97c4d848c4b2ebf
1995,/app/Repos/pandas/pandas/tests/tools/test_numeric.py,14,29,/app/Repos/pandas/pandas/tests/tools/test_numeric.py,54,73,True,20d2f6812cf2c1c069336d757d66e93c
1996,/app/Repos/pandas/pandas/tests/io/formats/test_style.py,555,574,/app/Repos/pandas/pandas/tests/io/formats/test_style.py,594,613,True,65df21dc5929da444f0c3793b942b922
1997,/app/Repos/pandas/pandas/tests/io/formats/test_style.py,574,594,/app/Repos/pandas/pandas/tests/io/formats/test_style.py,594,613,True,d8122b705a896d557ca2e1978c698ffc
1998,/app/Repos/pandas/pandas/tests/tools/test_numeric.py,275,313,/app/Repos/pandas/pandas/tests/tools/test_numeric.py,313,328,True,fda3fca6466945a2cd9206dd7d995566
1999,/app/Repos/pandas/pandas/tests/io/formats/test_to_csv.py,357,400,/app/Repos/pandas/pandas/tests/io/formats/test_to_csv.py,400,443,True,aa789e3e844ca25562e3a0d72af43f77
2000,/app/Repos/pandas/pandas/tests/test_sorting.py,61,102,/app/Repos/pandas/pandas/tests/test_sorting.py,93,99,True,ca2e5da092fc1225a86bdddca0b7f55e
2001,/app/Repos/pandas/pandas/tests/io/msgpack/test_pack.py,95,108,/app/Repos/pandas/pandas/tests/io/msgpack/test_pack.py,108,123,True,a2c906d071f6cc3403db4b419e14c6ff
2002,/app/Repos/pandas/pandas/tests/tools/test_numeric.py,29,39,/app/Repos/pandas/pandas/tests/tools/test_numeric.py,108,138,True,e786ca600813fa376d81c83ded7d819d
2003,/app/Repos/pandas/pandas/tests/frame/test_timeseries.py,555,575,/app/Repos/pandas/pandas/tests/frame/test_timeseries.py,581,601,True,47e39613358a60501d4161cd157d95a5
2004,/app/Repos/pandas/pandas/tests/frame/test_apply.py,154,198,/app/Repos/pandas/pandas/tests/frame/test_apply.py,317,323,True,35e127277f0c7197e5e00863349a7b31
2005,/app/Repos/pandas/pandas/tests/tools/test_numeric.py,187,208,/app/Repos/pandas/pandas/tests/tools/test_numeric.py,243,254,True,f227b9db317adcc6196354a8c2f1a947
2006,/app/Repos/pandas/pandas/tests/frame/test_asof.py,14,20,/app/Repos/pandas/pandas/tests/frame/test_asof.py,39,65,True,81555279a677569a894c204645f78b5b
2007,/app/Repos/pandas/pandas/tests/tools/test_numeric.py,208,231,/app/Repos/pandas/pandas/tests/tools/test_numeric.py,243,254,True,8412b671cfd3c7358b9c914b5e04f4fc
2008,/app/Repos/pandas/pandas/tests/tools/test_numeric.py,231,243,/app/Repos/pandas/pandas/tests/tools/test_numeric.py,243,254,True,512507f1e8cd2a726d44b57a3e124d66
2009,/app/Repos/pandas/pandas/tests/io/formats/test_style.py,953,993,/app/Repos/pandas/pandas/tests/io/formats/test_style.py,1003,1019,True,353b739426277943bcc63c6b7bcf97b3
2010,/app/Repos/pandas/pandas/tests/io/formats/test_to_csv.py,480,498,/app/Repos/pandas/pandas/tests/io/formats/test_to_csv.py,498,516,True,e51831dee045e814f679de71fa8632e4
2011,/app/Repos/pandas/pandas/tests/frame/test_apply.py,394,411,/app/Repos/pandas/pandas/tests/frame/test_apply.py,394,411,True,42ec0be6a79daf88f5b3cce66eb9a852
2012,/app/Repos/pandas/pandas/tests/frame/test_apply.py,338,372,/app/Repos/pandas/pandas/tests/frame/test_apply.py,394,411,True,9e8c783e617dc16e321b865970138585
2011,/app/Repos/pandas/pandas/tests/frame/test_apply.py,394,411,/app/Repos/pandas/pandas/tests/frame/test_apply.py,394,411,False,42ec0be6a79daf88f5b3cce66eb9a852
2013,/app/Repos/pandas/pandas/tests/io/formats/test_to_csv.py,459,480,/app/Repos/pandas/pandas/tests/io/formats/test_to_csv.py,498,516,True,9a21afb00a8f044d8b3c7724386fe7fd
2014,/app/Repos/pandas/pandas/tests/io/formats/test_style.py,290,313,/app/Repos/pandas/pandas/tests/io/formats/test_style.py,313,334,True,90fd31317c52972576b589b101e29885
2015,/app/Repos/pandas/pandas/tests/frame/test_apply.py,724,741,/app/Repos/pandas/pandas/tests/frame/test_apply.py,741,779,True,d286de9ef8de7b469eda3ecd069d4148
2016,/app/Repos/pandas/pandas/tests/io/parser/common.py,1172,1198,/app/Repos/pandas/pandas/tests/io/parser/na_values.py,34,45,True,8db862270b9be68400020afe7a75cb73
2017,/app/Repos/pandas/pandas/tests/io/formats/test_style.py,345,378,/app/Repos/pandas/pandas/tests/io/formats/test_style.py,518,535,True,20c97522994296fb476236f32d30283d
2018,/app/Repos/pandas/pandas/tests/io/parser/common.py,893,900,/app/Repos/pandas/pandas/tests/io/parser/na_values.py,373,384,True,e2f0bc6fce545d0b40c319101165776e
2019,/app/Repos/pandas/pandas/tests/dtypes/test_dtypes.py,610,618,/app/Repos/pandas/pandas/tests/dtypes/test_dtypes.py,635,646,True,cc6d08c518573302f2527eddcdc4612a
2020,/app/Repos/pandas/pandas/tests/io/formats/test_to_csv.py,184,199,/app/Repos/pandas/pandas/tests/io/formats/test_to_csv.py,199,232,True,684c950e95e74034f84c24c6d5e4d5d5
2021,/app/Repos/pandas/pandas/tests/io/formats/test_style.py,378,428,/app/Repos/pandas/pandas/tests/io/formats/test_style.py,518,535,True,c5de425cf47bdd7509acb530990ff41f
2022,/app/Repos/pandas/pandas/tests/tseries/offsets/test_offsets.py,347,359,/app/Repos/pandas/pandas/tests/tseries/offsets/test_offsets.py,359,402,True,40941b7d5f38b3563672b5cf1e9ada42
2023,/app/Repos/pandas/pandas/tests/io/formats/test_to_csv.py,459,480,/app/Repos/pandas/pandas/tests/io/formats/test_to_csv.py,480,498,True,e9ebba4de4b3f6dfbbb8be277911c7a3
2024,/app/Repos/pandas/pandas/tests/tseries/offsets/test_offsets.py,791,797,/app/Repos/pandas/pandas/tests/tseries/offsets/test_offsets.py,807,827,True,2df157e8d2ff62e346125c166a8227c2
2025,/app/Repos/pandas/pandas/tests/tseries/offsets/test_offsets.py,807,827,/app/Repos/pandas/pandas/tests/tseries/offsets/test_offsets.py,1463,1475,True,23eaebef3aae7967cd68f5e1dd378949
2026,/app/Repos/pandas/pandas/tests/io/formats/test_style.py,518,535,/app/Repos/pandas/pandas/tests/io/formats/test_style.py,673,693,True,30964b093b9aed40bc65dd54c9f9ac3e
2027,/app/Repos/pandas/pandas/tests/tseries/offsets/test_offsets.py,831,854,/app/Repos/pandas/pandas/tests/tseries/offsets/test_offsets.py,1463,1475,True,270b8ea97a8a1c8d8a7f6c7664523d53
2028,/app/Repos/pandas/pandas/tests/io/formats/test_style.py,535,555,/app/Repos/pandas/pandas/tests/io/formats/test_style.py,673,693,True,079114ec0a3b479dd6cc12abbeaa9115
2029,/app/Repos/pandas/pandas/tests/tseries/offsets/test_offsets.py,3120,3130,/app/Repos/pandas/pandas/tests/tseries/offsets/test_offsets.py,3130,3143,True,ba9a16ba2a6a64d629eb8fc096d69ea5
2030,/app/Repos/pandas/pandas/tests/io/parser/test_network.py,61,79,/app/Repos/pandas/pandas/tests/io/parser/test_network.py,94,102,True,5703bfb659903f5db4788c132e345b4d
2031,/app/Repos/pandas/pandas/tests/io/formats/test_style.py,555,574,/app/Repos/pandas/pandas/tests/io/formats/test_style.py,673,693,True,37b8c3e781746e6d3586796eea0bc72c
2032,/app/Repos/pandas/pandas/tests/io/formats/test_to_latex.py,45,76,/app/Repos/pandas/pandas/tests/io/formats/test_to_latex.py,399,450,True,57b3e044971eea3843add94dbb45f5a6
2033,/app/Repos/pandas/pandas/tests/io/formats/test_to_latex.py,76,94,/app/Repos/pandas/pandas/tests/io/formats/test_to_latex.py,399,450,True,bd2ecb619e578e2468532af0af923564
2034,/app/Repos/pandas/pandas/tests/frame/test_apply.py,589,619,/app/Repos/pandas/pandas/tests/frame/test_apply.py,619,633,True,371863de4c1d1a4b1f7ac06c2ee5dd3a
2035,/app/Repos/pandas/pandas/tests/io/formats/test_style.py,574,594,/app/Repos/pandas/pandas/tests/io/formats/test_style.py,673,693,True,43cab7d8cfaa4f3d0f23a0cc97189f29
2036,/app/Repos/pandas/pandas/tests/io/formats/test_style.py,594,613,/app/Repos/pandas/pandas/tests/io/formats/test_style.py,673,693,True,ce3b62c48ec6390ac1c72794c952413a
2037,/app/Repos/pandas/pandas/tests/io/sas/test_sas7bdat.py,41,50,/app/Repos/pandas/pandas/tests/io/sas/test_sas7bdat.py,50,65,True,22e5dce47ca2b0a45901023f77e4dc67
2038,/app/Repos/pandas/pandas/tests/io/formats/test_style.py,613,634,/app/Repos/pandas/pandas/tests/io/formats/test_style.py,673,693,True,8a553d9632e7cc47b62c168c431626c7
2039,/app/Repos/pandas/pandas/tests/io/sas/test_sas7bdat.py,148,158,/app/Repos/pandas/pandas/tests/io/sas/test_sas7bdat.py,167,176,True,58b0661f6a6dcf313058481f3d91b7c9
2040,/app/Repos/pandas/pandas/tests/test_join.py,50,59,/app/Repos/pandas/pandas/tests/test_join.py,128,150,True,6233da7a36842ce46b9cfa2cce899a06
2041,/app/Repos/pandas/pandas/tests/test_join.py,82,105,/app/Repos/pandas/pandas/tests/test_join.py,128,150,True,bb0c02ff9fa6f7eea7099696fb57d319
2042,/app/Repos/pandas/pandas/tests/test_join.py,105,128,/app/Repos/pandas/pandas/tests/test_join.py,128,150,True,ecd9ec882e80b2cf89830548b4f4a676
2043,/app/Repos/pandas/pandas/tests/io/sas/test_sas7bdat.py,158,167,/app/Repos/pandas/pandas/tests/io/sas/test_sas7bdat.py,167,176,True,f159e97d5aa929e31e2c718040a0dd41
2044,/app/Repos/pandas/pandas/tests/io/formats/test_style.py,634,654,/app/Repos/pandas/pandas/tests/io/formats/test_style.py,673,693,True,255a36eccddd346e7a2e5b7fecd653ed
2045,/app/Repos/pandas/pandas/tests/io/formats/test_style.py,654,673,/app/Repos/pandas/pandas/tests/io/formats/test_style.py,673,693,True,8fa5085c394889f85f7852b4b0adaf75
2046,/app/Repos/pandas/pandas/tests/tseries/offsets/test_fiscal.py,619,629,/app/Repos/pandas/pandas/tests/tseries/offsets/test_fiscal.py,629,638,True,f422dac57b995c267a42a15b529edbc0
2047,/app/Repos/pandas/pandas/tests/io/formats/test_to_csv.py,328,342,/app/Repos/pandas/pandas/tests/io/formats/test_to_csv.py,342,357,True,1065efdb59e3b55e9b4dec5ed7fde601
2048,/app/Repos/pandas/pandas/tests/io/formats/test_style.py,152,180,/app/Repos/pandas/pandas/tests/io/formats/test_style.py,198,218,True,81cdb00b0c19fc75129b3efd33185b13
2049,/app/Repos/pandas/pandas/tests/io/formats/test_console.py,42,55,/app/Repos/pandas/pandas/tests/io/formats/test_console.py,55,75,True,f3ffd4d3809631fde72beabe64899276
2050,/app/Repos/pandas/pandas/tests/test_lib.py,46,83,/app/Repos/pandas/pandas/tests/test_lib.py,83,135,True,9bde6340f1597ddf06b56782bc0956dd
2051,/app/Repos/pandas/pandas/tests/io/formats/test_style.py,180,198,/app/Repos/pandas/pandas/tests/io/formats/test_style.py,198,218,True,d86fe87f0e7361b73693d5105ea0167c
2052,/app/Repos/pandas/pandas/tests/test_join.py,150,166,/app/Repos/pandas/pandas/tests/test_join.py,182,198,True,cfecd7c99c458306b0ddce16c2423b21
2053,/app/Repos/pandas/pandas/tests/io/sas/test_xport.py,22,30,/app/Repos/pandas/pandas/tests/io/test_stata.py,42,104,True,479d32000c9ebe81a0d95fd455d1c274
2054,/app/Repos/pandas/pandas/tests/groupby/test_apply.py,289,308,/app/Repos/pandas/pandas/tests/groupby/test_apply.py,308,328,True,b2afb4cf34b1b53fdb8150d08cdcf50a
2055,/app/Repos/pandas/pandas/tests/test_join.py,166,182,/app/Repos/pandas/pandas/tests/test_join.py,182,198,True,3aba4df427dd47f0af2ab2d9ea9641fc
2056,/app/Repos/pandas/pandas/tests/io/formats/test_style.py,145,152,/app/Repos/pandas/pandas/tests/io/formats/test_style.py,345,378,True,b2e9b8b15fcee4468e6056734a261876
2057,/app/Repos/pandas/pandas/tests/io/formats/test_to_excel.py,222,258,/app/Repos/pandas/pandas/tests/io/formats/test_to_excel.py,258,278,True,eef4ff8d438f796e38aa5f8e1deda084
2058,/app/Repos/pandas/pandas/tests/io/formats/test_style.py,109,116,/app/Repos/pandas/pandas/tests/io/formats/test_style.py,126,134,True,c7a26787017afafbff687509382f47a9
2059,/app/Repos/pandas/pandas/tests/io/formats/test_style.py,244,260,/app/Repos/pandas/pandas/tests/io/formats/test_style.py,260,277,True,a2ce5d90511b76f6827e01462dc549aa
2060,/app/Repos/pandas/pandas/tests/io/formats/test_style.py,428,450,/app/Repos/pandas/pandas/tests/io/formats/test_style.py,450,471,True,7138ff28aab9b7020e5657eb20559103
2061,/app/Repos/pandas/pandas/tests/tseries/offsets/test_offsets.py,1980,1989,/app/Repos/pandas/pandas/tests/tseries/offsets/test_offsets.py,2098,2108,True,28ed0ff028af3b406c95e0ab7f734824
2062,/app/Repos/pandas/pandas/tests/tseries/offsets/test_offsets.py,2196,2209,/app/Repos/pandas/pandas/tests/tseries/offsets/test_offsets.py,2297,2307,True,38dddf27941029a8787d1d96c6ec4bef
2063,/app/Repos/pandas/pandas/tests/io/parser/test_network.py,136,144,/app/Repos/pandas/pandas/tests/io/parser/test_network.py,144,152,True,36d9bd5b266381c4f437d44f4b438a9f
2064,/app/Repos/pandas/pandas/tests/io/parser/test_network.py,61,79,/app/Repos/pandas/pandas/tests/io/parser/test_network.py,144,152,True,8cab8b157877be67ad5c62b80f674581
2065,/app/Repos/pandas/pandas/tests/io/parser/test_network.py,94,102,/app/Repos/pandas/pandas/tests/io/parser/test_network.py,144,152,True,2d98e3e15a06639b93df2d08ff42bb6d
2066,/app/Repos/pandas/pandas/tests/io/parser/test_network.py,102,119,/app/Repos/pandas/pandas/tests/io/parser/test_network.py,144,152,True,0f7974b0e7f9bb4c7346391d4f0aba74
2067,/app/Repos/pandas/pandas/tests/io/formats/test_style.py,518,535,/app/Repos/pandas/pandas/tests/io/formats/test_style.py,555,574,True,33b4fe18ebbecf8042e758aee8731b92
2068,/app/Repos/pandas/pandas/tests/io/parser/test_network.py,119,136,/app/Repos/pandas/pandas/tests/io/parser/test_network.py,144,152,True,26dd8a56ab34b2943f38f965546bbac2
2069,/app/Repos/pandas/pandas/tests/io/formats/test_style.py,518,535,/app/Repos/pandas/pandas/tests/io/formats/test_style.py,613,634,True,d222ba3381f834ec9e39d946d60dc830
2070,/app/Repos/pandas/pandas/tests/io/formats/test_style.py,535,555,/app/Repos/pandas/pandas/tests/io/formats/test_style.py,555,574,True,facfcba26da880649cd2b379d9fc1659
2071,/app/Repos/pandas/pandas/tests/io/formats/test_to_latex.py,45,76,/app/Repos/pandas/pandas/tests/io/formats/test_to_latex.py,545,564,True,710d55e3e8ee0afea1544e2f98c1edf5
2072,/app/Repos/pandas/pandas/tests/io/formats/test_style.py,535,555,/app/Repos/pandas/pandas/tests/io/formats/test_style.py,613,634,True,493c927658e8e265db13c42e0aa01e97
2073,/app/Repos/pandas/pandas/tests/io/formats/test_to_latex.py,76,94,/app/Repos/pandas/pandas/tests/io/formats/test_to_latex.py,545,564,True,8be72c799fcc5232c2ee65508ea083e8
2074,/app/Repos/pandas/pandas/tests/io/formats/test_to_latex.py,399,450,/app/Repos/pandas/pandas/tests/io/formats/test_to_latex.py,545,564,True,14e7a579deed7c7ccbdf8901cab71723
2075,/app/Repos/pandas/pandas/tests/io/formats/test_style.py,555,574,/app/Repos/pandas/pandas/tests/io/formats/test_style.py,613,634,True,a4c8725e96c8059f707a07893a7d2b77
2076,/app/Repos/pandas/pandas/tests/io/formats/test_style.py,378,428,/app/Repos/pandas/pandas/tests/io/formats/test_style.py,555,574,True,ffaf78f04db098c85ba8ffac1e823971
2077,/app/Repos/pandas/pandas/tests/io/test_stata.py,549,560,/app/Repos/pandas/pandas/tests/io/test_stata.py,560,579,True,8d1d107022cd5c3ae6416f48695db862
2078,/app/Repos/pandas/pandas/tests/io/formats/test_style.py,574,594,/app/Repos/pandas/pandas/tests/io/formats/test_style.py,613,634,True,792abfa2387f92156b08fc5de937fa11
2079,/app/Repos/pandas/pandas/tests/io/test_stata.py,687,705,/app/Repos/pandas/pandas/tests/io/test_stata.py,705,716,True,08282d4b77bd67e8b0b0860ac34f3be8
2080,/app/Repos/pandas/pandas/tests/io/formats/test_style.py,594,613,/app/Repos/pandas/pandas/tests/io/formats/test_style.py,613,634,True,dc49e2c5529e9917fd4a282c0570a008
2081,/app/Repos/pandas/pandas/tests/io/parser/test_read_fwf.py,250,264,/app/Repos/pandas/pandas/tests/io/parser/test_read_fwf.py,264,278,True,37510d730aac491b356f0624ec940237
2082,/app/Repos/pandas/pandas/tests/io/msgpack/test_pack.py,32,44,/app/Repos/pandas/pandas/tests/io/msgpack/test_pack.py,44,56,True,053617bc91636f58a39108b2bacf882f
2083,/app/Repos/pandas/pandas/tests/io/parser/test_read_fwf.py,370,384,/app/Repos/pandas/pandas/tests/io/parser/test_read_fwf.py,384,398,True,f6be58f4d05c66eec175617ff99799de
2084,/app/Repos/pandas/pandas/tests/io/msgpack/test_pack.py,95,108,/app/Repos/pandas/pandas/tests/io/msgpack/test_pack.py,123,137,True,1c3ced4b5213a6708187c84cfc0e4c88
2085,/app/Repos/pandas/pandas/tests/io/formats/test_style.py,518,535,/app/Repos/pandas/pandas/tests/io/formats/test_style.py,574,594,True,367de93361c038a8ec305e97ba5346b0
2086,/app/Repos/pandas/pandas/tests/io/formats/test_style.py,535,555,/app/Repos/pandas/pandas/tests/io/formats/test_style.py,574,594,True,f4c3ea5b2cfac0f1da6d48d61f67062a
2087,/app/Repos/pandas/pandas/tests/dtypes/test_dtypes.py,532,541,/app/Repos/pandas/pandas/tests/dtypes/test_dtypes.py,541,551,True,e1131efd4170f2df40e4b6a828ec85ba
2088,/app/Repos/pandas/pandas/tests/io/formats/test_style.py,555,574,/app/Repos/pandas/pandas/tests/io/formats/test_style.py,574,594,True,86336c1b9e1119cf9fc58084404556ea
2089,/app/Repos/pandas/pandas/tests/dtypes/test_dtypes.py,718,725,/app/Repos/pandas/pandas/tests/dtypes/test_dtypes.py,725,732,True,37be4918a89abccb657b76cf2c34db3a
2090,/app/Repos/pandas/pandas/tests/io/test_stata.py,111,120,/app/Repos/pandas/pandas/tests/io/test_stata.py,939,953,True,e61dcf77117a40819605019991008ad0
2091,/app/Repos/pandas/pandas/tests/tseries/offsets/test_offsets.py,746,755,/app/Repos/pandas/pandas/tests/tseries/offsets/test_offsets.py,1408,1417,True,3bb3ce9b98ae7dbca520378976521be9
2092,/app/Repos/pandas/pandas/tests/test_lib.py,46,83,/app/Repos/pandas/pandas/tests/test_lib.py,159,189,True,8715188d90fac8bf8762b24ecd19543a
2093,/app/Repos/pandas/pandas/tests/tseries/offsets/test_offsets.py,630,648,/app/Repos/pandas/pandas/tests/tseries/offsets/test_offsets.py,1694,1712,True,6432d0d49741e067060226a63f1f81db
2094,/app/Repos/pandas/pandas/tests/test_panel.py,2264,2285,/app/Repos/pandas/pandas/tests/test_panel.py,2335,2355,True,7a2a1fc417b0a4a494d73933b20bd325
2095,/app/Repos/pandas/pandas/tests/io/generate_legacy_storage_files.py,64,77,/app/Repos/pandas/pandas/tests/io/generate_legacy_storage_files.py,77,91,True,cc62a27b399212ee63dcbcc8e6f3a714
2096,/app/Repos/pandas/pandas/tests/io/formats/test_style.py,705,713,/app/Repos/pandas/pandas/tests/io/formats/test_style.py,905,922,True,7b7a18b2ec9d329af0b6f01c9f35b4ca
2097,/app/Repos/pandas/pandas/tests/tseries/offsets/test_offsets.py,630,648,/app/Repos/pandas/pandas/tests/tseries/offsets/test_offsets.py,1908,1926,True,8f4d95292008d926bdc5e291dbcafd3e
2098,/app/Repos/pandas/pandas/tests/tseries/offsets/test_offsets.py,1694,1712,/app/Repos/pandas/pandas/tests/tseries/offsets/test_offsets.py,1908,1926,True,be699bf370ed29eedf1c65ddb640bb5c
2099,/app/Repos/pandas/pandas/tests/test_lib.py,83,135,/app/Repos/pandas/pandas/tests/test_lib.py,159,189,True,a5bbe5ad36117026bb9953e89bfeeb50
2100,/app/Repos/pandas/pandas/tests/frame/test_apply.py,711,724,/app/Repos/pandas/pandas/tests/frame/test_apply.py,741,779,True,78aeff7bbce6df4a2ae63b78dbca7a36
2101,/app/Repos/pandas/pandas/tests/io/formats/test_style.py,936,943,/app/Repos/pandas/pandas/tests/io/formats/test_style.py,943,953,True,d34489d4ae90392490bb0e2d136b76ae
2102,/app/Repos/pandas/pandas/tests/test_lib.py,135,159,/app/Repos/pandas/pandas/tests/test_lib.py,159,189,True,f8b6366d71929dd8fcfc61793f84603a
2103,/app/Repos/pandas/pandas/tests/tseries/offsets/test_offsets.py,2947,2957,/app/Repos/pandas/pandas/tests/tseries/offsets/test_offsets.py,2957,2966,True,a36af667deb2fdc1b81520a02af0f70d
2104,/app/Repos/pandas/pandas/tests/tseries/offsets/test_offsets.py,2928,2947,/app/Repos/pandas/pandas/tests/tseries/offsets/test_offsets.py,2957,2966,True,5aaf0bdbc434636457e4379769593b09
872,/app/Repos/pandas/pandas/tests/frame/test_timeseries.py,349,386,/app/Repos/pandas/pandas/tests/frame/test_timeseries.py,349,386,False,dc633b9c819ea5e7145c09743ec69b9e
2105,/app/Repos/pandas/pandas/tests/io/test_stata.py,871,910,/app/Repos/pandas/pandas/tests/io/test_stata.py,939,953,True,cba52a4e7af29c09d680cfe0cb09f5fe
2106,/app/Repos/pandas/pandas/tests/io/formats/test_style.py,62,70,/app/Repos/pandas/pandas/tests/io/formats/test_style.py,70,78,True,eeb126078020465e76c5bd374e935cd9
2107,/app/Repos/pandas/pandas/tests/test_panel.py,2314,2335,/app/Repos/pandas/pandas/tests/test_panel.py,2335,2355,True,51140c8aece536d083dd0b70a72b9b89
2108,/app/Repos/pandas/pandas/tests/io/formats/test_style.py,260,277,/app/Repos/pandas/pandas/tests/io/formats/test_style.py,290,313,True,01db38ee694e2f06548dc48f85ed6601
2109,/app/Repos/pandas/pandas/tests/test_sorting.py,348,364,/app/Repos/pandas/pandas/tests/test_sorting.py,364,395,True,8fc6099566cb1d17956f8e3728ebe633
2110,/app/Repos/pandas/pandas/tests/io/formats/test_style.py,277,290,/app/Repos/pandas/pandas/tests/io/formats/test_style.py,290,313,True,3a70b3920b1b006870852aaf85fe8647
2111,/app/Repos/pandas/pandas/tests/io/formats/test_to_latex.py,145,248,/app/Repos/pandas/pandas/tests/io/formats/test_to_latex.py,270,347,True,26298b731ad8404bff58166f0fe604c5
2112,/app/Repos/pandas/pandas/tests/test_lib.py,46,83,/app/Repos/pandas/pandas/tests/test_lib.py,135,159,True,745e6a8dc18b0d30b361f2e5ce2a21ec
2113,/app/Repos/pandas/pandas/tests/io/json/test_compression.py,56,67,/app/Repos/pandas/pandas/tests/io/json/test_compression.py,67,80,True,5a4d9e63703afec83018283c9d1d20a1
2114,/app/Repos/pandas/pandas/tests/io/formats/test_style.py,244,260,/app/Repos/pandas/pandas/tests/io/formats/test_style.py,290,313,True,869b8c210c89f8dbc3cf8e68b980aee7
2115,/app/Repos/pandas/pandas/tests/test_panel.py,2285,2314,/app/Repos/pandas/pandas/tests/test_panel.py,2335,2355,True,d875a037c96492fc44678651dead03bd
2116,/app/Repos/pandas/pandas/tests/test_lib.py,83,135,/app/Repos/pandas/pandas/tests/test_lib.py,135,159,True,825db4d7d3962cad9f4149ebfd8e0f7c
2117,/app/Repos/pandas/pandas/tests/io/parser/na_values.py,71,96,/app/Repos/pandas/pandas/tests/io/parser/na_values.py,78,91,True,b336db47a95f9a1087d37a3b91cc84a2
2118,/app/Repos/pandas/pandas/tests/io/formats/test_style.py,428,450,/app/Repos/pandas/pandas/tests/io/formats/test_style.py,497,518,True,8d3d2fd551bb74b3b7c291da127d3a7c
2119,/app/Repos/pandas/pandas/tests/reshape/merge/test_merge_index_as_string.py,8,16,/app/Repos/pandas/pandas/tests/reshape/merge/test_merge_index_as_string.py,16,24,True,5bcd8bbfb6627bacb1c2c1473a433754
2120,/app/Repos/pandas/pandas/tests/io/formats/test_style.py,450,471,/app/Repos/pandas/pandas/tests/io/formats/test_style.py,497,518,True,efad908f96dcd20b275c57f1bfe5366f
2121,/app/Repos/pandas/pandas/tests/io/test_stata.py,111,120,/app/Repos/pandas/pandas/tests/io/test_stata.py,398,428,True,18773a58061cf872166d1d67a01a9611
2122,/app/Repos/pandas/pandas/tests/io/formats/test_style.py,471,497,/app/Repos/pandas/pandas/tests/io/formats/test_style.py,497,518,True,7fa963308bbd256f8738ae1cc01742c1
2123,/app/Repos/pandas/pandas/tests/io/test_stata.py,380,398,/app/Repos/pandas/pandas/tests/io/test_stata.py,398,428,True,6ddabdb5df7877eeb9a5d172e2067884
2124,/app/Repos/pandas/pandas/tests/io/formats/test_style.py,1105,1128,/app/Repos/pandas/pandas/tests/io/formats/test_style.py,1128,1177,True,5a951898043ad5f1fce7e019a39a2a8a
2125,/app/Repos/pandas/pandas/tests/io/formats/test_style.py,518,535,/app/Repos/pandas/pandas/tests/io/formats/test_style.py,654,673,True,dd0082c048d9db6fcdebd186bb94f2b9
2126,/app/Repos/pandas/pandas/tests/dtypes/test_dtypes.py,718,725,/app/Repos/pandas/pandas/tests/dtypes/test_dtypes.py,732,739,True,6e6dd6e9fc617b20c792b88a51ad58f3
2127,/app/Repos/pandas/pandas/tests/dtypes/test_dtypes.py,725,732,/app/Repos/pandas/pandas/tests/dtypes/test_dtypes.py,732,739,True,40d7b25c04aa77c430d6418aa4e8c3e0
2128,/app/Repos/pandas/pandas/tests/io/parser/common.py,81,98,/app/Repos/pandas/pandas/tests/io/parser/common.py,1296,1330,True,b45bc640c24f8c77b153853b5207e8cf
2129,/app/Repos/pandas/pandas/tests/io/formats/test_style.py,535,555,/app/Repos/pandas/pandas/tests/io/formats/test_style.py,654,673,True,c396f45aa1145f45969456d29cb07320
2130,/app/Repos/pandas/pandas/tests/io/msgpack/test_limits.py,32,47,/app/Repos/pandas/pandas/tests/io/msgpack/test_limits.py,47,62,True,06d8e9bbbe46f2c52a00663c8543ec37
2131,/app/Repos/pandas/pandas/tests/tseries/offsets/test_offsets.py,163,176,/app/Repos/pandas/pandas/tests/tseries/offsets/test_offsets.py,797,807,True,2f7f24ea810ad71c2607450701caf5b8
2132,/app/Repos/pandas/pandas/tests/frame/test_timezones.py,26,40,/app/Repos/pandas/pandas/tests/frame/test_timezones.py,40,54,True,67ec9545b3b5f5db3133c0ad8ad983a4
2133,/app/Repos/pandas/pandas/tests/groupby/test_apply.py,191,209,/app/Repos/pandas/pandas/tests/groupby/test_apply.py,192,199,True,a11bcf0191874697228cc51a504c4604
2134,/app/Repos/pandas/pandas/tests/tseries/offsets/test_offsets.py,777,787,/app/Repos/pandas/pandas/tests/tseries/offsets/test_offsets.py,1433,1450,True,095dd41983f67210cb4e7293620371ec
2135,/app/Repos/pandas/pandas/tests/util/test_testing.py,146,152,/app/Repos/pandas/pandas/tests/util/test_testing.py,326,343,True,7239cc2d0044272ba51fb003035ebce4
2136,/app/Repos/pandas/pandas/tests/io/formats/test_style.py,555,574,/app/Repos/pandas/pandas/tests/io/formats/test_style.py,654,673,True,090e66250408c4d80ebcaf0488eb977e
2137,/app/Repos/pandas/pandas/tests/io/test_stata.py,111,120,/app/Repos/pandas/pandas/tests/io/test_stata.py,360,380,True,27062a68949261bbcac75c896f6d436a
2138,/app/Repos/pandas/pandas/tests/io/formats/test_style.py,574,594,/app/Repos/pandas/pandas/tests/io/formats/test_style.py,654,673,True,d66cdbc613696e5f5517dbb437cdb624
2139,/app/Repos/pandas/pandas/tests/tseries/offsets/test_offsets.py,700,724,/app/Repos/pandas/pandas/tests/tseries/offsets/test_offsets.py,1765,1784,True,8faf6e6d337edea0f1a528c81d57f3b4
2140,/app/Repos/pandas/pandas/tests/io/test_stata.py,616,638,/app/Repos/pandas/pandas/tests/io/test_stata.py,638,648,True,02cbdc595eba61fa355f7c14d99bef9a
2141,/app/Repos/pandas/pandas/tests/io/formats/test_style.py,594,613,/app/Repos/pandas/pandas/tests/io/formats/test_style.py,654,673,True,ae3cf04c82159fe2e1971829e1ec4622
2142,/app/Repos/pandas/pandas/tests/util/test_testing.py,551,556,/app/Repos/pandas/pandas/tests/util/test_testing.py,556,572,True,bfb3c517e7884c1fa47563ff64d21ee3
2143,/app/Repos/pandas/pandas/tests/io/formats/test_style.py,428,450,/app/Repos/pandas/pandas/tests/io/formats/test_style.py,471,497,True,9384d60aba4e370058584ac4c4741db7
2144,/app/Repos/pandas/pandas/tests/tseries/offsets/test_offsets.py,700,724,/app/Repos/pandas/pandas/tests/tseries/offsets/test_offsets.py,1961,1980,True,6bef711eba437597991ce70a22ceb011
2145,/app/Repos/pandas/pandas/tests/io/formats/test_style.py,613,634,/app/Repos/pandas/pandas/tests/io/formats/test_style.py,654,673,True,34054d3b5238618b9a457d5abbc074f3
2146,/app/Repos/pandas/pandas/tests/io/test_stata.py,111,120,/app/Repos/pandas/pandas/tests/io/test_stata.py,871,910,True,64173abce31d8932e2dc0aae1654d0e2
2147,/app/Repos/pandas/pandas/tests/tseries/offsets/test_offsets.py,1765,1784,/app/Repos/pandas/pandas/tests/tseries/offsets/test_offsets.py,1961,1980,True,9cc3c4fc6aa6b8a42b8163e509561b08
2148,/app/Repos/pandas/pandas/tests/io/formats/test_style.py,450,471,/app/Repos/pandas/pandas/tests/io/formats/test_style.py,471,497,True,9b9b238f84af52de77091c83a8bdb1c0
2149,/app/Repos/pandas/pandas/tests/io/formats/test_style.py,634,654,/app/Repos/pandas/pandas/tests/io/formats/test_style.py,654,673,True,513dcc98d1f032ec4979889f81d2d910
2150,/app/Repos/pandas/pandas/tests/reshape/test_pivot.py,433,460,/app/Repos/pandas/pandas/tests/reshape/test_pivot.py,523,537,True,c9ebe216419aefdb8ac38f7aa74ec860
2151,/app/Repos/pandas/pandas/tests/tseries/offsets/test_offsets.py,2947,2957,/app/Repos/pandas/pandas/tests/tseries/offsets/test_offsets.py,2966,2972,True,93d86fa7be63bf1a6e2d00c552deea6f
2152,/app/Repos/pandas/pandas/tests/tseries/offsets/test_offsets.py,2957,2966,/app/Repos/pandas/pandas/tests/tseries/offsets/test_offsets.py,2966,2972,True,eeda2caa3f931966b98752c70dd66c9f
2153,/app/Repos/pandas/pandas/tests/io/test_stata.py,500,509,/app/Repos/pandas/pandas/tests/io/test_stata.py,871,910,True,a5f271eec66fea4623c16b90cb3133e3
2154,/app/Repos/pandas/pandas/tests/tseries/offsets/test_offsets.py,2928,2947,/app/Repos/pandas/pandas/tests/tseries/offsets/test_offsets.py,2966,2972,True,5ad8e8bdba364e9227fe01965e4709ca
2155,/app/Repos/pandas/pandas/tests/io/generate_legacy_storage_files.py,255,269,/app/Repos/pandas/pandas/tests/io/generate_legacy_storage_files.py,273,297,True,56bf8b728c936938590b6f9e34d87a11
2156,/app/Repos/pandas/pandas/tests/io/test_stata.py,380,398,/app/Repos/pandas/pandas/tests/io/test_stata.py,638,648,True,1935863f21a8593ed23a7368f4e2f4ff
2157,/app/Repos/pandas/pandas/tests/io/test_stata.py,398,428,/app/Repos/pandas/pandas/tests/io/test_stata.py,638,648,True,d29ba74b5ae23bcdd7bdb68f646bedba
2158,/app/Repos/pandas/pandas/tests/io/formats/test_to_latex.py,609,641,/app/Repos/pandas/pandas/tests/io/formats/test_to_latex.py,695,711,True,28a37b6dc4d22e99ca9777d844077bb7
2159,/app/Repos/pandas/pandas/tests/reshape/test_pivot.py,460,491,/app/Repos/pandas/pandas/tests/reshape/test_pivot.py,523,537,True,d7c5e6a8f90f8342c1f9c21d1df185e5
2160,/app/Repos/pandas/pandas/tests/frame/test_sort_values_level_as_str.py,47,68,/app/Repos/pandas/pandas/tests/frame/test_sort_values_level_as_str.py,68,96,True,5f4d9992de77933fb5406b003369fea1
2161,/app/Repos/pandas/pandas/tests/io/test_stata.py,229,260,/app/Repos/pandas/pandas/tests/io/test_stata.py,871,910,True,b491ddbcb2f4b42c8fb7fbba69329d83
2162,/app/Repos/pandas/pandas/tests/io/sas/test_sas7bdat.py,148,158,/app/Repos/pandas/pandas/tests/io/sas/test_sas7bdat.py,158,167,True,a1ff2b1ed0f173ef676ef807d9214ba3
2163,/app/Repos/pandas/pandas/tests/io/formats/test_style.py,922,929,/app/Repos/pandas/pandas/tests/io/formats/test_style.py,929,936,True,67401249d5b05b47166f25381f31ea6b
2164,/app/Repos/pandas/pandas/tests/io/test_stata.py,638,648,/app/Repos/pandas/pandas/tests/io/test_stata.py,871,910,True,af19d163c5deb0ac1e3fa5c4551ed172
2165,/app/Repos/pandas/pandas/tests/io/test_stata.py,468,486,/app/Repos/pandas/pandas/tests/io/test_stata.py,814,839,True,7edd0ce41e98cba094e578c0bb548348
2166,/app/Repos/pandas/pandas/tests/io/test_stata.py,302,314,/app/Repos/pandas/pandas/tests/io/test_stata.py,871,910,True,0cae179e4242882ca49c9f3d48885cd9
2167,/app/Repos/pandas/pandas/tests/io/formats/test_style.py,518,535,/app/Repos/pandas/pandas/tests/io/formats/test_style.py,634,654,True,d0abd55ec418d46fac88fd2953786529
2168,/app/Repos/pandas/pandas/tests/io/formats/test_style.py,535,555,/app/Repos/pandas/pandas/tests/io/formats/test_style.py,634,654,True,1b5dd633ea615cb4b41cdbd902a4206b
2169,/app/Repos/pandas/pandas/tests/io/formats/test_style.py,555,574,/app/Repos/pandas/pandas/tests/io/formats/test_style.py,634,654,True,a1650097d4c65d6911d5fe0f1162a31d
2170,/app/Repos/pandas/pandas/tests/io/formats/test_style.py,1003,1019,/app/Repos/pandas/pandas/tests/io/formats/test_style.py,1019,1062,True,428d47ff7b50c1483134a348a34973bd
2171,/app/Repos/pandas/pandas/tests/frame/conftest.py,20,34,/app/Repos/pandas/pandas/tests/frame/conftest.py,44,59,True,014a8490d215abc85944c50f6fbb3747
2172,/app/Repos/pandas/pandas/tests/io/formats/test_style.py,574,594,/app/Repos/pandas/pandas/tests/io/formats/test_style.py,634,654,True,d43d37d1c8554c23216151975a9bdada
2173,/app/Repos/pandas/pandas/tests/frame/conftest.py,94,109,/app/Repos/pandas/pandas/tests/frame/conftest.py,109,124,True,197b279e8f05028d5c2d3c3c15678d3f
2174,/app/Repos/pandas/pandas/tests/dtypes/test_dtypes.py,753,772,/app/Repos/pandas/pandas/tests/dtypes/test_dtypes.py,772,780,True,958aa728ee3baafeec00eb50efc42d4b
2175,/app/Repos/pandas/pandas/tests/io/formats/test_style.py,594,613,/app/Repos/pandas/pandas/tests/io/formats/test_style.py,634,654,True,3d3bc8fd318ff674cabccad83711b276
2176,/app/Repos/pandas/pandas/tests/io/formats/test_format.py,1000,1020,/app/Repos/pandas/pandas/tests/io/formats/test_format.py,1029,1051,True,81edde870341ebe4d6eddbac6e3a502c
2177,/app/Repos/pandas/pandas/tests/frame/conftest.py,94,109,/app/Repos/pandas/pandas/tests/frame/conftest.py,124,140,True,124a2c6d69652c3e5e626ee3ceff884e
2178,/app/Repos/pandas/pandas/tests/io/msgpack/test_limits.py,62,77,/app/Repos/pandas/pandas/tests/io/msgpack/test_limits.py,77,92,True,5ab74de3ed63f47d2f2111d527147639
2179,/app/Repos/pandas/pandas/tests/io/formats/test_style.py,613,634,/app/Repos/pandas/pandas/tests/io/formats/test_style.py,634,654,True,c151b8892896f37eda1f4d10dc842f3a
2180,/app/Repos/pandas/pandas/tests/io/msgpack/test_limits.py,32,47,/app/Repos/pandas/pandas/tests/io/msgpack/test_limits.py,77,92,True,0fdea09911f078bfa63a1dd0c96cb9c1
2181,/app/Repos/pandas/pandas/tests/frame/conftest.py,140,153,/app/Repos/pandas/pandas/tests/frame/conftest.py,140,153,True,e74ae3aebebd2ba6aebc0453f7fe9b3a
2182,/app/Repos/pandas/pandas/tests/io/formats/test_format.py,1000,1020,/app/Repos/pandas/pandas/tests/io/formats/test_format.py,1051,1074,True,c4e594fdb35383a2cb6cfdef26ca02d8
2183,/app/Repos/pandas/pandas/tests/io/msgpack/test_limits.py,47,62,/app/Repos/pandas/pandas/tests/io/msgpack/test_limits.py,77,92,True,cb73f0d21c4b42e626351883b1064389
2184,/app/Repos/pandas/pandas/tests/io/formats/test_format.py,1029,1051,/app/Repos/pandas/pandas/tests/io/formats/test_format.py,1051,1074,True,54f241e921d2e01d4b40abeb48e6c46e
2185,/app/Repos/pandas/pandas/tests/io/formats/test_format.py,1000,1020,/app/Repos/pandas/pandas/tests/io/formats/test_format.py,1074,1096,True,c1e6afd5ded7095c91d1af691b75d050
2186,/app/Repos/pandas/pandas/tests/io/formats/test_format.py,1029,1051,/app/Repos/pandas/pandas/tests/io/formats/test_format.py,1074,1096,True,50f4434b1d2c4c13818bb2cf66896385
2187,/app/Repos/pandas/pandas/tests/dtypes/test_dtypes.py,150,164,/app/Repos/pandas/pandas/tests/dtypes/test_dtypes.py,268,282,True,44b241cd1c1fcd1f56d9dd51fbf4ffd4
2188,/app/Repos/pandas/pandas/tests/io/formats/test_format.py,1051,1074,/app/Repos/pandas/pandas/tests/io/formats/test_format.py,1074,1096,True,caec7b2c303f142a7d60ae06451351cc
2189,/app/Repos/pandas/pandas/tests/io/msgpack/test_read_size.py,6,20,/app/Repos/pandas/pandas/tests/io/msgpack/test_read_size.py,53,63,True,1e20b6e877f558818226446380951629
2190,/app/Repos/pandas/pandas/tests/io/formats/test_format.py,1000,1020,/app/Repos/pandas/pandas/tests/io/formats/test_format.py,1096,1113,True,29f0a318ca11f83638162e0ad3751f92
2191,/app/Repos/pandas/pandas/tests/io/msgpack/test_read_size.py,20,33,/app/Repos/pandas/pandas/tests/io/msgpack/test_read_size.py,53,63,True,93cad16324e4cc2a7a0307f43f27dcf5
2192,/app/Repos/pandas/pandas/tests/io/formats/test_format.py,1029,1051,/app/Repos/pandas/pandas/tests/io/formats/test_format.py,1096,1113,True,97b237dc42f45182326d0909cc3faecd
2193,/app/Repos/pandas/pandas/tests/io/test_stata.py,524,538,/app/Repos/pandas/pandas/tests/io/test_stata.py,549,560,True,3b32d7d3c38b7674104b542bd019e38c
2194,/app/Repos/pandas/pandas/tests/io/formats/test_format.py,1051,1074,/app/Repos/pandas/pandas/tests/io/formats/test_format.py,1096,1113,True,1b30442a0155ac20df9a8f36305ee344
2195,/app/Repos/pandas/pandas/tests/tseries/offsets/test_offsets.py,163,176,/app/Repos/pandas/pandas/tests/tseries/offsets/test_offsets.py,176,184,True,34a93150171e337c0807138d7369c95a
2196,/app/Repos/pandas/pandas/tests/io/formats/test_format.py,1074,1096,/app/Repos/pandas/pandas/tests/io/formats/test_format.py,1096,1113,True,ca7b997e1ba689d9373734dc1c5cef9c
2197,/app/Repos/pandas/pandas/tests/reshape/test_reshape.py,219,236,/app/Repos/pandas/pandas/tests/reshape/test_reshape.py,259,272,True,ab8637d6359b8ef8806b192f5e95e341
2198,/app/Repos/pandas/pandas/tests/tseries/offsets/test_offsets.py,858,869,/app/Repos/pandas/pandas/tests/tseries/offsets/test_offsets.py,1491,1502,True,a7db2b348d65f9a572338e928860ec7d
2199,/app/Repos/pandas/pandas/tests/io/msgpack/test_limits.py,32,47,/app/Repos/pandas/pandas/tests/io/msgpack/test_limits.py,62,77,True,57d07430a72cb3f5f9793dde7e9bc04b
2200,/app/Repos/pandas/pandas/tests/io/msgpack/test_limits.py,47,62,/app/Repos/pandas/pandas/tests/io/msgpack/test_limits.py,62,77,True,5938af13a3f7f3a6df1bb5861f8e6872
1780,/app/Repos/pandas/pandas/tests/io/parser/c_parser_only.py,58,67,/app/Repos/pandas/pandas/tests/io/parser/c_parser_only.py,58,67,False,9a726dc95ef9170089af5c17f71f30df
2201,/app/Repos/pandas/pandas/tests/io/test_stata.py,428,444,/app/Repos/pandas/pandas/tests/io/test_stata.py,549,560,True,c2d2981a58e4aedd0174c20dae873cda
2202,/app/Repos/pandas/pandas/tests/io/formats/test_format.py,1204,1252,/app/Repos/pandas/pandas/tests/io/formats/test_format.py,1204,1252,True,371df0e46beb66e649b8875140ee68d5
2203,/app/Repos/pandas/pandas/tests/tseries/offsets/test_offsets.py,630,648,/app/Repos/pandas/pandas/tests/tseries/offsets/test_offsets.py,2025,2043,True,c391f24b3cbeadd75dd3fd4702aee2ce
2204,/app/Repos/pandas/pandas/tests/io/formats/test_format.py,1252,1260,/app/Repos/pandas/pandas/tests/io/formats/test_format.py,1260,1271,True,833b66cd184c8a8d84adc72cabb00377
2205,/app/Repos/pandas/pandas/tests/extension/base/setitem.py,67,72,/app/Repos/pandas/pandas/tests/extension/base/setitem.py,77,82,True,ce54aab24cec9b68465b1df1f8c82e20
2206,/app/Repos/pandas/pandas/tests/tseries/offsets/test_offsets.py,1694,1712,/app/Repos/pandas/pandas/tests/tseries/offsets/test_offsets.py,2025,2043,True,e9e02dc6a2e170c0e39a8e989d461895
2207,/app/Repos/pandas/pandas/tests/io/formats/test_format.py,1252,1260,/app/Repos/pandas/pandas/tests/io/formats/test_format.py,1288,1311,True,de00e6e4715ff174675beded1a809635
2208,/app/Repos/pandas/pandas/tests/tseries/offsets/test_offsets.py,359,402,/app/Repos/pandas/pandas/tests/tseries/offsets/test_offsets.py,402,465,True,fa6afde726f3afbeede2081f57b089c2
2209,/app/Repos/pandas/pandas/tests/tseries/offsets/test_offsets.py,1908,1926,/app/Repos/pandas/pandas/tests/tseries/offsets/test_offsets.py,2025,2043,True,78f4d161bf467d59798fd728c3743f30
2210,/app/Repos/pandas/pandas/tests/tseries/offsets/test_offsets.py,347,359,/app/Repos/pandas/pandas/tests/tseries/offsets/test_offsets.py,402,465,True,dd2e7970e6a44a5f2141cb81db7c462d
1786,/app/Repos/pandas/pandas/tests/io/parser/c_parser_only.py,198,206,/app/Repos/pandas/pandas/tests/io/parser/c_parser_only.py,198,206,False,722bb67b58b9ca7b60630ff8149c10ea
2211,/app/Repos/pandas/pandas/tests/tseries/offsets/test_offsets.py,807,827,/app/Repos/pandas/pandas/tests/tseries/offsets/test_offsets.py,831,854,True,eabc6483b9fc64b5e9e9a1d512ec908d
2212,/app/Repos/pandas/pandas/tests/tseries/offsets/test_offsets.py,2498,2506,/app/Repos/pandas/pandas/tests/tseries/offsets/test_offsets.py,2672,2680,True,4e5455bc07ceea901ef31da05aa61e05
2213,/app/Repos/pandas/pandas/tests/tseries/offsets/test_offsets.py,3016,3025,/app/Repos/pandas/pandas/tests/tseries/offsets/test_offsets.py,3032,3041,True,405a25f15a8af6870bd385801384c687
2214,/app/Repos/pandas/pandas/tests/io/formats/test_to_csv.py,91,109,/app/Repos/pandas/pandas/tests/io/formats/test_to_csv.py,109,134,True,9849526f9eb54beda8df968ad28f35e3
2215,/app/Repos/pandas/pandas/tests/io/parser/c_parser_only.py,198,206,/app/Repos/pandas/pandas/tests/io/parser/c_parser_only.py,206,236,True,1ab9df3d3d57da543e89ca65485fa85a
2216,/app/Repos/pandas/pandas/tests/tseries/offsets/test_offsets.py,3143,3152,/app/Repos/pandas/pandas/tests/tseries/offsets/test_offsets.py,3152,3161,True,0e9985bfd576904fc5bb49ba46d9a5eb
2217,/app/Repos/pandas/pandas/tests/io/parser/test_network.py,102,119,/app/Repos/pandas/pandas/tests/io/parser/test_network.py,119,136,True,032d7cca6203981cdaf371016492b279
2218,/app/Repos/pandas/pandas/tests/tseries/offsets/test_offsets.py,791,797,/app/Repos/pandas/pandas/tests/tseries/offsets/test_offsets.py,831,854,True,8c3c6256d7f1cff8e9ca939ebbe9646c
2219,/app/Repos/pandas/pandas/tests/tseries/offsets/test_offsets.py,831,854,/app/Repos/pandas/pandas/tests/tseries/offsets/test_offsets.py,1479,1487,True,3c4b0aaa2270bdc065561fb1441d716f
2220,/app/Repos/pandas/pandas/tests/io/formats/test_format.py,1538,1557,/app/Repos/pandas/pandas/tests/io/formats/test_format.py,1557,1579,True,8555f6145b967eca8dc4a1f0fdf07ffb
2221,/app/Repos/pandas/pandas/tests/io/parser/test_network.py,94,102,/app/Repos/pandas/pandas/tests/io/parser/test_network.py,119,136,True,3c47e91e080c90437463148ca0c27212
2222,/app/Repos/pandas/pandas/tests/io/formats/test_to_latex.py,45,76,/app/Repos/pandas/pandas/tests/io/formats/test_to_latex.py,76,94,True,68d1d99b578cb7a10067ea8cfd75a006
2223,/app/Repos/pandas/pandas/tests/io/formats/test_to_csv.py,63,91,/app/Repos/pandas/pandas/tests/io/formats/test_to_csv.py,109,134,True,c194cbfa6df3f1f7a565662f5b1fb2e0
2224,/app/Repos/pandas/pandas/tests/tseries/offsets/test_offsets.py,807,827,/app/Repos/pandas/pandas/tests/tseries/offsets/test_offsets.py,1479,1487,True,629975b87eaeb319f462e6d2245d586a
1787,/app/Repos/pandas/pandas/tests/io/parser/c_parser_only.py,236,250,/app/Repos/pandas/pandas/tests/io/parser/c_parser_only.py,236,250,False,505474df5c921eb31ab712ce2ff63da6
2225,/app/Repos/pandas/pandas/tests/io/formats/test_to_latex.py,45,76,/app/Repos/pandas/pandas/tests/io/formats/test_to_latex.py,475,500,True,57a1098329b4c80b1eae9089dbcca42b
2226,/app/Repos/pandas/pandas/tests/tseries/offsets/test_offsets.py,1463,1475,/app/Repos/pandas/pandas/tests/tseries/offsets/test_offsets.py,1479,1487,True,aac2941fc132fe79ef358b5d3848eaf7
2227,/app/Repos/pandas/pandas/tests/io/formats/test_format.py,1598,1612,/app/Repos/pandas/pandas/tests/io/formats/test_format.py,1612,1634,True,e9d958da079a447ea9c18c52c1816728
2228,/app/Repos/pandas/pandas/tests/io/formats/test_to_latex.py,399,450,/app/Repos/pandas/pandas/tests/io/formats/test_to_latex.py,475,500,True,7cf124b71f02fecd33594f4756cbcfce
2229,/app/Repos/pandas/pandas/tests/io/parser/c_parser_only.py,67,105,/app/Repos/pandas/pandas/tests/io/parser/c_parser_only.py,236,250,True,35d969a82437081cd473d9b8d3f45683
2230,/app/Repos/pandas/pandas/tests/io/parser/c_parser_only.py,198,206,/app/Repos/pandas/pandas/tests/io/parser/c_parser_only.py,236,250,True,3264463d753f69723ea56ab3549bacc9
2231,/app/Repos/pandas/pandas/tests/io/formats/test_format.py,1598,1612,/app/Repos/pandas/pandas/tests/io/formats/test_format.py,1650,1668,True,99de89f7e824b38703115fbd94da3e7c
2232,/app/Repos/pandas/pandas/tests/io/sas/test_sas7bdat.py,41,50,/app/Repos/pandas/pandas/tests/io/sas/test_sas7bdat.py,78,89,True,d481a63084c92d95faae6d1f6efd026e
2233,/app/Repos/pandas/pandas/tests/io/parser/c_parser_only.py,206,236,/app/Repos/pandas/pandas/tests/io/parser/c_parser_only.py,236,250,True,f8570d25d5c8a4299e0d4e4c608934da
2234,/app/Repos/pandas/pandas/tests/io/parser/c_parser_only.py,250,270,/app/Repos/pandas/pandas/tests/io/parser/c_parser_only.py,259,267,True,ef15cdb1203f4292c5abd42ce4886921
2235,/app/Repos/pandas/pandas/tests/io/sas/test_sas7bdat.py,50,65,/app/Repos/pandas/pandas/tests/io/sas/test_sas7bdat.py,78,89,True,3580c630e20d5a594989e04409708130
2236,/app/Repos/pandas/pandas/tests/io/formats/test_format.py,1612,1634,/app/Repos/pandas/pandas/tests/io/formats/test_format.py,1650,1668,True,36185f2dd0a663e80526167223f84033
2237,/app/Repos/pandas/pandas/tests/internals/test_internals.py,1050,1056,/app/Repos/pandas/pandas/tests/internals/test_internals.py,1050,1056,True,5a58c2dae657c13eca3feb5595230349
2238,/app/Repos/pandas/pandas/tests/io/formats/test_format.py,1694,1707,/app/Repos/pandas/pandas/tests/io/formats/test_format.py,1995,2006,True,be6261a96f9dac8d4f8db75fd15eb1c9
2239,/app/Repos/pandas/pandas/tests/io/sas/test_sas7bdat.py,65,78,/app/Repos/pandas/pandas/tests/io/sas/test_sas7bdat.py,78,89,True,b3f0357ec41b1d38bf40beaad9e74f81
2240,/app/Repos/pandas/pandas/tests/frame/common.py,67,74,/app/Repos/pandas/pandas/tests/frame/common.py,67,74,True,72217df7cf90eef3de1ee508d3986082
2240,/app/Repos/pandas/pandas/tests/frame/common.py,67,74,/app/Repos/pandas/pandas/tests/frame/common.py,67,74,False,72217df7cf90eef3de1ee508d3986082
2241,/app/Repos/pandas/pandas/tests/io/formats/test_format.py,924,947,/app/Repos/pandas/pandas/tests/io/formats/test_format.py,2023,2044,True,7fcd17fe80472b86ce5b5cc40bbac61a
2242,/app/Repos/pandas/pandas/tests/io/formats/test_format.py,516,526,/app/Repos/pandas/pandas/tests/io/formats/test_format.py,516,526,True,0e745057bd202b790301567e8bbb014a
2243,/app/Repos/pandas/pandas/tests/frame/common.py,74,85,/app/Repos/pandas/pandas/tests/frame/common.py,74,85,True,d9ba0175951384844541024c874faf71
2244,/app/Repos/pandas/pandas/tests/frame/common.py,97,110,/app/Repos/pandas/pandas/tests/frame/common.py,97,110,True,5b7e2022fa35420613847c60402939e4
2245,/app/Repos/pandas/pandas/tests/tseries/offsets/test_offsets.py,2374,2415,/app/Repos/pandas/pandas/tests/tseries/offsets/test_offsets.py,2544,2585,True,fbf829d4434b39dd30097acf799c5faa
2246,/app/Repos/pandas/pandas/tests/io/formats/test_format.py,526,538,/app/Repos/pandas/pandas/tests/io/formats/test_format.py,526,538,True,ab789feaac05a65deb5cb3b91a5413c9
2247,/app/Repos/pandas/pandas/tests/io/parser/c_parser_only.py,439,457,/app/Repos/pandas/pandas/tests/io/parser/c_parser_only.py,439,457,True,df590bd2d0e2c734510fb12d6ac63228
2248,/app/Repos/pandas/pandas/tests/io/test_stata.py,111,120,/app/Repos/pandas/pandas/tests/io/test_stata.py,327,345,True,babd7ca1cb30c9634fd93f32e162af6e
2249,/app/Repos/pandas/pandas/tests/io/formats/test_format.py,839,846,/app/Repos/pandas/pandas/tests/io/formats/test_format.py,839,846,True,9c1f3d30f240623c5e46189951b88936
2250,/app/Repos/pandas/pandas/tests/frame/test_apply.py,42,71,/app/Repos/pandas/pandas/tests/frame/test_indexing.py,72,77,True,a1a00bbe45e49d495855b30185e0fa71
2251,/app/Repos/pandas/pandas/tests/io/test_stata.py,314,327,/app/Repos/pandas/pandas/tests/io/test_stata.py,327,345,True,966f081455dd0083e5ef1abcc43da7e1
2249,/app/Repos/pandas/pandas/tests/io/formats/test_format.py,839,846,/app/Repos/pandas/pandas/tests/io/formats/test_format.py,839,846,False,9c1f3d30f240623c5e46189951b88936
2252,/app/Repos/pandas/pandas/tests/io/parser/test_network.py,94,102,/app/Repos/pandas/pandas/tests/io/parser/test_network.py,102,119,True,dafe28e91a2855f716c593b14af0591c
2253,/app/Repos/pandas/pandas/tests/io/sas/test_sas7bdat.py,41,50,/app/Repos/pandas/pandas/tests/io/sas/test_sas7bdat.py,65,78,True,8e06c36a7f4f27654c99d04cff768d21
2254,/app/Repos/pandas/pandas/tests/io/sas/test_sas7bdat.py,50,65,/app/Repos/pandas/pandas/tests/io/sas/test_sas7bdat.py,65,78,True,cb2de002408ece97476a9f8062417546
2255,/app/Repos/pandas/pandas/tests/io/sas/test_sas7bdat.py,158,167,/app/Repos/pandas/pandas/tests/io/sas/test_sas7bdat.py,176,188,True,fb9e6b60eeafbfa4f7cf2debf640d05a
2256,/app/Repos/pandas/pandas/tests/io/sas/test_sas7bdat.py,167,176,/app/Repos/pandas/pandas/tests/io/sas/test_sas7bdat.py,176,188,True,206b8925305d0f6786e2bfc9249f43dd
2257,/app/Repos/pandas/pandas/tests/tseries/offsets/test_fiscal.py,310,321,/app/Repos/pandas/pandas/tests/tseries/offsets/test_fiscal.py,321,335,True,842a73b6b72f9d588aee51c669cba59d
2258,/app/Repos/pandas/pandas/tests/tseries/offsets/test_fiscal.py,638,649,/app/Repos/pandas/pandas/tests/tseries/offsets/test_fiscal.py,638,649,True,8031aa8ceeb065f6ef8e2c973dc01deb
1232,/app/Repos/pandas/pandas/tests/frame/test_indexing.py,72,77,/app/Repos/pandas/pandas/tests/frame/test_indexing.py,72,77,False,0873b20d54e151c01bb781477fe600d4
2259,/app/Repos/pandas/pandas/tests/test_sorting.py,102,124,/app/Repos/pandas/pandas/tests/test_sorting.py,124,194,True,80c534b78fbcc9b195e3b42a6db53dab
1232,/app/Repos/pandas/pandas/tests/frame/test_indexing.py,72,77,/app/Repos/pandas/pandas/tests/frame/test_indexing.py,72,77,False,0873b20d54e151c01bb781477fe600d4
2260,/app/Repos/pandas/pandas/tests/io/test_stata.py,130,149,/app/Repos/pandas/pandas/tests/io/test_stata.py,229,260,True,6bcc06655874144b07661cc0ad3b1c42
2261,/app/Repos/pandas/pandas/tests/frame/conftest.py,153,170,/app/Repos/pandas/pandas/tests/frame/test_replace.py,1018,1074,True,8eb6cd5f54dab7d6f87cdcc0a7ffe7aa
2262,/app/Repos/pandas/pandas/tests/extension/base/constructors.py,49,59,/app/Repos/pandas/pandas/tests/extension/base/constructors.py,49,59,True,60d4c01ff88dc1b01f29b4032e3bb87b
2263,/app/Repos/pandas/pandas/tests/test_join.py,50,59,/app/Repos/pandas/pandas/tests/test_join.py,105,128,True,01b47373e2bd74692f7eefb6695523ca
2264,/app/Repos/pandas/pandas/tests/test_join.py,82,105,/app/Repos/pandas/pandas/tests/test_join.py,105,128,True,e290b312299a396203258760e34c7c0a
2265,/app/Repos/pandas/pandas/tests/io/parser/c_parser_only.py,198,206,/app/Repos/pandas/pandas/tests/io/parser/usecols.py,36,90,True,e7183ed40a8f7b22a7ba925fb93dc703
1242,/app/Repos/pandas/pandas/tests/frame/test_indexing.py,866,891,/app/Repos/pandas/pandas/tests/frame/test_indexing.py,866,891,False,bef41da8da9c6484981027097047602c
2266,/app/Repos/pandas/pandas/tests/io/test_stata.py,560,579,/app/Repos/pandas/pandas/tests/io/test_stata.py,579,592,True,881dbbaff992b895f3512f11d162f779
2267,/app/Repos/pandas/pandas/tests/frame/test_timeseries.py,60,71,/app/Repos/pandas/pandas/tests/frame/test_timeseries.py,71,86,True,f4afc3b4d95b94495d18288ef4b5fc98
2268,/app/Repos/pandas/pandas/tests/frame/test_timeseries.py,178,185,/app/Repos/pandas/pandas/tests/frame/test_timeseries.py,185,192,True,19baffde60a4bfcd71bed88bbed0a8d9
2269,/app/Repos/pandas/pandas/tests/frame/test_indexing.py,1051,1078,/app/Repos/pandas/pandas/tests/frame/test_indexing.py,1051,1078,True,01478db04977b0d155b33dba32d0ebf9
2270,/app/Repos/pandas/pandas/tests/io/formats/test_style.py,78,89,/app/Repos/pandas/pandas/tests/io/formats/test_style.py,89,101,True,e3be5cada5c118e9e06dc4f93eaaeb69
2271,/app/Repos/pandas/pandas/tests/io/formats/test_style.py,152,180,/app/Repos/pandas/pandas/tests/io/formats/test_style.py,180,198,True,fd5fcef7e4a2b3aadd07326904d3e20a
2272,/app/Repos/pandas/pandas/tests/io/parser/common.py,240,251,/app/Repos/pandas/pandas/tests/io/parser/parse_dates.py,235,247,True,8c4bb237578edaf2d3b6e414267d267b
2273,/app/Repos/pandas/pandas/tests/io/parser/common.py,251,261,/app/Repos/pandas/pandas/tests/io/parser/parse_dates.py,235,247,True,e27c4c6c1554cc7db8cdf98e1b61c5fb
1253,/app/Repos/pandas/pandas/tests/frame/test_indexing.py,2139,2150,/app/Repos/pandas/pandas/tests/frame/test_indexing.py,2139,2150,False,fdbd668357e9aeeacebe4e410a7125ed
2274,/app/Repos/pandas/pandas/tests/io/parser/common.py,426,437,/app/Repos/pandas/pandas/tests/io/parser/parse_dates.py,387,402,True,97ad315b6e783d2418d202b63be15017
2275,/app/Repos/pandas/pandas/tests/io/formats/test_style.py,518,535,/app/Repos/pandas/pandas/tests/io/formats/test_style.py,535,555,True,3489739052454a4b36cb20541429e75c
2276,/app/Repos/pandas/pandas/tests/frame/test_api.py,67,76,/app/Repos/pandas/pandas/tests/frame/test_indexing.py,1763,1772,True,642df90e2000de3a798633af1ce1dfe4
2277,/app/Repos/pandas/pandas/tests/io/formats/test_style.py,471,497,/app/Repos/pandas/pandas/tests/io/formats/test_style.py,693,698,True,69192027af3f758e93761ca5c11abb18
2278,/app/Repos/pandas/pandas/tests/io/parser/common.py,893,900,/app/Repos/pandas/pandas/tests/io/parser/parse_dates.py,457,489,True,e9cadb5d29c7ec9225f2f1f6038106fb
2279,/app/Repos/pandas/pandas/tests/io/parser/common.py,1475,1483,/app/Repos/pandas/pandas/tests/io/parser/parse_dates.py,457,489,True,a6ec97e248bf838f4137fc32fe78fa98
2280,/app/Repos/pandas/pandas/tests/io/parser/common.py,893,900,/app/Repos/pandas/pandas/tests/io/parser/index_col.py,67,137,True,7460faa179a8ac29725e4f2de8a87bbf
2281,/app/Repos/pandas/pandas/tests/io/parser/common.py,900,909,/app/Repos/pandas/pandas/tests/io/parser/index_col.py,67,137,True,954a493c2a06624619eebca917c87b7e
2282,/app/Repos/pandas/pandas/tests/io/parser/common.py,909,917,/app/Repos/pandas/pandas/tests/io/parser/index_col.py,67,137,True,848638ddeec955a99b847a6fe2c0dca0
2283,/app/Repos/pandas/pandas/tests/io/formats/test_style.py,856,894,/app/Repos/pandas/pandas/tests/io/formats/test_style.py,894,905,True,e6f5ecaeda97acadb49c7127493ac8ef
2284,/app/Repos/pandas/pandas/tests/dtypes/test_dtypes.py,150,164,/app/Repos/pandas/pandas/tests/dtypes/test_dtypes.py,409,436,True,20fab1fb06a1897d455c2e3030d811f4
2285,/app/Repos/pandas/pandas/tests/dtypes/test_dtypes.py,268,282,/app/Repos/pandas/pandas/tests/dtypes/test_dtypes.py,409,436,True,dff8ea00bfb45d28afb78fc71cc985d7
2286,/app/Repos/pandas/pandas/tests/io/msgpack/test_limits.py,32,47,/app/Repos/pandas/pandas/tests/io/msgpack/test_limits.py,92,106,True,3d12738733f3bbce00bf4c7be622bf8b
2287,/app/Repos/pandas/pandas/tests/io/msgpack/test_limits.py,62,77,/app/Repos/pandas/pandas/tests/io/msgpack/test_limits.py,92,106,True,4ce67ff253383c717e2b23f2026a0f53
2288,/app/Repos/pandas/pandas/tests/io/msgpack/test_limits.py,77,92,/app/Repos/pandas/pandas/tests/io/msgpack/test_limits.py,92,106,True,99ca20e8b3bbebc1184ba26c6187055f
2289,/app/Repos/pandas/pandas/tests/io/msgpack/test_limits.py,47,62,/app/Repos/pandas/pandas/tests/io/msgpack/test_limits.py,92,106,True,fa8a9806d6e2a6233c7328b6810a1e25
2290,/app/Repos/pandas/pandas/tests/tseries/offsets/test_offsets.py,589,599,/app/Repos/pandas/pandas/tests/tseries/offsets/test_offsets.py,1652,1662,True,bf4fcae92104d8f175da27735c63823e
2291,/app/Repos/pandas/pandas/tests/tseries/offsets/test_offsets.py,1989,1999,/app/Repos/pandas/pandas/tests/tseries/offsets/test_offsets.py,2108,2116,True,3455c214c1bca696d29db368399fa6e2
2292,/app/Repos/pandas/pandas/tests/io/test_stata.py,1023,1066,/app/Repos/pandas/pandas/tests/io/test_stata.py,1093,1138,True,b87869903280af6d15d62545b361be07
2293,/app/Repos/pandas/pandas/tests/tseries/offsets/test_offsets.py,2928,2947,/app/Repos/pandas/pandas/tests/tseries/offsets/test_offsets.py,2947,2957,True,f99d8ee024443ba70acf164b72cc9e26
2294,/app/Repos/pandas/pandas/tests/tseries/offsets/test_offsets.py,3066,3083,/app/Repos/pandas/pandas/tests/tseries/offsets/test_offsets.py,3083,3100,True,04ef6190b82ec3f8afd8b3bd7a86d7f6
2295,/app/Repos/pandas/pandas/tests/io/parser/test_network.py,94,102,/app/Repos/pandas/pandas/tests/io/parser/test_network.py,152,160,True,a0e2ab28c79f3b072c1cfd4f47898604
2296,/app/Repos/pandas/pandas/tests/io/parser/test_network.py,136,144,/app/Repos/pandas/pandas/tests/io/parser/test_network.py,152,160,True,837472a3707476ae546fdbf33dee9606
2297,/app/Repos/pandas/pandas/tests/io/parser/test_network.py,61,79,/app/Repos/pandas/pandas/tests/io/parser/test_network.py,152,160,True,fa027b114eb38e2f74a4807c1f6141c7
2298,/app/Repos/pandas/pandas/tests/io/parser/test_network.py,102,119,/app/Repos/pandas/pandas/tests/io/parser/test_network.py,152,160,True,ec63a0d47a6e205d48ca96222bebd3f9
2299,/app/Repos/pandas/pandas/tests/io/parser/c_parser_only.py,236,250,/app/Repos/pandas/pandas/tests/io/parser/python_parser_only.py,108,131,True,ef45227c097e841ea103520f86276cab
2300,/app/Repos/pandas/pandas/tests/io/parser/test_network.py,119,136,/app/Repos/pandas/pandas/tests/io/parser/test_network.py,152,160,True,11c05768f6425863ee13229980631f3b
2301,/app/Repos/pandas/pandas/tests/io/parser/test_network.py,144,152,/app/Repos/pandas/pandas/tests/io/parser/test_network.py,152,160,True,93c11241a3ecdd22d318b261b949da29
2302,/app/Repos/pandas/pandas/tests/io/formats/test_to_csv.py,516,547,/app/Repos/pandas/pandas/tests/io/json/test_compression.py,95,125,True,fe68efd724e48e9d0655a1d0d926e56c
2303,/app/Repos/pandas/pandas/tests/io/test_stata.py,500,509,/app/Repos/pandas/pandas/tests/io/test_stata.py,1154,1184,True,09325dd47244d98739afbb3f3ddd014e
2304,/app/Repos/pandas/pandas/tests/io/json/test_pandas.py,1123,1166,/app/Repos/pandas/pandas/tests/io/test_pytables.py,1084,1134,True,4d9c15a494869a82da63cbf5aea2a4dd
2305,/app/Repos/pandas/pandas/tests/frame/test_indexing.py,2920,3025,/app/Repos/pandas/pandas/tests/frame/test_indexing.py,2920,3025,True,7e21e450a54cc5162fd162ce73424f34
2306,/app/Repos/pandas/pandas/tests/groupby/test_apply.py,47,61,/app/Repos/pandas/pandas/tests/groupby/test_apply.py,61,80,True,f30e1fa7f11a4ef6bbcc526cad67e190
2307,/app/Repos/pandas/pandas/tests/groupby/test_apply.py,378,427,/app/Repos/pandas/pandas/tests/groupby/test_apply.py,406,415,True,0f62b034a0785e43a146e9553bdee314
2308,/app/Repos/pandas/pandas/tests/io/test_pytables.py,2183,2212,/app/Repos/pandas/pandas/tests/io/test_pytables.py,2183,2212,True,67bc89520e84eee4121ab3e5de5b89dc
2309,/app/Repos/pandas/pandas/tests/io/test_packers.py,576,592,/app/Repos/pandas/pandas/tests/io/test_pytables.py,2701,2717,True,5b965dff6b42f7270b6541a7a9938763
2310,/app/Repos/pandas/pandas/tests/io/test_packers.py,592,611,/app/Repos/pandas/pandas/tests/io/test_pytables.py,2701,2717,True,2beb25a1d9cb06b880c5ca6cb831bb4e
2311,/app/Repos/pandas/pandas/tests/io/test_packers.py,592,611,/app/Repos/pandas/pandas/tests/io/test_pytables.py,2717,2735,True,0ca98589f4182977736df01206dd8cc8
2312,/app/Repos/pandas/pandas/tests/io/test_packers.py,576,592,/app/Repos/pandas/pandas/tests/io/test_pytables.py,2717,2735,True,a3d0b80a29f1cf4cc9fd2a35183a3183
2313,/app/Repos/pandas/pandas/tests/io/test_stata.py,500,509,/app/Repos/pandas/pandas/tests/io/test_stata.py,1184,1207,True,64fea826de167266a256534d6cf3fc37
2314,/app/Repos/pandas/pandas/tests/io/test_stata.py,111,120,/app/Repos/pandas/pandas/tests/io/test_stata.py,648,674,True,fa487c9e92a0ce53f9e4b8aa0fdef6dc
2315,/app/Repos/pandas/pandas/tests/io/test_stata.py,1154,1184,/app/Repos/pandas/pandas/tests/io/test_stata.py,1184,1207,True,7bf4ae60dc34bd6dbe0b6eadefd674fa
2316,/app/Repos/pandas/pandas/tests/frame/test_constructors.py,1695,1744,/app/Repos/pandas/pandas/tests/frame/test_constructors.py,1695,1744,True,bdbbd5820e9cbe6745bb0b88b9190612
2317,/app/Repos/pandas/pandas/tests/io/test_stata.py,524,538,/app/Repos/pandas/pandas/tests/io/test_stata.py,648,674,True,13289f82ee8775c67e8efeaf76085a8a
2318,/app/Repos/pandas/pandas/tests/io/test_stata.py,549,560,/app/Repos/pandas/pandas/tests/io/test_stata.py,648,674,True,ec5708c098c2736f1dfb13f12279d147
2319,/app/Repos/pandas/pandas/tests/io/parser/test_textreader.py,26,33,/app/Repos/pandas/pandas/tests/io/parser/test_textreader.py,26,33,True,e07255ae7c729f2f760ea5e8df206b68
2319,/app/Repos/pandas/pandas/tests/io/parser/test_textreader.py,26,33,/app/Repos/pandas/pandas/tests/io/parser/test_textreader.py,26,33,False,e07255ae7c729f2f760ea5e8df206b68
2320,/app/Repos/pandas/pandas/tests/io/test_stata.py,814,839,/app/Repos/pandas/pandas/tests/io/test_stata.py,839,871,True,5aed92c697c42983f5a073d0beb3dff7
2321,/app/Repos/pandas/pandas/tests/io/test_stata.py,1207,1234,/app/Repos/pandas/pandas/tests/io/test_stata.py,1261,1268,True,a7985e2f29a91bd9fb87af03e1371633
2322,/app/Repos/pandas/pandas/tests/io/test_stata.py,1154,1184,/app/Repos/pandas/pandas/tests/io/test_stata.py,1261,1268,True,6ec027a42d37d881b26d0126eeff607b
2323,/app/Repos/pandas/pandas/tests/io/test_stata.py,468,486,/app/Repos/pandas/pandas/tests/io/test_stata.py,839,871,True,0efc5c369cba89d84f3913b8272ca485
2324,/app/Repos/pandas/pandas/tests/io/test_stata.py,1184,1207,/app/Repos/pandas/pandas/tests/io/test_stata.py,1261,1268,True,14f8a9b3b46d4baf22e467525af17b70
2325,/app/Repos/pandas/pandas/tests/frame/test_constructors.py,1942,1952,/app/Repos/pandas/pandas/tests/frame/test_constructors.py,1942,1952,True,97b3da1fd31f42270fd90c3f8abeea60
1247,/app/Repos/pandas/pandas/tests/frame/test_constructors.py,1144,1149,/app/Repos/pandas/pandas/tests/frame/test_constructors.py,1144,1149,False,a484f99728a4d0695183f187b52973b1
2326,/app/Repos/pandas/pandas/tests/io/test_stata.py,1261,1268,/app/Repos/pandas/pandas/tests/io/test_stata.py,1268,1288,True,03ac192c1be5c84dd75a14d2518a8b56
2327,/app/Repos/pandas/pandas/tests/tseries/offsets/test_offsets.py,176,184,/app/Repos/pandas/pandas/tests/tseries/offsets/test_offsets.py,184,191,True,114490be1a042e3e99228fe0bb6cd02c
2328,/app/Repos/pandas/pandas/tests/tseries/offsets/test_offsets.py,700,724,/app/Repos/pandas/pandas/tests/tseries/offsets/test_offsets.py,2078,2098,True,532341ba6b475c988f63b8bc62f2b9be
2329,/app/Repos/pandas/pandas/tests/io/test_stata.py,1307,1327,/app/Repos/pandas/pandas/tests/io/test_stata.py,1327,1353,True,3603734fba99d7defa2bb728f1884190
2330,/app/Repos/pandas/pandas/tests/tseries/offsets/test_offsets.py,1765,1784,/app/Repos/pandas/pandas/tests/tseries/offsets/test_offsets.py,2078,2098,True,dd914ee246466606002af92afef925d3
2331,/app/Repos/pandas/pandas/tests/frame/test_apply.py,951,960,/app/Repos/pandas/pandas/tests/groupby/aggregate/test_other.py,213,233,True,722b58a49efcbafed6da9e50c59bcb3d
2332,/app/Repos/pandas/pandas/tests/tseries/offsets/test_offsets.py,1961,1980,/app/Repos/pandas/pandas/tests/tseries/offsets/test_offsets.py,2078,2098,True,53f5502442f22cda9195b8d85c852491
2333,/app/Repos/pandas/pandas/tests/tseries/offsets/test_offsets.py,2517,2539,/app/Repos/pandas/pandas/tests/tseries/offsets/test_offsets.py,2691,2712,True,94171d23c43d4fe4e25d4e46715db6a3
2334,/app/Repos/pandas/pandas/tests/io/parser/test_network.py,94,102,/app/Repos/pandas/pandas/tests/io/parser/test_network.py,136,144,True,4e5c79b490810174ab4933d77b7b6dbe
2335,/app/Repos/pandas/pandas/tests/io/parser/test_network.py,61,79,/app/Repos/pandas/pandas/tests/io/parser/test_network.py,136,144,True,225b7644a1b70606d4f844c53a16e202
2336,/app/Repos/pandas/pandas/tests/io/parser/test_network.py,102,119,/app/Repos/pandas/pandas/tests/io/parser/test_network.py,136,144,True,bb70d9ded9ec04c6039c98d9250dc11f
2337,/app/Repos/pandas/pandas/tests/groupby/aggregate/test_other.py,318,339,/app/Repos/pandas/pandas/tests/groupby/aggregate/test_other.py,318,339,True,d6b52b2bafc7ee614aa021c95f9b0b1b
2338,/app/Repos/pandas/pandas/tests/io/parser/test_network.py,119,136,/app/Repos/pandas/pandas/tests/io/parser/test_network.py,136,144,True,ed9d9418dcd2591026a82196ff4c7605
2339,/app/Repos/pandas/pandas/tests/io/test_stata.py,1353,1360,/app/Repos/pandas/pandas/tests/io/test_stata.py,1360,1367,True,d17de9fc6a252168e533ff0a8b02e7fa
2340,/app/Repos/pandas/pandas/tests/frame/test_apply.py,394,411,/app/Repos/pandas/pandas/tests/groupby/aggregate/test_other.py,318,339,True,efafb0933456d119a2ba849a6536324c
2337,/app/Repos/pandas/pandas/tests/groupby/aggregate/test_other.py,318,339,/app/Repos/pandas/pandas/tests/groupby/aggregate/test_other.py,318,339,False,d6b52b2bafc7ee614aa021c95f9b0b1b
2341,/app/Repos/pandas/pandas/tests/io/formats/test_to_latex.py,475,500,/app/Repos/pandas/pandas/tests/io/formats/test_to_latex.py,500,545,True,dbf1390c1688b42293f07ce0d28c7c4d
2342,/app/Repos/pandas/pandas/tests/io/test_packers.py,388,396,/app/Repos/pandas/pandas/tests/io/test_pytables.py,3979,4079,True,fbfc74d5a0e87ba4ee7f11964fad828f
2343,/app/Repos/pandas/pandas/tests/io/formats/test_to_latex.py,45,76,/app/Repos/pandas/pandas/tests/io/formats/test_to_latex.py,500,545,True,c453993a075415888c3e6cb13528e9f3
2344,/app/Repos/pandas/pandas/tests/groupby/test_groupby.py,486,509,/app/Repos/pandas/pandas/tests/groupby/test_groupby.py,486,509,True,4f1f88d1876e9bfc4f0ddcd8edb0889d
2345,/app/Repos/pandas/pandas/tests/io/sas/test_sas7bdat.py,41,50,/app/Repos/pandas/pandas/tests/io/sas/test_sas7bdat.py,89,100,True,70812cb95c1ad58c2a8e81d59e37ca10
2346,/app/Repos/pandas/pandas/tests/io/sas/test_sas7bdat.py,50,65,/app/Repos/pandas/pandas/tests/io/sas/test_sas7bdat.py,89,100,True,571013934b7edd1ce14c07fdaa0cae6d
2347,/app/Repos/pandas/pandas/tests/frame/test_apply.py,394,411,/app/Repos/pandas/pandas/tests/groupby/test_groupby.py,486,509,True,15e6a8b215c8c6eaf34410215da3b3d8
2344,/app/Repos/pandas/pandas/tests/groupby/test_groupby.py,486,509,/app/Repos/pandas/pandas/tests/groupby/test_groupby.py,486,509,False,4f1f88d1876e9bfc4f0ddcd8edb0889d
2348,/app/Repos/pandas/pandas/tests/io/sas/test_sas7bdat.py,65,78,/app/Repos/pandas/pandas/tests/io/sas/test_sas7bdat.py,89,100,True,e0581618c67358413e7a29188e39e49c
2349,/app/Repos/pandas/pandas/tests/io/sas/test_sas7bdat.py,78,89,/app/Repos/pandas/pandas/tests/io/sas/test_sas7bdat.py,89,100,True,f9fee9baf50ad06582fc5007dba0fe53
2350,/app/Repos/pandas/pandas/tests/groupby/test_apply.py,251,258,/app/Repos/pandas/pandas/tests/groupby/test_function.py,711,719,True,c6a46c8f71e2a8b44531b0286b5fd4f0
2351,/app/Repos/pandas/pandas/tests/io/sas/test_sas7bdat.py,41,50,/app/Repos/pandas/pandas/tests/io/sas/test_sas7bdat.py,100,114,True,71384c337d75de4ea2b543b0ad4c5b3c
2352,/app/Repos/pandas/pandas/tests/io/test_stata.py,327,345,/app/Repos/pandas/pandas/tests/io/test_stata.py,1409,1440,True,0944db2a6e834f5489736e35b473e405
2353,/app/Repos/pandas/pandas/tests/io/sas/test_sas7bdat.py,148,158,/app/Repos/pandas/pandas/tests/io/sas/test_sas7bdat.py,204,213,True,09a6cca9378703838491df57aaae2b58
2354,/app/Repos/pandas/pandas/tests/io/test_stata.py,302,314,/app/Repos/pandas/pandas/tests/io/test_stata.py,1409,1440,True,a967edd8269045349d2f4c43601c417c
2355,/app/Repos/pandas/pandas/tests/frame/test_api.py,508,518,/app/Repos/pandas/pandas/tests/test_resample.py,2990,3003,True,2469a120226ccd9e439f162bac9ec71c
2356,/app/Repos/pandas/pandas/tests/frame/test_repr_info.py,46,57,/app/Repos/pandas/pandas/tests/frame/test_repr_info.py,46,57,True,afd9ddc7fc3505e99a592eaaafd5be0b
2356,/app/Repos/pandas/pandas/tests/frame/test_repr_info.py,46,57,/app/Repos/pandas/pandas/tests/frame/test_repr_info.py,46,57,False,afd9ddc7fc3505e99a592eaaafd5be0b
2356,/app/Repos/pandas/pandas/tests/frame/test_repr_info.py,46,57,/app/Repos/pandas/pandas/tests/frame/test_repr_info.py,46,57,False,afd9ddc7fc3505e99a592eaaafd5be0b
2357,/app/Repos/pandas/pandas/tests/io/test_stata.py,1234,1261,/app/Repos/pandas/pandas/tests/io/test_stata.py,1455,1469,True,19902bbe8abf8ada4fda27733f9150f4
2358,/app/Repos/pandas/pandas/tests/io/test_stata.py,1268,1288,/app/Repos/pandas/pandas/tests/io/test_stata.py,1455,1469,True,96188f9643bbc26e1d5c47eb59869a1d
2359,/app/Repos/pandas/pandas/tests/groupby/test_groupby.py,1248,1263,/app/Repos/pandas/pandas/tests/groupby/test_groupby.py,1248,1263,True,e71d11c5af365a7752041d3d32ad3131
2360,/app/Repos/pandas/pandas/tests/groupby/test_apply.py,251,258,/app/Repos/pandas/pandas/tests/groupby/test_groupby.py,1308,1333,True,373aa58ff38f9d618cfc5dccbcaa6886
2361,/app/Repos/pandas/pandas/tests/io/test_stata.py,1381,1390,/app/Repos/pandas/pandas/tests/io/test_stata.py,1469,1483,True,3f8adbbf269ac166d0c97e7ab9d42661
2362,/app/Repos/pandas/pandas/tests/frame/test_reshape.py,72,78,/app/Repos/pandas/pandas/tests/frame/test_reshape.py,72,78,True,7ebd640dea162edfa40f05ab074066ad
2363,/app/Repos/pandas/pandas/tests/io/parser/common.py,648,662,/app/Repos/pandas/pandas/tests/io/test_excel.py,640,659,True,2a7498f7cc4d848ece7aaee60918428b
2364,/app/Repos/pandas/pandas/tests/io/test_stata.py,1381,1390,/app/Repos/pandas/pandas/tests/io/test_stata.py,1483,1494,True,ebd80aea934204c8b8884a9a1139c699
2365,/app/Repos/pandas/pandas/tests/frame/test_quantile.py,161,180,/app/Repos/pandas/pandas/tests/frame/test_reshape.py,72,78,True,fca349f1760c621b8f08dd999bbe9d22
2366,/app/Repos/pandas/pandas/tests/frame/conftest.py,153,170,/app/Repos/pandas/pandas/tests/frame/test_dtypes.py,85,100,True,e06edbf332faf8bbc4744d16143787f8
2362,/app/Repos/pandas/pandas/tests/frame/test_reshape.py,72,78,/app/Repos/pandas/pandas/tests/frame/test_reshape.py,72,78,False,7ebd640dea162edfa40f05ab074066ad
2367,/app/Repos/pandas/pandas/tests/groupby/aggregate/test_aggregate.py,19,26,/app/Repos/pandas/pandas/tests/groupby/aggregate/test_aggregate.py,19,26,True,4251ff65cdc7591723b2906650f9a328
2368,/app/Repos/pandas/pandas/tests/groupby/conftest.py,63,78,/app/Repos/pandas/pandas/tests/groupby/conftest.py,63,78,True,46246ecb24485dfeb8a3629cc8a77b8f
2368,/app/Repos/pandas/pandas/tests/groupby/conftest.py,63,78,/app/Repos/pandas/pandas/tests/groupby/conftest.py,63,78,False,46246ecb24485dfeb8a3629cc8a77b8f
2369,/app/Repos/pandas/pandas/tests/frame/test_apply.py,338,372,/app/Repos/pandas/pandas/tests/groupby/conftest.py,63,78,True,07a286af7a51ff74548cb2c9bd8ecb0d
2370,/app/Repos/pandas/pandas/tests/frame/test_apply.py,394,411,/app/Repos/pandas/pandas/tests/groupby/conftest.py,63,78,True,1a8499e303a12b3717b60641c9a3f6f7
1832,/app/Repos/pandas/pandas/tests/arrays/categorical/test_warnings.py,9,19,/app/Repos/pandas/pandas/tests/arrays/categorical/test_warnings.py,9,19,False,b463d5f3a4950109688d3f356bbcd9b8
2371,/app/Repos/pandas/pandas/tests/io/test_packers.py,185,194,/app/Repos/pandas/pandas/tests/io/test_packers.py,199,208,True,5174f581a2ca0b39702b284caf41ca14
2372,/app/Repos/pandas/pandas/tests/io/test_packers.py,199,208,/app/Repos/pandas/pandas/tests/io/test_packers.py,218,227,True,beb1b3a862d27ccd8ffb60e4a04619be
2373,/app/Repos/pandas/pandas/tests/io/test_packers.py,185,194,/app/Repos/pandas/pandas/tests/io/test_packers.py,218,227,True,a6f23566c072bae862720286f3cfe767
2374,/app/Repos/pandas/pandas/tests/frame/conftest.py,153,170,/app/Repos/pandas/pandas/tests/frame/test_dtypes.py,927,960,True,203a4800fe2bfb1b5076eef4627d6c0d
2375,/app/Repos/pandas/pandas/tests/io/test_stata.py,327,345,/app/Repos/pandas/pandas/tests/io/test_stata.py,500,509,True,9ca0b6e55538ccac1447107967171c24
2376,/app/Repos/pandas/pandas/tests/io/test_packers.py,208,218,/app/Repos/pandas/pandas/tests/io/test_packers.py,227,233,True,cf68473fad489526cec25c97c966dac3
2377,/app/Repos/pandas/pandas/tests/io/test_stata.py,398,428,/app/Repos/pandas/pandas/tests/io/test_stata.py,500,509,True,b3233a9d42407595ffa96cb1048ef685
2378,/app/Repos/pandas/pandas/tests/groupby/test_filters.py,527,535,/app/Repos/pandas/pandas/tests/groupby/test_filters.py,527,535,True,9450a925ed383992694e6b337355d1be
2379,/app/Repos/pandas/pandas/tests/io/test_stata.py,486,500,/app/Repos/pandas/pandas/tests/io/test_stata.py,500,509,True,37b547ab1db39f2461d3844b608b4857
2380,/app/Repos/pandas/pandas/tests/frame/test_quantile.py,103,161,/app/Repos/pandas/pandas/tests/frame/test_quantile.py,103,161,True,64b133476f81ce488442d4e63c3fe579
1821,/app/Repos/pandas/pandas/tests/groupby/test_grouping.py,354,364,/app/Repos/pandas/pandas/tests/groupby/test_grouping.py,354,364,False,9b271b88c4654d4655cf87d22c71d0ee
2381,/app/Repos/pandas/pandas/tests/frame/test_quantile.py,79,103,/app/Repos/pandas/pandas/tests/frame/test_quantile.py,103,161,True,45d6ad44c0e25d030f7dd932e243a8cb
2382,/app/Repos/pandas/pandas/tests/io/test_packers.py,238,246,/app/Repos/pandas/pandas/tests/io/test_packers.py,251,260,True,10c7b214c0d0559f969f4c5b379ddb09
2383,/app/Repos/pandas/pandas/tests/io/test_packers.py,185,194,/app/Repos/pandas/pandas/tests/io/test_packers.py,276,286,True,4dd7f5fdb39352142190d78ce985fb0d
2384,/app/Repos/pandas/pandas/tests/io/test_packers.py,199,208,/app/Repos/pandas/pandas/tests/io/test_packers.py,276,286,True,a571f0dfc79c52d68c4f235c06c8fe75
2385,/app/Repos/pandas/pandas/tests/io/test_packers.py,218,227,/app/Repos/pandas/pandas/tests/io/test_packers.py,276,286,True,0329f0c2eb3fe427a04429cbc4c4ed30
2386,/app/Repos/pandas/pandas/tests/arithmetic/test_datetime64.py,1868,1901,/app/Repos/pandas/pandas/tests/arithmetic/test_datetime64.py,1868,1901,True,4dfa6632d05786589fdfad79c3721aff
2386,/app/Repos/pandas/pandas/tests/arithmetic/test_datetime64.py,1868,1901,/app/Repos/pandas/pandas/tests/arithmetic/test_datetime64.py,1868,1901,False,4dfa6632d05786589fdfad79c3721aff
2387,/app/Repos/pandas/pandas/tests/io/test_packers.py,112,139,/app/Repos/pandas/pandas/tests/io/test_packers.py,388,396,True,1c783911ddd584cf0a2390c2f458f0ee
2388,/app/Repos/pandas/pandas/tests/groupby/test_apply.py,251,258,/app/Repos/pandas/pandas/tests/test_multilevel.py,1172,1183,True,dd9d1a0c57d1d56ef69f144f18f484e7
2389,/app/Repos/pandas/pandas/tests/frame/test_quantile.py,226,299,/app/Repos/pandas/pandas/tests/frame/test_quantile.py,333,362,True,a0700ba130f294411dd211a526d6a768
2390,/app/Repos/pandas/pandas/tests/io/test_packers.py,576,592,/app/Repos/pandas/pandas/tests/io/test_packers.py,592,611,True,280c9b1ab3e789e483ed409db4b299c5
2391,/app/Repos/pandas/pandas/tests/io/test_packers.py,643,653,/app/Repos/pandas/pandas/tests/io/test_packers.py,663,715,True,659d9f2640957399778d3209cc8b2b7b
2392,/app/Repos/pandas/pandas/tests/io/test_packers.py,762,771,/app/Repos/pandas/pandas/tests/io/test_packers.py,771,778,True,4045f3d45e19b36f0009a0a68ec827ed
2393,/app/Repos/pandas/pandas/tests/io/test_packers.py,778,792,/app/Repos/pandas/pandas/tests/io/test_packers.py,792,807,True,b232622101faf073bc05b928979c5235
2394,/app/Repos/pandas/pandas/tests/arrays/test_integer.py,82,103,/app/Repos/pandas/pandas/tests/arrays/test_integer.py,82,103,True,5fa563099388ec5b3911660077738b46
2395,/app/Repos/pandas/pandas/tests/io/test_packers.py,615,638,/app/Repos/pandas/pandas/tests/io/test_packers.py,809,826,True,fb27325c7a919af1b5232fac602192a7
2396,/app/Repos/pandas/pandas/tests/io/test_packers.py,908,917,/app/Repos/pandas/pandas/tests/io/test_packers.py,917,926,True,94c16031f85fa994d8a92e7a4a68b285
2397,/app/Repos/pandas/pandas/tests/frame/test_block_internals.py,253,278,/app/Repos/pandas/pandas/tests/frame/test_block_internals.py,257,264,True,bd8086068165c41bf520e3c71305654e
2398,/app/Repos/pandas/pandas/tests/frame/test_block_internals.py,292,310,/app/Repos/pandas/pandas/tests/frame/test_block_internals.py,310,328,True,39bc66e228cd89329d0ccdcf225e13d9
2399,/app/Repos/pandas/pandas/tests/frame/test_api.py,206,215,/app/Repos/pandas/pandas/tests/sparse/frame/test_frame.py,33,43,True,6ee6f96229e3d10b9d1dace878e3dfef
2400,/app/Repos/pandas/pandas/tests/frame/test_api.py,227,267,/app/Repos/pandas/pandas/tests/sparse/frame/test_frame.py,43,50,True,66ddbbffd7d35f100da01e8594a4b46a
2401,/app/Repos/pandas/pandas/tests/frame/test_combine_concat.py,252,269,/app/Repos/pandas/pandas/tests/frame/test_combine_concat.py,252,269,True,60f55210b254a24957ce8366ad4f002b
2401,/app/Repos/pandas/pandas/tests/frame/test_combine_concat.py,252,269,/app/Repos/pandas/pandas/tests/frame/test_combine_concat.py,252,269,False,60f55210b254a24957ce8366ad4f002b
2402,/app/Repos/pandas/pandas/tests/frame/test_combine_concat.py,282,299,/app/Repos/pandas/pandas/tests/frame/test_combine_concat.py,282,299,True,383c0ffc43f404967888fb0589cd7618
2402,/app/Repos/pandas/pandas/tests/frame/test_combine_concat.py,282,299,/app/Repos/pandas/pandas/tests/frame/test_combine_concat.py,282,299,False,383c0ffc43f404967888fb0589cd7618
2403,/app/Repos/pandas/pandas/tests/frame/test_sort_values_level_as_str.py,10,19,/app/Repos/pandas/pandas/tests/groupby/test_index_as_string.py,8,21,True,794da268a64e05d842e57bce73785068
2404,/app/Repos/pandas/pandas/tests/frame/test_combine_concat.py,299,316,/app/Repos/pandas/pandas/tests/frame/test_combine_concat.py,299,316,True,11a7fd47aa0c300f9010184fc3deebca
2405,/app/Repos/pandas/pandas/tests/frame/test_sort_values_level_as_str.py,10,19,/app/Repos/pandas/pandas/tests/groupby/test_index_as_string.py,21,32,True,7e1dfc2dc1eb1d3ab1d401a3f74dc020
2406,/app/Repos/pandas/pandas/tests/indexing/test_iloc.py,385,449,/app/Repos/pandas/pandas/tests/indexing/test_iloc.py,385,449,True,4f8140744d0678ea793df27cbdeb3d55
2407,/app/Repos/pandas/pandas/tests/groupby/test_categorical.py,45,188,/app/Repos/pandas/pandas/tests/groupby/test_categorical.py,45,188,True,f558e99a9ea5d7ae8db207d5162ca03c
2408,/app/Repos/pandas/pandas/tests/groupby/test_categorical.py,251,361,/app/Repos/pandas/pandas/tests/groupby/test_categorical.py,251,361,True,f7af295a5867a04992c6837c6d370143
2409,/app/Repos/pandas/pandas/tests/frame/test_nonunique_indexes.py,443,454,/app/Repos/pandas/pandas/tests/frame/test_nonunique_indexes.py,443,454,True,64514633a7459580d77f107ab47a7729
2410,/app/Repos/pandas/pandas/tests/groupby/test_apply.py,251,258,/app/Repos/pandas/pandas/tests/groupby/test_transform.py,145,186,True,00d0ea4d50c2ce01da29e22c7ed1eaf9
1839,/app/Repos/pandas/pandas/tests/indexes/multi/test_format.py,23,29,/app/Repos/pandas/pandas/tests/indexes/multi/test_format.py,23,29,False,e215f8820eed4591ce6a5d845b7132dc
2411,/app/Repos/pandas/pandas/tests/frame/test_api.py,508,518,/app/Repos/pandas/pandas/tests/indexes/test_base.py,2190,2202,True,ccfabd0af6241970f0ab40d43126b686
2412,/app/Repos/pandas/pandas/tests/frame/test_block_internals.py,253,278,/app/Repos/pandas/pandas/tests/generic/test_generic.py,201,217,True,0886b69c51b5b9798c7749631f2d61d6
2413,/app/Repos/pandas/pandas/tests/io/generate_legacy_storage_files.py,91,103,/app/Repos/pandas/pandas/tests/sparse/frame/test_apply.py,19,29,True,96fbf46ffbbb5b7e84ae6c8df30717ab
2414,/app/Repos/pandas/pandas/tests/io/formats/test_format.py,2495,2501,/app/Repos/pandas/pandas/tests/io/formats/test_format.py,2501,2507,True,b364bc8b91df8611889ee70d0c14c695
2415,/app/Repos/pandas/pandas/tests/io/formats/test_format.py,2473,2489,/app/Repos/pandas/pandas/tests/io/formats/test_format.py,2501,2507,True,1c54d44cc560c3d756a18e0e60001aed
2416,/app/Repos/pandas/pandas/tests/io/formats/test_format.py,2266,2276,/app/Repos/pandas/pandas/tests/io/formats/test_format.py,2276,2285,True,0167ca4089a869b15ac26c115ed491ce
2417,/app/Repos/pandas/pandas/tests/io/formats/test_format.py,2489,2495,/app/Repos/pandas/pandas/tests/io/formats/test_format.py,2501,2507,True,890817df87103f7d99127732bf6e4924
2418,/app/Repos/pandas/pandas/tests/io/formats/test_format.py,2407,2424,/app/Repos/pandas/pandas/tests/io/formats/test_format.py,2441,2458,True,72ff60dc62f366c0055bc4abaf167101
2419,/app/Repos/pandas/pandas/tests/io/parser/multithread.py,35,68,/app/Repos/pandas/pandas/tests/io/parser/multithread.py,37,51,True,1d3f9156adb4cd102d36f6a15f27e68f
2420,/app/Repos/pandas/pandas/tests/io/formats/test_format.py,2424,2441,/app/Repos/pandas/pandas/tests/io/formats/test_format.py,2441,2458,True,a9569cca9760644f96cb75885cfa04e8
2421,/app/Repos/pandas/pandas/tests/io/formats/test_format.py,2519,2525,/app/Repos/pandas/pandas/tests/io/formats/test_format.py,2525,2531,True,843ced4d47ba4abac20674ecfaa672b1
2422,/app/Repos/pandas/pandas/tests/io/formats/test_format.py,2651,2667,/app/Repos/pandas/pandas/tests/io/formats/test_format.py,2667,2677,True,a79b2043914389accab683fecedc3eec
2423,/app/Repos/pandas/pandas/tests/internals/test_internals.py,981,1040,/app/Repos/pandas/pandas/tests/internals/test_internals.py,983,995,True,c0c85df14c0c242cd86744b0bc362108
2424,/app/Repos/pandas/pandas/tests/internals/test_internals.py,937,981,/app/Repos/pandas/pandas/tests/internals/test_internals.py,983,995,True,09a3e824c6f3a5c3e62c4d0013d3d7f5
2425,/app/Repos/pandas/pandas/tests/internals/test_internals.py,938,950,/app/Repos/pandas/pandas/tests/internals/test_internals.py,983,995,True,4a8881adf869b897a6430802d4b5ac6b
2426,/app/Repos/pandas/pandas/tests/frame/common.py,46,53,/app/Repos/pandas/pandas/tests/frame/common.py,53,60,True,83928ddcdbfdc61adaf68adc432af8f8
2427,/app/Repos/pandas/pandas/tests/dtypes/test_inference.py,423,434,/app/Repos/pandas/pandas/tests/dtypes/test_inference.py,434,444,True,b31bea84ea063cb470a7d27b8ee5e50a
2428,/app/Repos/pandas/pandas/tests/dtypes/test_inference.py,511,524,/app/Repos/pandas/pandas/tests/dtypes/test_inference.py,545,563,True,cbdef5d6928652d9d8ac668e31e09f7f
2429,/app/Repos/pandas/pandas/tests/io/formats/test_format.py,2407,2424,/app/Repos/pandas/pandas/tests/io/formats/test_format.py,2458,2471,True,8bed258b00f2e6ede7816f8f6f0943f3
2430,/app/Repos/pandas/pandas/tests/io/formats/test_format.py,2424,2441,/app/Repos/pandas/pandas/tests/io/formats/test_format.py,2458,2471,True,80df562ffd0640da101ecb858d08e12c
2431,/app/Repos/pandas/pandas/tests/io/parser/parse_dates.py,235,247,/app/Repos/pandas/pandas/tests/io/parser/parse_dates.py,309,330,True,9d020d3c3eb1623105516c3e26f4f8dd
2432,/app/Repos/pandas/pandas/tests/io/formats/test_format.py,2441,2458,/app/Repos/pandas/pandas/tests/io/formats/test_format.py,2458,2471,True,767c54b5b30d227cd45c643f2690d55d
2433,/app/Repos/pandas/pandas/tests/io/parser/parse_dates.py,421,435,/app/Repos/pandas/pandas/tests/io/parser/parse_dates.py,435,450,True,3e6b41964171cf69bcba43fc8c95714c
2434,/app/Repos/pandas/pandas/tests/io/formats/test_format.py,2651,2667,/app/Repos/pandas/pandas/tests/io/formats/test_format.py,2677,2689,True,48aded1a997cf7d2e1f0f97bc64492e0
2435,/app/Repos/pandas/pandas/tests/io/formats/test_format.py,2667,2677,/app/Repos/pandas/pandas/tests/io/formats/test_format.py,2677,2689,True,4ba484e36a0a3d4499c6590a216db94f
2436,/app/Repos/pandas/pandas/tests/io/parser/python_parser_only.py,215,231,/app/Repos/pandas/pandas/tests/io/parser/python_parser_only.py,248,264,True,33070bbaaa9f708645ed52ffa6d96628
2437,/app/Repos/pandas/pandas/tests/io/json/test_ujson.py,896,926,/app/Repos/pandas/pandas/tests/io/json/test_ujson.py,937,955,True,af0f18b2c89f1d02afc7cc681ecb9313
2438,/app/Repos/pandas/pandas/tests/frame/test_query_eval.py,531,541,/app/Repos/pandas/pandas/tests/frame/test_query_eval.py,541,555,True,d5fe1fb34871b6b51bcfb7e77f2afe62
2439,/app/Repos/pandas/pandas/tests/io/parser/parse_dates.py,387,402,/app/Repos/pandas/pandas/tests/io/parser/parse_dates.py,402,411,True,e8f82a249b0ab3da49dbb0533ec0dabf
2440,/app/Repos/pandas/pandas/tests/io/json/test_ujson.py,374,384,/app/Repos/pandas/pandas/tests/io/json/test_ujson.py,384,391,True,9e3751e79c6d1780deb3b0001230c7d0
2441,/app/Repos/pandas/pandas/tests/frame/test_query_eval.py,484,508,/app/Repos/pandas/pandas/tests/frame/test_query_eval.py,656,665,True,7fa530f3d8ef44748d66df74ae4e57ce
2442,/app/Repos/pandas/pandas/tests/frame/test_query_eval.py,508,519,/app/Repos/pandas/pandas/tests/frame/test_query_eval.py,656,665,True,683da01845d9a4b12b4bc79cb8beed46
2443,/app/Repos/pandas/pandas/tests/frame/test_query_eval.py,597,606,/app/Repos/pandas/pandas/tests/frame/test_query_eval.py,656,665,True,9b5ed9324eff2db65b5a990012809b9c
2444,/app/Repos/pandas/pandas/tests/io/parser/parse_dates.py,539,556,/app/Repos/pandas/pandas/tests/io/parser/parse_dates.py,556,583,True,b1d38b10e5157b436b8d21028b6e4cb1
2445,/app/Repos/pandas/pandas/tests/dtypes/test_inference.py,423,434,/app/Repos/pandas/pandas/tests/dtypes/test_inference.py,444,456,True,1e8db48d1ea01e9e119f94e8f3303519
2446,/app/Repos/pandas/pandas/tests/frame/test_query_eval.py,62,70,/app/Repos/pandas/pandas/tests/frame/test_query_eval.py,70,78,True,b84be0f7dbf215a8120f056b577b7d6a
2447,/app/Repos/pandas/pandas/tests/frame/test_query_eval.py,383,395,/app/Repos/pandas/pandas/tests/frame/test_query_eval.py,432,445,True,560944c6aad5b7c7cb3ce59b2777226a
2448,/app/Repos/pandas/pandas/tests/frame/test_query_eval.py,597,606,/app/Repos/pandas/pandas/tests/frame/test_query_eval.py,776,806,True,11b7f4d4d4ba83b442c1b1b19506f70f
2449,/app/Repos/pandas/pandas/tests/frame/test_query_eval.py,395,406,/app/Repos/pandas/pandas/tests/frame/test_query_eval.py,432,445,True,5193df762eb84396d29129864df412c0
2450,/app/Repos/pandas/pandas/tests/frame/test_query_eval.py,406,420,/app/Repos/pandas/pandas/tests/frame/test_query_eval.py,432,445,True,bec3f1de1a577ae29a7a4469147e2c1f
2451,/app/Repos/pandas/pandas/tests/frame/test_query_eval.py,420,432,/app/Repos/pandas/pandas/tests/frame/test_query_eval.py,432,445,True,308920fc933b5fa4f8eed30706c36ef3
2452,/app/Repos/pandas/pandas/tests/frame/test_query_eval.py,484,508,/app/Repos/pandas/pandas/tests/frame/test_query_eval.py,508,519,True,37bbca3a02f978966327ff1ad802ee00
2453,/app/Repos/pandas/pandas/tests/io/test_feather.py,68,75,/app/Repos/pandas/pandas/tests/io/test_feather.py,106,112,True,74f66a6fe9ba2634f6f50312b490c588
2454,/app/Repos/pandas/pandas/tests/frame/test_query_eval.py,420,432,/app/Repos/pandas/pandas/tests/frame/test_query_eval.py,740,752,True,8481a6b007d46236cd1c5687d987f99b
2455,/app/Repos/pandas/pandas/tests/frame/test_query_eval.py,383,395,/app/Repos/pandas/pandas/tests/frame/test_query_eval.py,740,752,True,8bd154cef48c88752e2a1cd2d6e12fb7
2456,/app/Repos/pandas/pandas/tests/frame/test_query_eval.py,395,406,/app/Repos/pandas/pandas/tests/frame/test_query_eval.py,740,752,True,7af5a36ee3af89e90ec924e504f233ce
2457,/app/Repos/pandas/pandas/tests/frame/test_query_eval.py,406,420,/app/Repos/pandas/pandas/tests/frame/test_query_eval.py,740,752,True,2825f39211cca0b5bd00a654de9828d0
2458,/app/Repos/pandas/pandas/tests/frame/test_query_eval.py,432,445,/app/Repos/pandas/pandas/tests/frame/test_query_eval.py,740,752,True,7386b1b08adc60b23135c6d54680a25b
2459,/app/Repos/pandas/pandas/tests/frame/test_query_eval.py,445,460,/app/Repos/pandas/pandas/tests/frame/test_query_eval.py,740,752,True,eb724044440d0341361ad5592cafd9e0
2460,/app/Repos/pandas/pandas/tests/frame/test_query_eval.py,406,420,/app/Repos/pandas/pandas/tests/frame/test_query_eval.py,445,460,True,19cd56e8a8ff8d13eaa0db7fea552477
2461,/app/Repos/pandas/pandas/tests/frame/test_query_eval.py,420,432,/app/Repos/pandas/pandas/tests/frame/test_query_eval.py,445,460,True,6fb45fe3fd6d06421f3a5605a6f7cb8d
2462,/app/Repos/pandas/pandas/tests/frame/test_replace.py,710,721,/app/Repos/pandas/pandas/tests/frame/test_replace.py,721,731,True,b9896065c0f20502f66d12e0cc77fef1
2463,/app/Repos/pandas/pandas/tests/frame/test_query_eval.py,432,445,/app/Repos/pandas/pandas/tests/frame/test_query_eval.py,445,460,True,9474e882e697289a2a17a57fa3451623
2464,/app/Repos/pandas/pandas/tests/frame/test_query_eval.py,715,726,/app/Repos/pandas/pandas/tests/frame/test_query_eval.py,740,752,True,0500d52080f62f944ec48b6e35a509e2
2465,/app/Repos/pandas/pandas/tests/frame/test_query_eval.py,726,740,/app/Repos/pandas/pandas/tests/frame/test_query_eval.py,740,752,True,d77d3d09fd563f301da14879a0ebb02c
2466,/app/Repos/pandas/pandas/tests/io/parser/usecols.py,314,336,/app/Repos/pandas/pandas/tests/io/parser/usecols.py,336,358,True,09e2245fa9e0dbd3ddbb2804c35a92e7
2467,/app/Repos/pandas/pandas/tests/frame/test_replace.py,234,276,/app/Repos/pandas/pandas/tests/frame/test_replace.py,276,324,True,a0618751e6361fff5286dee63cf5f679
2468,/app/Repos/pandas/pandas/tests/frame/test_query_eval.py,531,541,/app/Repos/pandas/pandas/tests/frame/test_query_eval.py,555,570,True,caa9dfd88423da823faf5cba47dafe30
2469,/app/Repos/pandas/pandas/tests/frame/test_query_eval.py,541,555,/app/Repos/pandas/pandas/tests/frame/test_query_eval.py,555,570,True,ee41c7b453ecd3aeb0f826a04019ddcb
2470,/app/Repos/pandas/pandas/tests/frame/test_replace.py,402,458,/app/Repos/pandas/pandas/tests/frame/test_replace.py,511,526,True,b22e03a21f5f4a4c1714a74861a68072
2471,/app/Repos/pandas/pandas/tests/frame/test_replace.py,458,475,/app/Repos/pandas/pandas/tests/frame/test_replace.py,511,526,True,948594ad5dc2ad51d9e2a1be42317e0b
2472,/app/Repos/pandas/pandas/tests/groupby/test_counting.py,15,25,/app/Repos/pandas/pandas/tests/groupby/test_counting.py,58,69,True,5f1ad55b65f6e00bb6fdae59bd2679ec
2473,/app/Repos/pandas/pandas/tests/groupby/test_counting.py,35,46,/app/Repos/pandas/pandas/tests/groupby/test_counting.py,58,69,True,53233f4ba49999f72cf8c50785533775
2474,/app/Repos/pandas/pandas/tests/groupby/test_counting.py,46,58,/app/Repos/pandas/pandas/tests/groupby/test_counting.py,58,69,True,d1b3e37e7ba7d5b48f48dd1814832752
2475,/app/Repos/pandas/pandas/tests/frame/test_replace.py,496,511,/app/Repos/pandas/pandas/tests/frame/test_replace.py,511,526,True,7bac44f0f01ce5b56e11a0b32902fbd3
2476,/app/Repos/pandas/pandas/tests/groupby/test_counting.py,69,79,/app/Repos/pandas/pandas/tests/groupby/test_counting.py,136,146,True,c874d00050513589b363b340acc8023b
2477,/app/Repos/pandas/pandas/tests/groupby/test_counting.py,79,89,/app/Repos/pandas/pandas/tests/groupby/test_counting.py,136,146,True,c480d1524995ae012e80ab1701af19c8
2478,/app/Repos/pandas/pandas/tests/groupby/test_counting.py,116,126,/app/Repos/pandas/pandas/tests/groupby/test_counting.py,136,146,True,a94b18bb6fee589dacb3a52b94487d7d
2479,/app/Repos/pandas/pandas/tests/groupby/test_counting.py,126,136,/app/Repos/pandas/pandas/tests/groupby/test_counting.py,136,146,True,88739c5de761c440d4befe3cf050f736
2480,/app/Repos/pandas/pandas/tests/frame/test_query_eval.py,508,519,/app/Repos/pandas/pandas/tests/frame/test_query_eval.py,815,827,True,8d9d98fc04e56570ab9464d842cd71f5
2481,/app/Repos/pandas/pandas/tests/groupby/test_counting.py,35,46,/app/Repos/pandas/pandas/tests/groupby/test_counting.py,136,146,True,29c2a987be33ba9095ad6d0e929a564c
2482,/app/Repos/pandas/pandas/tests/frame/test_query_eval.py,519,531,/app/Repos/pandas/pandas/tests/frame/test_query_eval.py,815,827,True,e59d713e8e5e79c2458b2655c5799867
2483,/app/Repos/pandas/pandas/tests/groupby/test_counting.py,58,69,/app/Repos/pandas/pandas/tests/groupby/test_counting.py,136,146,True,cf63e4f2d01847f4f7f64827616738c0
2484,/app/Repos/pandas/pandas/tests/groupby/test_counting.py,89,99,/app/Repos/pandas/pandas/tests/groupby/test_counting.py,136,146,True,9bcb0180c8b3f29a337af45349189e4b
2485,/app/Repos/pandas/pandas/tests/frame/test_replace.py,805,843,/app/Repos/pandas/pandas/tests/frame/test_replace.py,843,865,True,0451646d1afc995a3f886bd53a0534b6
2486,/app/Repos/pandas/pandas/tests/io/parser/usecols.py,193,262,/app/Repos/pandas/pandas/tests/io/parser/usecols.py,262,288,True,036e3002901e2eeef8719e6e76d8d9fb
2487,/app/Repos/pandas/pandas/tests/frame/test_replace.py,402,458,/app/Repos/pandas/pandas/tests/frame/test_replace.py,458,475,True,b06715574e71a49240e08a0b6e99e1d4
2488,/app/Repos/pandas/pandas/tests/io/parser/usecols.py,314,336,/app/Repos/pandas/pandas/tests/io/parser/usecols.py,427,455,True,b8d846768502a763bc1c29ebfc70abc0
2489,/app/Repos/pandas/pandas/tests/io/parser/usecols.py,336,358,/app/Repos/pandas/pandas/tests/io/parser/usecols.py,427,455,True,17e0894054a81f1ce41dbb8dffa807ee
2490,/app/Repos/pandas/pandas/tests/io/parser/usecols.py,371,390,/app/Repos/pandas/pandas/tests/io/parser/usecols.py,427,455,True,01a031c4cd459ab6627fb0d9c8db39a3
2491,/app/Repos/pandas/pandas/tests/io/parser/usecols.py,390,411,/app/Repos/pandas/pandas/tests/io/parser/usecols.py,427,455,True,852d2a4901f4163471ea1ba12f4a5090
2492,/app/Repos/pandas/pandas/tests/frame/test_replace.py,961,995,/app/Repos/pandas/pandas/tests/frame/test_replace.py,995,1018,True,139ad2030e6d0c05a49fc52a7af18992
2493,/app/Repos/pandas/pandas/tests/io/parser/usecols.py,143,153,/app/Repos/pandas/pandas/tests/io/parser/usecols.py,153,163,True,3dd009128fb8e1d5eb08471d0ec3e846
2494,/app/Repos/pandas/pandas/tests/groupby/test_counting.py,15,25,/app/Repos/pandas/pandas/tests/groupby/test_counting.py,69,79,True,9ea15e0497d1d9025a745beb81324ac2
2495,/app/Repos/pandas/pandas/tests/groupby/test_counting.py,35,46,/app/Repos/pandas/pandas/tests/groupby/test_counting.py,69,79,True,04d1a15ee6820a1eceb1f727daaf11ac
2496,/app/Repos/pandas/pandas/tests/groupby/test_counting.py,46,58,/app/Repos/pandas/pandas/tests/groupby/test_counting.py,69,79,True,d5986ebe63ffaf4219393a2eeb8eadbc
2497,/app/Repos/pandas/pandas/tests/groupby/test_counting.py,58,69,/app/Repos/pandas/pandas/tests/groupby/test_counting.py,69,79,True,6ebefb808994cd1830587abda28b275f
2498,/app/Repos/pandas/pandas/tests/frame/test_indexing.py,2554,2706,/app/Repos/pandas/pandas/tests/frame/test_indexing.py,2558,2567,True,f488f5fd0f2cf29a816d9272636aca29
2499,/app/Repos/pandas/pandas/tests/frame/test_indexing.py,3207,3237,/app/Repos/pandas/pandas/tests/frame/test_indexing.py,3273,3299,True,4ca1b8e5e6239f22d0a6d524f7dcf60c
2500,/app/Repos/pandas/pandas/tests/frame/test_indexing.py,1219,1232,/app/Repos/pandas/pandas/tests/frame/test_indexing.py,1232,1241,True,6894778d065d88d36684896acc4c91f0
2501,/app/Repos/pandas/pandas/tests/dtypes/test_common.py,164,175,/app/Repos/pandas/pandas/tests/dtypes/test_common.py,190,198,True,468cdead49551977db0de474babb0478
2502,/app/Repos/pandas/pandas/tests/frame/test_indexing.py,891,1006,/app/Repos/pandas/pandas/tests/frame/test_indexing.py,1442,1458,True,ae008e37349090099e309c8ae6f3561b
2503,/app/Repos/pandas/pandas/tests/io/formats/test_format.py,2407,2424,/app/Repos/pandas/pandas/tests/io/formats/test_format.py,2424,2441,True,efca66b4f69367b0a749ea673441486b
2504,/app/Repos/pandas/pandas/tests/dtypes/test_common.py,164,175,/app/Repos/pandas/pandas/tests/dtypes/test_common.py,263,278,True,d817a2e0648523832f82e6f29a433f1e
2505,/app/Repos/pandas/pandas/tests/dtypes/test_common.py,175,181,/app/Repos/pandas/pandas/tests/dtypes/test_common.py,263,278,True,b1648aeb19356ee766c8088d71491ad4
2506,/app/Repos/pandas/pandas/tests/dtypes/test_common.py,190,198,/app/Repos/pandas/pandas/tests/dtypes/test_common.py,263,278,True,d44ef39b4b38c43bd5a46f17eb9a7d9d
2507,/app/Repos/pandas/pandas/tests/dtypes/test_common.py,251,257,/app/Repos/pandas/pandas/tests/dtypes/test_common.py,263,278,True,0b848be4fbebf0786441c65065374af3
2508,/app/Repos/pandas/pandas/tests/dtypes/test_common.py,257,263,/app/Repos/pandas/pandas/tests/dtypes/test_common.py,263,278,True,baf8e1783d883831fc0710cf90b07c91
2509,/app/Repos/pandas/pandas/tests/dtypes/test_common.py,307,319,/app/Repos/pandas/pandas/tests/dtypes/test_common.py,481,491,True,d22c1e8223f2ef20d18593670f96e5e4
2510,/app/Repos/pandas/pandas/tests/dtypes/test_common.py,447,459,/app/Repos/pandas/pandas/tests/dtypes/test_common.py,481,491,True,0e418b455ff9faf3902d38950d55e1d4
2511,/app/Repos/pandas/pandas/tests/frame/test_indexing.py,2166,2238,/app/Repos/pandas/pandas/tests/frame/test_indexing.py,2170,2178,True,95b90001d95e74aea10413c9bc558a92
2512,/app/Repos/pandas/pandas/tests/frame/test_indexing.py,2281,2288,/app/Repos/pandas/pandas/tests/frame/test_indexing.py,2288,2296,True,3fca508454626b39be9d67537859756e
2513,/app/Repos/pandas/pandas/tests/frame/test_indexing.py,2554,2706,/app/Repos/pandas/pandas/tests/frame/test_indexing.py,2567,2582,True,f33620ea0020d5985d98dd42e12208df
2514,/app/Repos/pandas/pandas/tests/frame/test_analytics.py,777,786,/app/Repos/pandas/pandas/tests/frame/test_analytics.py,832,841,True,3396ce941316b59839459a85bfab6b7f
2515,/app/Repos/pandas/pandas/tests/io/json/test_ujson.py,356,364,/app/Repos/pandas/pandas/tests/io/json/test_ujson.py,364,374,True,99f5bb071b80c2cb6e6620277fec2c0a
2516,/app/Repos/pandas/pandas/tests/frame/test_indexing.py,3237,3249,/app/Repos/pandas/pandas/tests/frame/test_indexing.py,3299,3311,True,1fa7f61e85aa93d89a801a3930b03530
2517,/app/Repos/pandas/pandas/tests/frame/test_analytics.py,786,809,/app/Repos/pandas/pandas/tests/frame/test_analytics.py,913,936,True,e842c52bedb604c8f825ce7ba36592bb
2518,/app/Repos/pandas/pandas/tests/frame/test_analytics.py,809,832,/app/Repos/pandas/pandas/tests/frame/test_analytics.py,913,936,True,18ce2a18307df0e2ca92a968f5a4965b
2519,/app/Repos/pandas/pandas/tests/frame/test_analytics.py,1307,1321,/app/Repos/pandas/pandas/tests/frame/test_analytics.py,1321,1338,True,34a40d49695a765804c45a0eb8a8b374
2520,/app/Repos/pandas/pandas/tests/groupby/aggregate/test_other.py,453,471,/app/Repos/pandas/pandas/tests/groupby/aggregate/test_other.py,471,490,True,d7834e01bbae8896c95e5de5b26817cd
2521,/app/Repos/pandas/pandas/tests/frame/test_analytics.py,1489,1498,/app/Repos/pandas/pandas/tests/frame/test_analytics.py,1498,1516,True,50549dbb2244d79e0a0aad6dce007081
1806,/app/Repos/pandas/pandas/tests/frame/test_analytics.py,2254,2263,/app/Repos/pandas/pandas/tests/frame/test_analytics.py,2254,2263,False,73bbb511e9fc7e4a394f9ac85d9e163f
1806,/app/Repos/pandas/pandas/tests/frame/test_analytics.py,2254,2263,/app/Repos/pandas/pandas/tests/frame/test_analytics.py,2254,2263,False,73bbb511e9fc7e4a394f9ac85d9e163f
2522,/app/Repos/pandas/pandas/tests/frame/test_query_eval.py,484,508,/app/Repos/pandas/pandas/tests/frame/test_query_eval.py,531,541,True,020357c9cfc66550caa79aa7e8e9e75c
1806,/app/Repos/pandas/pandas/tests/frame/test_analytics.py,2254,2263,/app/Repos/pandas/pandas/tests/frame/test_analytics.py,2254,2263,False,73bbb511e9fc7e4a394f9ac85d9e163f
1806,/app/Repos/pandas/pandas/tests/frame/test_analytics.py,2254,2263,/app/Repos/pandas/pandas/tests/frame/test_analytics.py,2254,2263,False,73bbb511e9fc7e4a394f9ac85d9e163f
2523,/app/Repos/pandas/pandas/tests/frame/test_analytics.py,984,996,/app/Repos/pandas/pandas/tests/frame/test_analytics.py,996,1020,True,e72b841821e3e336d80ebc3ff645f09f
2524,/app/Repos/pandas/pandas/tests/io/test_sql.py,391,403,/app/Repos/pandas/pandas/tests/io/test_sql.py,419,437,True,e3174b58205d506d6d81e9808b1dabb8
2525,/app/Repos/pandas/pandas/tests/frame/test_query_eval.py,445,460,/app/Repos/pandas/pandas/tests/frame/test_query_eval.py,765,776,True,2e94e2a6f4d4e6290452082eeb782688
2526,/app/Repos/pandas/pandas/tests/io/test_sql.py,403,419,/app/Repos/pandas/pandas/tests/io/test_sql.py,419,437,True,7d07e1b5ce7ee6ad80bb4e20f32a5507
2527,/app/Repos/pandas/pandas/tests/groupby/test_rank.py,37,77,/app/Repos/pandas/pandas/tests/groupby/test_rank.py,126,219,True,5bdd14acce2d80a9505b1c87e81585a3
2528,/app/Repos/pandas/pandas/tests/frame/test_query_eval.py,406,420,/app/Repos/pandas/pandas/tests/frame/test_query_eval.py,765,776,True,cea5569fd4128382aea0b97b2903bfe1
2529,/app/Repos/pandas/pandas/tests/io/test_sql.py,618,664,/app/Repos/pandas/pandas/tests/io/test_sql.py,664,674,True,61f4fc420b7b6f69153407b5c6e5c60d
2530,/app/Repos/pandas/pandas/tests/frame/test_query_eval.py,420,432,/app/Repos/pandas/pandas/tests/frame/test_query_eval.py,765,776,True,fc160485110a00ab8bd662ea5ab9182d
2531,/app/Repos/pandas/pandas/tests/frame/test_query_eval.py,432,445,/app/Repos/pandas/pandas/tests/frame/test_query_eval.py,765,776,True,523efff09d605de9d6af48ad79aa2f9e
2532,/app/Repos/pandas/pandas/tests/frame/test_query_eval.py,726,740,/app/Repos/pandas/pandas/tests/frame/test_query_eval.py,765,776,True,bad2685fb4817f978ac735d4a079c5cc
2533,/app/Repos/pandas/pandas/tests/frame/test_query_eval.py,740,752,/app/Repos/pandas/pandas/tests/frame/test_query_eval.py,765,776,True,d319f328c43c2b730eeb00a9fd1d6fbe
2534,/app/Repos/pandas/pandas/tests/frame/test_query_eval.py,752,765,/app/Repos/pandas/pandas/tests/frame/test_query_eval.py,765,776,True,685d71781fa36fd87e19f49c871ac116
2535,/app/Repos/pandas/pandas/tests/io/test_sql.py,909,920,/app/Repos/pandas/pandas/tests/io/test_sql.py,1099,1106,True,fc75ec7cbfc1eb67d1bec074af719f84
2536,/app/Repos/pandas/pandas/tests/frame/test_replace.py,324,363,/app/Repos/pandas/pandas/tests/frame/test_replace.py,363,402,True,b20b0bafc1dfd5702e2df27d4458bf8d
2537,/app/Repos/pandas/pandas/tests/io/test_sql.py,855,866,/app/Repos/pandas/pandas/tests/io/test_sql.py,1504,1520,True,a774059f877d2d7ec5f1208b1e5820f0
2538,/app/Repos/pandas/pandas/tests/io/test_sql.py,1476,1489,/app/Repos/pandas/pandas/tests/io/test_sql.py,1504,1520,True,78843cb24b66ef0bb55dcd01d508dfca
2539,/app/Repos/pandas/pandas/tests/io/test_pytables.py,344,358,/app/Repos/pandas/pandas/tests/io/test_pytables.py,381,431,True,d2d50985a11e00e316ebba4b9c008a94
2540,/app/Repos/pandas/pandas/tests/io/test_sql.py,1489,1504,/app/Repos/pandas/pandas/tests/io/test_sql.py,1504,1520,True,46e0741b6aa83cb90ea9f7371b1ea39c
2541,/app/Repos/pandas/pandas/tests/frame/test_replace.py,276,324,/app/Repos/pandas/pandas/tests/frame/test_replace.py,363,402,True,def5dcc6d554fdc64d963ee5a25b754b
2542,/app/Repos/pandas/pandas/tests/io/test_sql.py,2225,2245,/app/Repos/pandas/pandas/tests/io/test_sql.py,2245,2264,True,5dd4012b952425a6bab9d66f6f8572ab
2543,/app/Repos/pandas/pandas/tests/frame/test_replace.py,402,458,/app/Repos/pandas/pandas/tests/frame/test_replace.py,542,550,True,eab1ac97874efdfb2c081b0b15f32258
2544,/app/Repos/pandas/pandas/tests/io/test_sql.py,2194,2209,/app/Repos/pandas/pandas/tests/io/test_sql.py,2466,2486,True,0dbea85a6f1236f8dc04c77dcf6393bc
2545,/app/Repos/pandas/pandas/tests/frame/test_replace.py,868,877,/app/Repos/pandas/pandas/tests/frame/test_replace.py,877,886,True,5449ec9fee714141a12d0170f79282f0
2546,/app/Repos/pandas/pandas/tests/io/test_sql.py,1264,1276,/app/Repos/pandas/pandas/tests/io/test_sql.py,1704,1719,True,d9edc786b5fe5302b8cbddb3f7507560
2547,/app/Repos/pandas/pandas/tests/groupby/test_rank.py,219,232,/app/Repos/pandas/pandas/tests/groupby/test_rank.py,232,239,True,f400a132730e1079b93298a605531de7
2548,/app/Repos/pandas/pandas/tests/io/test_sql.py,2267,2288,/app/Repos/pandas/pandas/tests/io/test_sql.py,2557,2594,True,9282265a580a7585a19188351218a28d
2549,/app/Repos/pandas/pandas/tests/io/test_sql.py,545,558,/app/Repos/pandas/pandas/tests/io/test_sql.py,558,572,True,45b896bbd6805bdd3d37a8a925d1a10e
2550,/app/Repos/pandas/pandas/tests/groupby/test_counting.py,15,25,/app/Repos/pandas/pandas/tests/groupby/test_counting.py,46,58,True,0b17aa3c457aa1107e2a4053b950f044
2551,/app/Repos/pandas/pandas/tests/groupby/test_counting.py,35,46,/app/Repos/pandas/pandas/tests/groupby/test_counting.py,46,58,True,317599ba01bcee6d744ce65b2b552598
2552,/app/Repos/pandas/pandas/tests/groupby/test_counting.py,46,58,/app/Repos/pandas/pandas/tests/groupby/test_counting.py,126,136,True,42985fedf593e87fb0893c9d08755c4f
2553,/app/Repos/pandas/pandas/tests/groupby/test_counting.py,69,79,/app/Repos/pandas/pandas/tests/groupby/test_counting.py,126,136,True,d5be9f3ddec158652853ed2a1b0bb0b5
2554,/app/Repos/pandas/pandas/tests/groupby/test_counting.py,116,126,/app/Repos/pandas/pandas/tests/groupby/test_counting.py,126,136,True,3ffca0ac205907dead031f9739ddb6f8
2555,/app/Repos/pandas/pandas/tests/groupby/test_counting.py,79,89,/app/Repos/pandas/pandas/tests/groupby/test_counting.py,126,136,True,4841cfb7365287df8e50a855038919ba
2556,/app/Repos/pandas/pandas/tests/io/test_sql.py,689,729,/app/Repos/pandas/pandas/tests/io/test_sql.py,729,764,True,491630432ceb5eb0cdfc7bc9d303f916
2557,/app/Repos/pandas/pandas/tests/groupby/test_counting.py,89,99,/app/Repos/pandas/pandas/tests/groupby/test_counting.py,126,136,True,c2e55a65291eb72d439a7a7e89d28912
2558,/app/Repos/pandas/pandas/tests/io/test_pytables.py,877,904,/app/Repos/pandas/pandas/tests/io/test_pytables.py,2115,2155,True,1178906fc4cd05afb757d26d6ad459b5
2559,/app/Repos/pandas/pandas/tests/frame/test_analytics.py,2254,2263,/app/Repos/pandas/pandas/tests/io/test_pytables.py,1768,1793,True,10dbb7b55cccc248335a4b3b7b17de8a
2560,/app/Repos/pandas/pandas/tests/io/test_pytables.py,1952,2023,/app/Repos/pandas/pandas/tests/io/test_pytables.py,1965,1972,True,79e947e9b3133be70e2c8e3d6c1bdbc4
2561,/app/Repos/pandas/pandas/tests/frame/test_indexing.py,1392,1402,/app/Repos/pandas/pandas/tests/frame/test_indexing.py,1402,1418,True,649412241b3c731b8df6a68e3f0b5538
2562,/app/Repos/pandas/pandas/tests/io/test_pytables.py,1028,1068,/app/Repos/pandas/pandas/tests/io/test_pytables.py,1034,1042,True,6a213d5881887361323fb0c167e3de8c
2563,/app/Repos/pandas/pandas/tests/io/test_sql.py,1441,1464,/app/Repos/pandas/pandas/tests/io/test_sql.py,1999,2009,True,536b8a10e4fe67554d6d5bbc25effa19
2564,/app/Repos/pandas/pandas/tests/io/test_sql.py,2505,2528,/app/Repos/pandas/pandas/tests/io/test_sql.py,2528,2553,True,9ca117349ab33866a644ae8d489a66b5
2565,/app/Repos/pandas/pandas/tests/io/test_sql.py,2245,2264,/app/Repos/pandas/pandas/tests/io/test_sql.py,2528,2553,True,ae3ef66fb6933d850e761123360235f6
2566,/app/Repos/pandas/pandas/tests/io/test_pytables.py,1898,1929,/app/Repos/pandas/pandas/tests/io/test_pytables.py,2872,2891,True,d6149c608f92964b68be8e5326fef1de
2567,/app/Repos/pandas/pandas/tests/frame/test_indexing.py,2880,2912,/app/Repos/pandas/pandas/tests/frame/test_indexing.py,2882,2890,True,49cd6f9a79c32dbf3a7ed9fd0cb04cc8
2568,/app/Repos/pandas/pandas/tests/frame/test_indexing.py,3025,3046,/app/Repos/pandas/pandas/tests/frame/test_indexing.py,3103,3124,True,bb082c75255f5836cbe1651d12cd1f9f
2569,/app/Repos/pandas/pandas/tests/io/formats/test_format.py,2473,2489,/app/Repos/pandas/pandas/tests/io/formats/test_format.py,2489,2495,True,68ebc2f30af43137200e4bb6c2f37ca5
2570,/app/Repos/pandas/pandas/tests/frame/test_constructors.py,530,555,/app/Repos/pandas/pandas/tests/frame/test_constructors.py,555,580,True,3fb319b64bb52d91d7b66b217f13a9d8
2571,/app/Repos/pandas/pandas/tests/frame/test_mutate_columns.py,23,58,/app/Repos/pandas/pandas/tests/frame/test_mutate_columns.py,84,93,True,a0853e5a8f688f9e8a40b5f43f84b3c4
2572,/app/Repos/pandas/pandas/tests/groupby/aggregate/test_other.py,233,259,/app/Repos/pandas/pandas/tests/groupby/aggregate/test_other.py,259,297,True,03db434753534daa147fbf5a86d60bd4
2573,/app/Repos/pandas/pandas/tests/frame/test_constructors.py,346,355,/app/Repos/pandas/pandas/tests/frame/test_constructors.py,355,364,True,b7431d5064cac14c05312836018d3737
2574,/app/Repos/pandas/pandas/tests/dtypes/test_common.py,164,175,/app/Repos/pandas/pandas/tests/dtypes/test_common.py,257,263,True,62faf94661edd6df25b4dabc2ed7af9e
2575,/app/Repos/pandas/pandas/tests/dtypes/test_common.py,190,198,/app/Repos/pandas/pandas/tests/dtypes/test_common.py,257,263,True,2429c56581926b5b9f70c7b1bedb9351
2576,/app/Repos/pandas/pandas/tests/dtypes/test_common.py,347,360,/app/Repos/pandas/pandas/tests/dtypes/test_common.py,360,376,True,abc2dac9c73bce2504fea92a79b93d2e
2577,/app/Repos/pandas/pandas/tests/frame/test_analytics.py,284,299,/app/Repos/pandas/pandas/tests/frame/test_analytics.py,299,309,True,7ecd2d6b14f63f64e2c4307262f3ae04
2578,/app/Repos/pandas/pandas/tests/frame/test_duplicates.py,238,266,/app/Repos/pandas/pandas/tests/frame/test_duplicates.py,283,355,True,80c41b2557a10dc1946a7b144c82dbb7
2579,/app/Repos/pandas/pandas/tests/frame/test_analytics.py,786,809,/app/Repos/pandas/pandas/tests/frame/test_analytics.py,809,832,True,6af910fc2b51e26ed7cc493bfb1a96f5
2580,/app/Repos/pandas/pandas/tests/internals/test_internals.py,223,228,/app/Repos/pandas/pandas/tests/internals/test_internals.py,263,288,True,62c63d600e83d5bc4d6865fe7f5093ab
2581,/app/Repos/pandas/pandas/tests/frame/test_analytics.py,846,872,/app/Repos/pandas/pandas/tests/frame/test_analytics.py,965,984,True,cb3ce29fd6642f366817432717322139
2582,/app/Repos/pandas/pandas/tests/frame/test_duplicates.py,203,238,/app/Repos/pandas/pandas/tests/frame/test_duplicates.py,283,355,True,302b7c4988cb00e5aed6f5925745d6ac
2583,/app/Repos/pandas/pandas/tests/frame/test_constructors.py,105,145,/app/Repos/pandas/pandas/tests/frame/test_constructors.py,107,126,True,1ad9e44cfa4d3c0b3beb324d9d0f236c
2584,/app/Repos/pandas/pandas/tests/test_nanops.py,367,373,/app/Repos/pandas/pandas/tests/test_nanops.py,373,379,True,22f6275357985e50d6f75428a406ff12
2585,/app/Repos/pandas/pandas/tests/test_nanops.py,367,373,/app/Repos/pandas/pandas/tests/test_nanops.py,379,388,True,8eb0fa777f444075e734eed4b476d59b
2586,/app/Repos/pandas/pandas/tests/test_nanops.py,373,379,/app/Repos/pandas/pandas/tests/test_nanops.py,379,388,True,94cfba4d0be497225c3144c109449d6f
2587,/app/Repos/pandas/pandas/tests/frame/test_duplicates.py,283,355,/app/Repos/pandas/pandas/tests/frame/test_duplicates.py,355,390,True,bba647dbad138f521ab9d5f020e525bf
2588,/app/Repos/pandas/pandas/tests/test_nanops.py,396,403,/app/Repos/pandas/pandas/tests/test_nanops.py,403,410,True,d67ddcfc8c17403f234c841fc6099212
2589,/app/Repos/pandas/pandas/tests/internals/test_internals.py,864,917,/app/Repos/pandas/pandas/tests/internals/test_internals.py,917,937,True,d5b990c81cb5aaff55596f6d56e7d95a
2590,/app/Repos/pandas/pandas/tests/frame/test_duplicates.py,203,238,/app/Repos/pandas/pandas/tests/frame/test_duplicates.py,355,390,True,c92a622b739624eed0e094083c6497db
2591,/app/Repos/pandas/pandas/tests/test_nanops.py,396,403,/app/Repos/pandas/pandas/tests/test_nanops.py,421,429,True,c37fc0094b302156b0d4dd3a501843ba
2592,/app/Repos/pandas/pandas/tests/frame/test_constructors.py,675,691,/app/Repos/pandas/pandas/tests/frame/test_constructors.py,691,758,True,9ed49637cd7ac2e5a16bc085c99f0430
2593,/app/Repos/pandas/pandas/tests/frame/test_constructors.py,1646,1689,/app/Repos/pandas/pandas/tests/frame/test_constructors.py,1650,1670,True,64af61df65159d7e4cce9435c68f3c95
2594,/app/Repos/pandas/pandas/tests/test_nanops.py,403,410,/app/Repos/pandas/pandas/tests/test_nanops.py,421,429,True,2fc95c03d821fcce3c43fb47af22bfc8
2595,/app/Repos/pandas/pandas/tests/io/test_sql.py,1219,1229,/app/Repos/pandas/pandas/tests/io/test_sql.py,1229,1244,True,edc005d4fc9d5475e2bb0321009169bc
2596,/app/Repos/pandas/pandas/tests/test_nanops.py,396,403,/app/Repos/pandas/pandas/tests/test_nanops.py,429,436,True,acce14b897b43efb5e3075486b36ccbd
2597,/app/Repos/pandas/pandas/tests/test_nanops.py,421,429,/app/Repos/pandas/pandas/tests/test_nanops.py,429,436,True,09cb59a93993906c250233aa51e04650
2598,/app/Repos/pandas/pandas/tests/test_nanops.py,403,410,/app/Repos/pandas/pandas/tests/test_nanops.py,429,436,True,ab7d2ffbe700269b78b85d87f62f7dbf
2599,/app/Repos/pandas/pandas/tests/plotting/test_frame.py,371,396,/app/Repos/pandas/pandas/tests/plotting/test_frame.py,396,422,True,aaf7506e041ec83e37b29f4fd21226d1
2600,/app/Repos/pandas/pandas/tests/io/test_sql.py,1431,1441,/app/Repos/pandas/pandas/tests/io/test_sql.py,1988,1999,True,d6e8521721682d37557ca94f9a608d41
2601,/app/Repos/pandas/pandas/tests/io/test_sql.py,2225,2245,/app/Repos/pandas/pandas/tests/io/test_sql.py,2505,2528,True,16d4cfb63eb6f6efa634e31b81f68374
2602,/app/Repos/pandas/pandas/tests/io/test_sql.py,2245,2264,/app/Repos/pandas/pandas/tests/io/test_sql.py,2505,2528,True,c7add5638e7574f03aeabd01bd95744d
2603,/app/Repos/pandas/pandas/tests/internals/test_internals.py,864,917,/app/Repos/pandas/pandas/tests/internals/test_internals.py,865,882,True,dfc33517f9af690f7c4d4c4d98ec6c3d
2604,/app/Repos/pandas/pandas/tests/dtypes/test_inference.py,410,423,/app/Repos/pandas/pandas/tests/dtypes/test_inference.py,463,484,True,bf911cee65b4d2fca884a9b751f8142b
2605,/app/Repos/pandas/pandas/tests/plotting/test_frame.py,331,371,/app/Repos/pandas/pandas/tests/plotting/test_frame.py,422,458,True,0be995ff486a739729ba7c99f16654d9
2606,/app/Repos/pandas/pandas/tests/internals/test_internals.py,1050,1056,/app/Repos/pandas/pandas/tests/internals/test_internals.py,1150,1182,True,9f1c5493998c640977be21d952bcfbfd
2607,/app/Repos/pandas/pandas/tests/test_nanops.py,379,388,/app/Repos/pandas/pandas/tests/test_nanops.py,448,457,True,83f6048b017bf48e7d2ecea8f4b1c30f
2608,/app/Repos/pandas/pandas/tests/frame/test_duplicates.py,238,266,/app/Repos/pandas/pandas/tests/frame/test_duplicates.py,390,458,True,60ee0086d760a591a94911b663005a9f
2609,/app/Repos/pandas/pandas/tests/io/json/test_ujson.py,384,391,/app/Repos/pandas/pandas/tests/io/json/test_ujson.py,391,398,True,4d5d7ee107980774a131f763b277c1c1
2610,/app/Repos/pandas/pandas/tests/io/json/test_ujson.py,374,384,/app/Repos/pandas/pandas/tests/io/json/test_ujson.py,391,398,True,3b1cc0a9ebabcb7c0083c8069e9fa59d
2611,/app/Repos/pandas/pandas/tests/frame/test_constructors.py,1826,1843,/app/Repos/pandas/pandas/tests/frame/test_constructors.py,1843,1860,True,cff653d9acdd31ad9a53761e91655cfd
2612,/app/Repos/pandas/pandas/tests/frame/test_constructors.py,910,943,/app/Repos/pandas/pandas/tests/frame/test_constructors.py,954,960,True,3994bd189f8f489e485f37625b3787e9
2613,/app/Repos/pandas/pandas/tests/frame/test_constructors.py,954,960,/app/Repos/pandas/pandas/tests/frame/test_constructors.py,960,975,True,1e51d07be29779fff2c920f1c24a33f6
2614,/app/Repos/pandas/pandas/tests/io/json/test_ujson.py,595,606,/app/Repos/pandas/pandas/tests/io/json/test_ujson.py,606,625,True,a38e372ca4cfe28e8043d96ed46e3e8b
2615,/app/Repos/pandas/pandas/tests/io/test_pytables.py,2942,2977,/app/Repos/pandas/pandas/tests/io/test_pytables.py,2947,2957,True,f1cde89f4dae2fece12edb6604c35428
2616,/app/Repos/pandas/pandas/tests/io/test_pytables.py,381,431,/app/Repos/pandas/pandas/tests/io/test_pytables.py,2947,2957,True,97aab9508345915b30f6c94fcee4e714
2617,/app/Repos/pandas/pandas/tests/io/test_pytables.py,2115,2155,/app/Repos/pandas/pandas/tests/io/test_pytables.py,2947,2957,True,63477e0c6e238a1cfc0c4b1376148ae2
2618,/app/Repos/pandas/pandas/tests/io/test_pytables.py,3399,3473,/app/Repos/pandas/pandas/tests/io/test_pytables.py,3529,3590,True,61fd9f008f6c2a7c522e3c95fc520f3b
2619,/app/Repos/pandas/pandas/tests/io/test_pytables.py,877,904,/app/Repos/pandas/pandas/tests/io/test_pytables.py,2947,2957,True,2233860c83925aa343aec980a5754446
2325,/app/Repos/pandas/pandas/tests/frame/test_constructors.py,1942,1952,/app/Repos/pandas/pandas/tests/frame/test_constructors.py,1942,1952,False,97b3da1fd31f42270fd90c3f8abeea60
2620,/app/Repos/pandas/pandas/tests/io/test_pytables.py,3473,3529,/app/Repos/pandas/pandas/tests/io/test_pytables.py,3529,3590,True,06c988218ec0f3ece6dd683486002c85
2621,/app/Repos/pandas/pandas/tests/frame/test_constructors.py,308,326,/app/Repos/pandas/pandas/tests/frame/test_constructors.py,326,346,True,172a3535d0d8c4dc4d603d9f2fa83122
2622,/app/Repos/pandas/pandas/tests/io/parser/parse_dates.py,124,139,/app/Repos/pandas/pandas/tests/io/parser/parse_dates.py,507,539,True,3f59054419279a3bbf00d6cb8a789624
2623,/app/Repos/pandas/pandas/tests/frame/test_constructors.py,975,992,/app/Repos/pandas/pandas/tests/frame/test_constructors.py,1031,1085,True,d46bfc9ce47bd21424a6cb1774e645e0
2624,/app/Repos/pandas/pandas/tests/io/test_pytables.py,4881,4895,/app/Repos/pandas/pandas/tests/io/test_pytables.py,4895,4906,True,0b40246dcd2dd1ea64dd34ba48ee34b2
2625,/app/Repos/pandas/pandas/tests/io/test_pytables.py,2983,3045,/app/Repos/pandas/pandas/tests/io/test_pytables.py,4906,4919,True,ee20a2eefa956608c3592cb0c68bf97b
2626,/app/Repos/pandas/pandas/tests/frame/test_analytics.py,1527,1542,/app/Repos/pandas/pandas/tests/frame/test_constructors.py,1144,1149,True,d9d5df29ffd0d10016f5c5cd2eab4430
2627,/app/Repos/pandas/pandas/tests/frame/test_analytics.py,1578,1588,/app/Repos/pandas/pandas/tests/frame/test_constructors.py,1144,1149,True,7c791eb6e29f1d31cd314a2adc2eade6
2628,/app/Repos/pandas/pandas/tests/io/test_pytables.py,2411,2489,/app/Repos/pandas/pandas/tests/io/test_pytables.py,3670,3695,True,da817d6934610def1aefc3859a517036
2629,/app/Repos/pandas/pandas/tests/plotting/test_frame.py,191,197,/app/Repos/pandas/pandas/tests/plotting/test_frame.py,1693,1762,True,3012429349c30b386d6f76616a8b5f45
2630,/app/Repos/pandas/pandas/tests/io/test_pytables.py,4979,4997,/app/Repos/pandas/pandas/tests/io/test_pytables.py,4997,5013,True,dcd87d3f144c36c930698ff46817e552
2631,/app/Repos/pandas/pandas/tests/frame/test_query_eval.py,171,220,/app/Repos/pandas/pandas/tests/frame/test_query_eval.py,220,310,True,f91583200264f77ca1a9b3a15925496e
2632,/app/Repos/pandas/pandas/tests/frame/test_query_eval.py,383,395,/app/Repos/pandas/pandas/tests/frame/test_query_eval.py,395,406,True,9d7407a4ed55761694cb9c139b64b797
2633,/app/Repos/pandas/pandas/tests/io/test_pytables.py,4979,4997,/app/Repos/pandas/pandas/tests/io/test_pytables.py,5013,5025,True,7d3c538ebc2262e5d55c4240f8dde358
2634,/app/Repos/pandas/pandas/tests/io/test_pytables.py,4919,4942,/app/Repos/pandas/pandas/tests/io/test_pytables.py,5028,5037,True,60fff168b8ae63062941eb92eed37e3f
2635,/app/Repos/pandas/pandas/tests/io/test_pytables.py,4979,4997,/app/Repos/pandas/pandas/tests/io/test_pytables.py,5028,5037,True,140641d4c95d4392434c783073a50bf9
2636,/app/Repos/pandas/pandas/tests/io/test_pytables.py,4997,5013,/app/Repos/pandas/pandas/tests/io/test_pytables.py,5028,5037,True,66bbf629cf7bb17c498fd2d4ebcda014
2637,/app/Repos/pandas/pandas/tests/io/test_pytables.py,5013,5025,/app/Repos/pandas/pandas/tests/io/test_pytables.py,5028,5037,True,7ef283c11737c32ace79d3dbf63e134a
2638,/app/Repos/pandas/pandas/tests/arrays/categorical/test_analytics.py,257,294,/app/Repos/pandas/pandas/tests/arrays/categorical/test_analytics.py,257,294,True,ab494d60dccfd4ade4d979ea0f55ec2a
2639,/app/Repos/pandas/pandas/tests/frame/test_query_eval.py,484,508,/app/Repos/pandas/pandas/tests/frame/test_query_eval.py,597,606,True,bebb879bb1a2cc3f547dbf2b27954295
2640,/app/Repos/pandas/pandas/tests/io/test_pytables.py,5028,5037,/app/Repos/pandas/pandas/tests/io/test_pytables.py,5037,5051,True,d88ed4e98a977c9d9d7115358dfebd5d
2641,/app/Repos/pandas/pandas/tests/frame/test_query_eval.py,508,519,/app/Repos/pandas/pandas/tests/frame/test_query_eval.py,597,606,True,90ffdbd4cd3091f0c565638019c56e7c
2642,/app/Repos/pandas/pandas/tests/frame/test_query_eval.py,383,395,/app/Repos/pandas/pandas/tests/frame/test_query_eval.py,420,432,True,6ca6928c6c0e7ee9770a531ead82a98f
2643,/app/Repos/pandas/pandas/tests/frame/test_query_eval.py,395,406,/app/Repos/pandas/pandas/tests/frame/test_query_eval.py,420,432,True,114063f289c26cf542bc1bd091b60239
2644,/app/Repos/pandas/pandas/tests/frame/test_query_eval.py,406,420,/app/Repos/pandas/pandas/tests/frame/test_query_eval.py,420,432,True,78a298e7fed354cbc62891f9b01a5a7b
2645,/app/Repos/pandas/pandas/tests/frame/test_query_eval.py,395,406,/app/Repos/pandas/pandas/tests/frame/test_query_eval.py,715,726,True,5309ea70dcadd7722e8086423ef46f1e
2646,/app/Repos/pandas/pandas/tests/frame/test_query_eval.py,383,395,/app/Repos/pandas/pandas/tests/frame/test_query_eval.py,715,726,True,40b54757faf0a6d660f7a08221ae59e6
2647,/app/Repos/pandas/pandas/tests/frame/test_query_eval.py,406,420,/app/Repos/pandas/pandas/tests/frame/test_query_eval.py,715,726,True,3df4f8b1ecf9c63d8669de260c0848a7
2648,/app/Repos/pandas/pandas/tests/frame/test_query_eval.py,420,432,/app/Repos/pandas/pandas/tests/frame/test_query_eval.py,715,726,True,f2a00a1570ce9a53f9eb795870d16616
2649,/app/Repos/pandas/pandas/tests/io/test_pytables.py,1942,1952,/app/Repos/pandas/pandas/tests/io/test_pytables.py,3728,3779,True,957978c64aac76378bbd27cf124a69d5
2650,/app/Repos/pandas/pandas/tests/io/test_pytables.py,5037,5051,/app/Repos/pandas/pandas/tests/io/test_pytables.py,5051,5063,True,5693724d10480642d88f69b459aba56a
2651,/app/Repos/pandas/pandas/tests/frame/test_query_eval.py,432,445,/app/Repos/pandas/pandas/tests/frame/test_query_eval.py,715,726,True,f59d89a75651644eaead98459dbbdd00
2652,/app/Repos/pandas/pandas/tests/io/test_pytables.py,5069,5086,/app/Repos/pandas/pandas/tests/io/test_pytables.py,5086,5103,True,11bedc967a481dbacd09345cd40f7548
2653,/app/Repos/pandas/pandas/tests/frame/test_constructors.py,1277,1332,/app/Repos/pandas/pandas/tests/frame/test_constructors.py,1349,1361,True,c3c83d6e164fd021b077d5398ef41efe
2654,/app/Repos/pandas/pandas/tests/frame/test_constructors.py,1332,1349,/app/Repos/pandas/pandas/tests/frame/test_constructors.py,1349,1361,True,c4ea113a1a9622b71a587571a85aabe4
2655,/app/Repos/pandas/pandas/tests/io/formats/test_format.py,2473,2489,/app/Repos/pandas/pandas/tests/io/formats/test_format.py,2495,2501,True,15a3ecdaf747582bddfaf14e88e0e33b
2656,/app/Repos/pandas/pandas/tests/io/formats/test_format.py,2489,2495,/app/Repos/pandas/pandas/tests/io/formats/test_format.py,2495,2501,True,baaee1b37f5893e1049dada58f32612f
2657,/app/Repos/pandas/pandas/tests/frame/common.py,67,74,/app/Repos/pandas/pandas/tests/frame/test_constructors.py,1426,1546,True,0a840724b42c0e894fd3fc05082cbc97
2658,/app/Repos/pandas/pandas/tests/frame/test_mutate_columns.py,84,93,/app/Repos/pandas/pandas/tests/frame/test_mutate_columns.py,93,105,True,490adbb5a03faed41fd64888069ee864
2659,/app/Repos/pandas/pandas/tests/frame/test_query_eval.py,815,827,/app/Repos/pandas/pandas/tests/frame/test_query_eval.py,835,847,True,2de17a01b1dc2fdd50c0168e43e57c8e
2660,/app/Repos/pandas/pandas/tests/plotting/test_frame.py,331,371,/app/Repos/pandas/pandas/tests/plotting/test_frame.py,2629,2642,True,0d1d771b176ea15108131d95b90e9089
2661,/app/Repos/pandas/pandas/tests/io/test_pytables.py,5028,5037,/app/Repos/pandas/pandas/tests/io/test_pytables.py,5212,5230,True,389ef65487a231a5038ec195818c1a41
2662,/app/Repos/pandas/pandas/tests/io/test_pytables.py,5037,5051,/app/Repos/pandas/pandas/tests/io/test_pytables.py,5212,5230,True,abf0b2206169c1910c6274efae8932c2
2663,/app/Repos/pandas/pandas/tests/frame/test_query_eval.py,508,519,/app/Repos/pandas/pandas/tests/frame/test_query_eval.py,835,847,True,56ff54bd4e189c8312bf8493d03ccc77
2664,/app/Repos/pandas/pandas/tests/frame/test_query_eval.py,519,531,/app/Repos/pandas/pandas/tests/frame/test_query_eval.py,835,847,True,465f6fb9837b82b8bc54fa8f16e12e07
2665,/app/Repos/pandas/pandas/tests/internals/test_internals.py,917,937,/app/Repos/pandas/pandas/tests/internals/test_internals.py,918,926,True,8cdce7f21e2d02cc4adc2e4a6f8522da
2666,/app/Repos/pandas/pandas/tests/io/test_pytables.py,5028,5037,/app/Repos/pandas/pandas/tests/io/test_pytables.py,5230,5249,True,bcca414730d9bdffb2e8dba3fde6744a
2667,/app/Repos/pandas/pandas/tests/io/test_pytables.py,5037,5051,/app/Repos/pandas/pandas/tests/io/test_pytables.py,5230,5249,True,27890360a228b3effade59134ba55336
2668,/app/Repos/pandas/pandas/tests/io/test_pytables.py,5212,5230,/app/Repos/pandas/pandas/tests/io/test_pytables.py,5230,5249,True,37895612dc369ca2a7ad565de23efa7a
2669,/app/Repos/pandas/pandas/tests/io/test_pytables.py,1942,1952,/app/Repos/pandas/pandas/tests/io/test_pytables.py,3843,3860,True,428975ce0c7f777ed1ef6295176983b6
2670,/app/Repos/pandas/pandas/tests/io/test_pytables.py,2489,2540,/app/Repos/pandas/pandas/tests/io/test_pytables.py,3843,3860,True,738c5b9083c1719f456cf5a41cb34710
2671,/app/Repos/pandas/pandas/tests/io/test_pytables.py,3728,3779,/app/Repos/pandas/pandas/tests/io/test_pytables.py,3843,3860,True,f6cd99d54e8c54f02bf5dbe212272c0b
2672,/app/Repos/pandas/pandas/tests/io/test_pytables.py,5249,5265,/app/Repos/pandas/pandas/tests/io/test_pytables.py,5265,5287,True,4bf2d3a59e98402da0932ce2dcb4df7c
2673,/app/Repos/pandas/pandas/tests/frame/test_replace.py,234,276,/app/Repos/pandas/pandas/tests/frame/test_replace.py,582,606,True,f17b7c3ddc258d3f71f1439962ddf419
2674,/app/Repos/pandas/pandas/tests/frame/test_replace.py,49,115,/app/Repos/pandas/pandas/tests/frame/test_replace.py,115,234,True,10ff60044292195b0428f68948c2cd6e
2675,/app/Repos/pandas/pandas/tests/dtypes/test_inference.py,600,665,/app/Repos/pandas/pandas/tests/dtypes/test_inference.py,665,707,True,92fd84ef628171d8ccce9b0cef04c610
2676,/app/Repos/pandas/pandas/tests/frame/test_replace.py,276,324,/app/Repos/pandas/pandas/tests/frame/test_replace.py,582,606,True,345450c63c42c350225d5522bdc86953
2677,/app/Repos/pandas/pandas/tests/frame/test_indexing.py,72,77,/app/Repos/pandas/pandas/tests/frame/test_operators.py,759,806,True,9403a833821fe22f5f68d35c54655e48
2678,/app/Repos/pandas/pandas/tests/io/test_pytables.py,5287,5305,/app/Repos/pandas/pandas/tests/io/test_pytables.py,5305,5322,True,09bfc86c4695544598d3e0118d4f28e7
2679,/app/Repos/pandas/pandas/tests/io/test_pytables.py,5249,5265,/app/Repos/pandas/pandas/tests/io/test_pytables.py,5322,5333,True,3f7591c808422e61388aadc78fb65e7e
2680,/app/Repos/pandas/pandas/tests/io/test_pytables.py,5265,5287,/app/Repos/pandas/pandas/tests/io/test_pytables.py,5322,5333,True,5961be0028cc490e4de3552eee2a4306
2681,/app/Repos/pandas/pandas/tests/io/test_pytables.py,3843,3860,/app/Repos/pandas/pandas/tests/io/test_pytables.py,3979,4079,True,47a188916b9fa0874257f526b6da1280
2682,/app/Repos/pandas/pandas/tests/io/parser/usecols.py,143,153,/app/Repos/pandas/pandas/tests/io/parser/usecols.py,163,173,True,8aa8cfdb815db06543a2f7a6aa61290a
2683,/app/Repos/pandas/pandas/tests/io/parser/usecols.py,153,163,/app/Repos/pandas/pandas/tests/io/parser/usecols.py,163,173,True,7f3a7737e7e8f01b741cca100587992a
2684,/app/Repos/pandas/pandas/tests/frame/test_indexing.py,1885,1893,/app/Repos/pandas/pandas/tests/frame/test_to_csv.py,481,643,True,4d1979a2fee8fbe1e699028505da7963
2685,/app/Repos/pandas/pandas/tests/io/parser/usecols.py,371,390,/app/Repos/pandas/pandas/tests/io/parser/usecols.py,390,411,True,3687b6bf841adabf5e92f155142a90a0
2686,/app/Repos/pandas/pandas/tests/io/parser/usecols.py,314,336,/app/Repos/pandas/pandas/tests/io/parser/usecols.py,390,411,True,83ea165a413430a0b0780d9554718fc1
2687,/app/Repos/pandas/pandas/tests/io/parser/usecols.py,336,358,/app/Repos/pandas/pandas/tests/io/parser/usecols.py,390,411,True,9bb1c901059bedf143c32ac5dd92553f
2688,/app/Repos/pandas/pandas/tests/io/parser/usecols.py,314,336,/app/Repos/pandas/pandas/tests/io/parser/usecols.py,371,390,True,59dd366afce4dd87dc33e97874ad9606
2689,/app/Repos/pandas/pandas/tests/io/parser/usecols.py,336,358,/app/Repos/pandas/pandas/tests/io/parser/usecols.py,371,390,True,b747b1d16cfd73a6e13db42f901c9ecd
2690,/app/Repos/pandas/pandas/tests/groupby/test_counting.py,69,79,/app/Repos/pandas/pandas/tests/groupby/test_counting.py,79,89,True,57aca87f46d84860245d8eae76665e22
2691,/app/Repos/pandas/pandas/tests/groupby/test_counting.py,35,46,/app/Repos/pandas/pandas/tests/groupby/test_counting.py,79,89,True,0b72b1e4279ea33e4cfc307680caa3f7
2692,/app/Repos/pandas/pandas/tests/dtypes/test_missing.py,187,212,/app/Repos/pandas/pandas/tests/dtypes/test_missing.py,212,237,True,16e30825007796839fe1ada7e22c5fe3
2693,/app/Repos/pandas/pandas/tests/frame/test_analytics.py,2254,2263,/app/Repos/pandas/pandas/tests/io/test_pytables.py,3979,4079,True,88953021ba82ceec91ea0bcfd1ce6b25
2694,/app/Repos/pandas/pandas/tests/groupby/test_counting.py,35,46,/app/Repos/pandas/pandas/tests/groupby/test_counting.py,89,99,True,0cceb2e114ad026ca26a9634e062e810
2695,/app/Repos/pandas/pandas/tests/groupby/test_counting.py,58,69,/app/Repos/pandas/pandas/tests/groupby/test_counting.py,89,99,True,9574a2565f9ac94b3622d7ed4d48dc33
2696,/app/Repos/pandas/pandas/tests/groupby/test_counting.py,15,25,/app/Repos/pandas/pandas/tests/groupby/test_counting.py,89,99,True,ed44b52ff806b0b86759dd7aafc95dfb
2697,/app/Repos/pandas/pandas/tests/groupby/test_counting.py,46,58,/app/Repos/pandas/pandas/tests/groupby/test_counting.py,89,99,True,afd592b26d81077f6440874222733727
2698,/app/Repos/pandas/pandas/tests/groupby/test_counting.py,69,79,/app/Repos/pandas/pandas/tests/groupby/test_counting.py,89,99,True,d61e4a89220f5bba9a8d785d4042e7db
2699,/app/Repos/pandas/pandas/tests/groupby/test_counting.py,79,89,/app/Repos/pandas/pandas/tests/groupby/test_counting.py,89,99,True,83e166b9a21ba4085070a83aa9ffd4c2
2700,/app/Repos/pandas/pandas/tests/io/test_pytables.py,5370,5445,/app/Repos/pandas/pandas/tests/io/test_pytables.py,5445,5511,True,ad5fc97be7b77fac9d87e59c2e71a670
2701,/app/Repos/pandas/pandas/tests/frame/test_duplicates.py,46,58,/app/Repos/pandas/pandas/tests/frame/test_duplicates.py,58,72,True,66ac282874063beda3efcf190b95b872
2702,/app/Repos/pandas/pandas/tests/io/test_pytables.py,4104,4122,/app/Repos/pandas/pandas/tests/io/test_pytables.py,4122,4144,True,c714dcc7d5e71e165b153232ef2e7090
2703,/app/Repos/pandas/pandas/tests/frame/test_query_eval.py,406,420,/app/Repos/pandas/pandas/tests/frame/test_query_eval.py,726,740,True,7948cfc34a2fbff73cb48d088d575055
2704,/app/Repos/pandas/pandas/tests/frame/test_query_eval.py,383,395,/app/Repos/pandas/pandas/tests/frame/test_query_eval.py,726,740,True,25de253c880de91568c976ebc1668c23
2705,/app/Repos/pandas/pandas/tests/io/test_pytables.py,5511,5543,/app/Repos/pandas/pandas/tests/io/test_pytables.py,5564,5574,True,542ebc8136c16b3afe57c626f0ac5d59
2706,/app/Repos/pandas/pandas/tests/frame/test_query_eval.py,395,406,/app/Repos/pandas/pandas/tests/frame/test_query_eval.py,726,740,True,685e78aee05d591a79a024e1f1e110e9
2707,/app/Repos/pandas/pandas/tests/plotting/test_datetimelike.py,92,103,/app/Repos/pandas/pandas/tests/plotting/test_datetimelike.py,92,103,True,30c4cf1d5b44041b73d625e32dcdced3
2708,/app/Repos/pandas/pandas/tests/frame/test_query_eval.py,420,432,/app/Repos/pandas/pandas/tests/frame/test_query_eval.py,726,740,True,5295fe84b95ff67408f83d27e4ff2d72
2709,/app/Repos/pandas/pandas/tests/frame/test_query_eval.py,432,445,/app/Repos/pandas/pandas/tests/frame/test_query_eval.py,726,740,True,cbf23ad681472a32091faad65fa9b2b5
2710,/app/Repos/pandas/pandas/tests/frame/test_query_eval.py,445,460,/app/Repos/pandas/pandas/tests/frame/test_query_eval.py,726,740,True,fc2aa1b630e74a73281bef5995079e05
2711,/app/Repos/pandas/pandas/tests/io/test_pytables.py,5445,5511,/app/Repos/pandas/pandas/tests/io/test_pytables.py,5602,5614,True,bdf8da5f80d5b90a725b2e0fa1bc5597
2712,/app/Repos/pandas/pandas/tests/frame/test_query_eval.py,715,726,/app/Repos/pandas/pandas/tests/frame/test_query_eval.py,726,740,True,5f5e738301090a6b1dc6ab76ce6e675b
2713,/app/Repos/pandas/pandas/tests/frame/test_indexing.py,1644,1699,/app/Repos/pandas/pandas/tests/frame/test_indexing.py,1699,1708,True,e4cd23c798014824a76262b377990754
2714,/app/Repos/pandas/pandas/tests/frame/test_indexing.py,1772,1809,/app/Repos/pandas/pandas/tests/frame/test_indexing.py,1781,1788,True,34b4d81250cc4e02fccad0b3fae6258d
2715,/app/Repos/pandas/pandas/tests/frame/test_query_eval.py,849,885,/app/Repos/pandas/pandas/tests/frame/test_query_eval.py,885,923,True,4341f4ba9985c0e973bc41d05550f520
2716,/app/Repos/pandas/pandas/tests/frame/test_indexing.py,1219,1232,/app/Repos/pandas/pandas/tests/frame/test_indexing.py,1983,2033,True,c820ef777f0e6d05244b79ba0abbdf27
2717,/app/Repos/pandas/pandas/tests/frame/test_constructors.py,1993,2066,/app/Repos/pandas/pandas/tests/frame/test_constructors.py,2066,2100,True,4a1e37e4fe0ebd0f8541c30b63884ff5
2718,/app/Repos/pandas/pandas/tests/frame/test_indexing.py,2554,2706,/app/Repos/pandas/pandas/tests/frame/test_indexing.py,2667,2682,True,6ba954bb8e15931da2fbb214f340ae05
2719,/app/Repos/pandas/pandas/tests/groupby/aggregate/test_other.py,160,213,/app/Repos/pandas/pandas/tests/groupby/test_groupby.py,981,996,True,47b89d2cadd0339e9bd0b774c67085e5
2720,/app/Repos/pandas/pandas/tests/groupby/aggregate/test_other.py,233,259,/app/Repos/pandas/pandas/tests/groupby/test_groupby.py,981,996,True,fd70280d525cc8abba84622173be9d6d
2721,/app/Repos/pandas/pandas/tests/groupby/aggregate/test_other.py,259,297,/app/Repos/pandas/pandas/tests/groupby/test_groupby.py,981,996,True,f1b8d5302aa2ae5bd565fd56a8f03380
2722,/app/Repos/pandas/pandas/tests/frame/test_replace.py,402,458,/app/Repos/pandas/pandas/tests/frame/test_replace.py,496,511,True,7401dbc86529bfbab25aad4d4ee60d85
2723,/app/Repos/pandas/pandas/tests/frame/test_replace.py,458,475,/app/Repos/pandas/pandas/tests/frame/test_replace.py,496,511,True,de358b4beaea1cbd0fa03cf424d5cf73
2724,/app/Repos/pandas/pandas/tests/frame/test_duplicates.py,91,187,/app/Repos/pandas/pandas/tests/frame/test_duplicates.py,203,238,True,87980a7f5e52ddc7e30685e6d3bac06b
2725,/app/Repos/pandas/pandas/tests/frame/test_indexing.py,1219,1232,/app/Repos/pandas/pandas/tests/frame/test_indexing.py,1241,1250,True,77f65e55902191bd71c004f3883818b3
2726,/app/Repos/pandas/pandas/tests/frame/test_indexing.py,1232,1241,/app/Repos/pandas/pandas/tests/frame/test_indexing.py,1241,1250,True,226c9593cb9e547869d04b85f4a14d8f
2727,/app/Repos/pandas/pandas/tests/dtypes/test_missing.py,187,212,/app/Repos/pandas/pandas/tests/dtypes/test_missing.py,237,252,True,9ed99c56b8568de2a85ea4ab6796c512
2728,/app/Repos/pandas/pandas/tests/groupby/test_timegrouper.py,338,356,/app/Repos/pandas/pandas/tests/groupby/test_timegrouper.py,356,376,True,b2cc29da3007de09870298913cfffd89
2729,/app/Repos/pandas/pandas/tests/dtypes/test_missing.py,212,237,/app/Repos/pandas/pandas/tests/dtypes/test_missing.py,237,252,True,b5eb42de160c3fb8caaf4889e49890a5
2730,/app/Repos/pandas/pandas/tests/frame/test_indexing.py,1772,1809,/app/Repos/pandas/pandas/tests/frame/test_indexing.py,1773,1781,True,3d808f4179ff8380aea49b19702505b8
2731,/app/Repos/pandas/pandas/tests/groupby/test_counting.py,25,35,/app/Repos/pandas/pandas/tests/groupby/test_counting.py,99,109,True,26a4a1a4a526681580ad3da873c20f85
2732,/app/Repos/pandas/pandas/tests/frame/test_duplicates.py,91,187,/app/Repos/pandas/pandas/tests/frame/test_duplicates.py,238,266,True,9d65fb8896fe3bcb65c00ef22492c420
2733,/app/Repos/pandas/pandas/tests/groupby/aggregate/test_other.py,318,339,/app/Repos/pandas/pandas/tests/groupby/test_groupby.py,486,509,True,57ebc6966977543554cb3a82db25e982
2734,/app/Repos/pandas/pandas/tests/frame/test_duplicates.py,203,238,/app/Repos/pandas/pandas/tests/frame/test_duplicates.py,238,266,True,cf0cfd0a74e9427c4197a4ba8ade9323
2735,/app/Repos/pandas/pandas/tests/io/formats/test_format.py,2473,2489,/app/Repos/pandas/pandas/tests/io/formats/test_format.py,2507,2517,True,0180c7b2c01881f0a845699ea156abcc
2736,/app/Repos/pandas/pandas/tests/io/formats/test_format.py,2489,2495,/app/Repos/pandas/pandas/tests/io/formats/test_format.py,2507,2517,True,7688d505991ea2e5e34b38cec1c78ea1
2737,/app/Repos/pandas/pandas/tests/io/formats/test_format.py,2495,2501,/app/Repos/pandas/pandas/tests/io/formats/test_format.py,2507,2517,True,fd19d8d210203a60494c8fe0764976a5
2738,/app/Repos/pandas/pandas/tests/io/formats/test_format.py,2501,2507,/app/Repos/pandas/pandas/tests/io/formats/test_format.py,2507,2517,True,8196f197488338c47ad728aeb72f496b
2739,/app/Repos/pandas/pandas/tests/frame/test_indexing.py,1924,1954,/app/Repos/pandas/pandas/tests/frame/test_indexing.py,1954,1983,True,28d1985d386a6f739031454cfb16d01f
2740,/app/Repos/pandas/pandas/tests/dtypes/test_common.py,307,319,/app/Repos/pandas/pandas/tests/dtypes/test_common.py,528,538,True,709b59d2a2f979977d269d1a368164ef
2741,/app/Repos/pandas/pandas/tests/dtypes/test_common.py,385,401,/app/Repos/pandas/pandas/tests/dtypes/test_common.py,528,538,True,660d34d073dbb0a7d61c286ca6316815
2742,/app/Repos/pandas/pandas/tests/frame/test_constructors.py,2100,2107,/app/Repos/pandas/pandas/tests/frame/test_constructors.py,2107,2121,True,e3ff2b7b255b3f83b53dd030803d84c8
2743,/app/Repos/pandas/pandas/tests/frame/test_indexing.py,2554,2706,/app/Repos/pandas/pandas/tests/frame/test_indexing.py,2606,2634,True,08f1ffe546c83c9af5a65127ebcd85d4
2744,/app/Repos/pandas/pandas/tests/internals/test_internals.py,534,595,/app/Repos/pandas/pandas/tests/internals/test_internals.py,535,559,True,d6890904e965b2dd237d2d75fca68e9a
2745,/app/Repos/pandas/pandas/tests/dtypes/test_common.py,491,504,/app/Repos/pandas/pandas/tests/dtypes/test_common.py,528,538,True,582b8ed0f0f8f6e95c6cab8d666fade3
2746,/app/Repos/pandas/pandas/tests/frame/test_constructors.py,2169,2185,/app/Repos/pandas/pandas/tests/frame/test_constructors.py,2169,2185,True,4ee82bfe8de70bbf32ff86c8c19cc96c
2747,/app/Repos/pandas/pandas/tests/internals/test_internals.py,937,981,/app/Repos/pandas/pandas/tests/internals/test_internals.py,938,950,True,fde07b63019fc1a7700b7b2a6922bc64
2748,/app/Repos/pandas/pandas/tests/io/test_pytables.py,4223,4243,/app/Repos/pandas/pandas/tests/io/test_pytables.py,4258,4304,True,e2a5811b59bcc65419d47ebbc9872a22
2749,/app/Repos/pandas/pandas/tests/frame/test_indexing.py,2793,2806,/app/Repos/pandas/pandas/tests/frame/test_indexing.py,2806,2823,True,450de14bdca9b8705afade30ac2a3f59
2750,/app/Repos/pandas/pandas/tests/frame/common.py,110,127,/app/Repos/pandas/pandas/tests/frame/common.py,127,141,True,13738949a8d75f79faaaf4dac19fe4f1
2751,/app/Repos/pandas/pandas/tests/frame/test_analytics.py,274,284,/app/Repos/pandas/pandas/tests/frame/test_analytics.py,349,393,True,5bb33699eb25ccfe556d658f04b2081b
2752,/app/Repos/pandas/pandas/tests/io/test_pytables.py,2891,2900,/app/Repos/pandas/pandas/tests/io/test_pytables.py,4304,4321,True,44330baee8478f747f69cb78fe362817
2753,/app/Repos/pandas/pandas/tests/frame/test_indexing.py,1763,1772,/app/Repos/pandas/pandas/tests/frame/test_indexing.py,1809,1817,True,f2f08bc7145cac8561d2db08ecb20656
2754,/app/Repos/pandas/pandas/tests/io/test_pytables.py,4321,4329,/app/Repos/pandas/pandas/tests/io/test_pytables.py,4356,4363,True,927d4f86a2fa53b6716b9c7b6fe8bf39
2755,/app/Repos/pandas/pandas/tests/io/test_pytables.py,4342,4356,/app/Repos/pandas/pandas/tests/io/test_pytables.py,4363,4377,True,4186011ef01386dd9893f26877c6cd9f
2756,/app/Repos/pandas/pandas/tests/io/test_pytables.py,4377,4388,/app/Repos/pandas/pandas/tests/io/test_pytables.py,4388,4402,True,90ab57f68e2d47c6575239c3dd6c48ba
2757,/app/Repos/pandas/pandas/tests/io/test_pytables.py,4377,4388,/app/Repos/pandas/pandas/tests/io/test_pytables.py,4402,4413,True,ed7a4c29d5a7c6809f361a1af42b158f
2758,/app/Repos/pandas/pandas/tests/io/test_pytables.py,4388,4402,/app/Repos/pandas/pandas/tests/io/test_pytables.py,4402,4413,True,e7ad2bf9a468a1dea2e2101962c39a1e
2759,/app/Repos/pandas/pandas/tests/io/json/test_ujson.py,797,806,/app/Repos/pandas/pandas/tests/io/json/test_ujson.py,806,820,True,54007b2cc1497616ccffa812f07788cb
2760,/app/Repos/pandas/pandas/tests/dtypes/test_common.py,278,292,/app/Repos/pandas/pandas/tests/dtypes/test_common.py,292,307,True,a1c25cd8150e30302ade6a5a26349a89
2761,/app/Repos/pandas/pandas/tests/groupby/test_timegrouper.py,409,452,/app/Repos/pandas/pandas/tests/groupby/test_timegrouper.py,498,538,True,1eb8870f3fa21d6e511424337e473999
2762,/app/Repos/pandas/pandas/tests/test_nanops.py,126,185,/app/Repos/pandas/pandas/tests/test_nanops.py,131,140,True,9bb7fbab969b3c02951cbc7897feae56
2763,/app/Repos/pandas/pandas/tests/dtypes/test_common.py,132,146,/app/Repos/pandas/pandas/tests/dtypes/test_common.py,504,528,True,66d3edd53e56363eb3c9f87a18935c15
2764,/app/Repos/pandas/pandas/tests/io/parser/parse_dates.py,387,402,/app/Repos/pandas/pandas/tests/io/parser/parse_dates.py,411,421,True,35d16dc0eb87149ec0cfe4efeadb4876
2765,/app/Repos/pandas/pandas/tests/io/test_pytables.py,4558,4615,/app/Repos/pandas/pandas/tests/io/test_pytables.py,4562,4603,True,9e9fffa1eaa53ad3548d333820f30139
2766,/app/Repos/pandas/pandas/tests/dtypes/test_common.py,155,164,/app/Repos/pandas/pandas/tests/dtypes/test_common.py,504,528,True,122f891f426dd3d43608ac8a33a4df67
2767,/app/Repos/pandas/pandas/tests/tseries/offsets/test_offsets_properties.py,77,99,/app/Repos/pandas/pandas/tests/tseries/offsets/test_yqm_offsets.py,36,59,True,9d14530b02be58d3fc297c7b11517b16
2768,/app/Repos/pandas/pandas/tests/io/test_sql.py,590,604,/app/Repos/pandas/pandas/tests/io/test_sql.py,604,612,True,71defb3b78518867ab58987f6cf771d4
2769,/app/Repos/pandas/pandas/tests/dtypes/test_common.py,164,175,/app/Repos/pandas/pandas/tests/dtypes/test_common.py,504,528,True,0192972ce189076f6408f50a0c54d74c
2770,/app/Repos/pandas/pandas/tests/dtypes/test_common.py,190,198,/app/Repos/pandas/pandas/tests/dtypes/test_common.py,504,528,True,518c9ae427a0d95f701bf6e06e100a56
2771,/app/Repos/pandas/pandas/tests/io/test_sql.py,884,892,/app/Repos/pandas/pandas/tests/io/test_sql.py,892,909,True,7702cb3607b9a1d7215b988ff3bf6ab5
2772,/app/Repos/pandas/pandas/tests/dtypes/test_common.py,257,263,/app/Repos/pandas/pandas/tests/dtypes/test_common.py,504,528,True,503f2efb499903c0e251f91530d15124
2773,/app/Repos/pandas/pandas/tests/frame/test_indexing.py,3321,3362,/app/Repos/pandas/pandas/tests/frame/test_indexing.py,3680,3686,True,4e3cbacb336326a7b49257d4bcadb110
2774,/app/Repos/pandas/pandas/tests/groupby/aggregate/test_other.py,309,318,/app/Repos/pandas/pandas/tests/groupby/test_function.py,701,711,True,40574ac3fa15fdad94ad11d90ea0282e
2775,/app/Repos/pandas/pandas/tests/frame/test_rank.py,262,283,/app/Repos/pandas/pandas/tests/frame/test_rank.py,267,277,True,23ee1b178a7a14001bcb6ffa1b14d720
2776,/app/Repos/pandas/pandas/tests/groupby/aggregate/test_other.py,309,318,/app/Repos/pandas/pandas/tests/groupby/test_function.py,711,719,True,1ec6852e6576dbaba05745d205dd5ddf
2777,/app/Repos/pandas/pandas/tests/dtypes/test_common.py,233,242,/app/Repos/pandas/pandas/tests/dtypes/test_common.py,504,528,True,d4a438d88d650e246844cef7d6501074
2778,/app/Repos/pandas/pandas/tests/frame/test_query_eval.py,62,70,/app/Repos/pandas/pandas/tests/frame/test_query_eval.py,78,93,True,2da55c938d1b0b0a2aae17b7d2ab9427
2779,/app/Repos/pandas/pandas/tests/frame/test_query_eval.py,70,78,/app/Repos/pandas/pandas/tests/frame/test_query_eval.py,78,93,True,4191349040abacf33d644db6533f1b9d
2780,/app/Repos/pandas/pandas/tests/frame/test_query_eval.py,383,395,/app/Repos/pandas/pandas/tests/frame/test_query_eval.py,406,420,True,f46394f6adcffc2e8bdfcaf6ad363a39
2781,/app/Repos/pandas/pandas/tests/frame/test_query_eval.py,395,406,/app/Repos/pandas/pandas/tests/frame/test_query_eval.py,406,420,True,1497012f1dbcc2980690214010d68b60
2782,/app/Repos/pandas/pandas/tests/frame/test_analytics.py,27,119,/app/Repos/pandas/pandas/tests/frame/test_analytics.py,147,207,True,cdaebab8f7a7b6d939c0f84926ff5de5
2783,/app/Repos/pandas/pandas/tests/frame/test_query_eval.py,508,519,/app/Repos/pandas/pandas/tests/frame/test_query_eval.py,519,531,True,05f2a63b4d736dcd5085c3d565df6c05
2784,/app/Repos/pandas/pandas/tests/dtypes/test_common.py,292,307,/app/Repos/pandas/pandas/tests/dtypes/test_common.py,319,332,True,ad07c0400bc0c75a67c2f5a9bb14d714
2785,/app/Repos/pandas/pandas/tests/io/test_pytables.py,700,730,/app/Repos/pandas/pandas/tests/io/test_pytables.py,757,769,True,211dcaace0f40c457b0654cf5dfac6f3
2786,/app/Repos/pandas/pandas/tests/frame/test_query_eval.py,432,445,/app/Repos/pandas/pandas/tests/frame/test_query_eval.py,752,765,True,d38d9ea4125aa12ac21b2cc382ba8ae8
2787,/app/Repos/pandas/pandas/tests/frame/test_query_eval.py,383,395,/app/Repos/pandas/pandas/tests/frame/test_query_eval.py,752,765,True,a580bf7e2a3f6fe4a30baeaff2e50e60
2788,/app/Repos/pandas/pandas/tests/io/test_sql.py,855,866,/app/Repos/pandas/pandas/tests/io/test_sql.py,1489,1504,True,7bef5a5a9eb836f7b7e060ac1dbcab19
2789,/app/Repos/pandas/pandas/tests/frame/test_query_eval.py,395,406,/app/Repos/pandas/pandas/tests/frame/test_query_eval.py,752,765,True,1cce57deb19a64f16d239eb5a497ffc8
2790,/app/Repos/pandas/pandas/tests/io/test_sql.py,1476,1489,/app/Repos/pandas/pandas/tests/io/test_sql.py,1489,1504,True,ef942da18395e4cddc7835f0ae7b8ae7
2791,/app/Repos/pandas/pandas/tests/frame/test_query_eval.py,406,420,/app/Repos/pandas/pandas/tests/frame/test_query_eval.py,752,765,True,e9b2029132a2957002286e15f6cddc0f
2792,/app/Repos/pandas/pandas/tests/dtypes/test_common.py,415,430,/app/Repos/pandas/pandas/tests/dtypes/test_common.py,430,447,True,c8212a28d7a1eac17ad4e0292cb0726a
2793,/app/Repos/pandas/pandas/tests/frame/test_query_eval.py,420,432,/app/Repos/pandas/pandas/tests/frame/test_query_eval.py,752,765,True,4a940dd81a16f33034023d259857cfe3
2794,/app/Repos/pandas/pandas/tests/io/test_sql.py,1276,1284,/app/Repos/pandas/pandas/tests/io/test_sql.py,1489,1504,True,2b90e380603f8309abdf62c95dff7f6f
2795,/app/Repos/pandas/pandas/tests/frame/test_query_eval.py,445,460,/app/Repos/pandas/pandas/tests/frame/test_query_eval.py,752,765,True,4281584344d444ffd423541a89a58671
2796,/app/Repos/pandas/pandas/tests/groupby/aggregate/test_other.py,213,233,/app/Repos/pandas/pandas/tests/indexing/test_chaining_and_caching.py,422,432,True,7c9bdd2a87af2c98a4b025f6501a0a53
2797,/app/Repos/pandas/pandas/tests/io/test_sql.py,1264,1276,/app/Repos/pandas/pandas/tests/io/test_sql.py,1759,1774,True,b589e97afe5ef7b3cba1561f004cf96c
2798,/app/Repos/pandas/pandas/tests/io/test_pytables.py,4623,4644,/app/Repos/pandas/pandas/tests/io/test_pytables.py,4644,4667,True,46342c7f0fb126e8f33642e9fd3f13a4
2799,/app/Repos/pandas/pandas/tests/io/test_sql.py,1704,1719,/app/Repos/pandas/pandas/tests/io/test_sql.py,1759,1774,True,06da22429465fad2ab83dfd3a49814cf
2800,/app/Repos/pandas/pandas/tests/arithmetic/test_period.py,144,187,/app/Repos/pandas/pandas/tests/arithmetic/test_period.py,144,187,True,15126064c76c5016a7ac30c99bc65212
2801,/app/Repos/pandas/pandas/tests/frame/test_analytics.py,765,777,/app/Repos/pandas/pandas/tests/frame/test_analytics.py,1274,1287,True,82c6fe049dc16cc0beb988bdb71d299e
2802,/app/Repos/pandas/pandas/tests/io/test_sql.py,2173,2194,/app/Repos/pandas/pandas/tests/io/test_sql.py,2430,2451,True,6d4624032102317891c6dffdf2f1495a
2803,/app/Repos/pandas/pandas/tests/io/test_sql.py,2194,2209,/app/Repos/pandas/pandas/tests/io/test_sql.py,2430,2451,True,c6c064eb623151e659cea8dd30490d6f
2804,/app/Repos/pandas/pandas/tests/frame/test_analytics.py,1634,1752,/app/Repos/pandas/pandas/tests/frame/test_analytics.py,1791,1806,True,1160744bc5971409b9ea29b43cb22386
2805,/app/Repos/pandas/pandas/tests/io/test_sql.py,2308,2362,/app/Repos/pandas/pandas/tests/io/test_sql.py,2600,2653,True,42de602a57473c9c44056c71e63dbc4b
2806,/app/Repos/pandas/pandas/tests/frame/test_query_eval.py,715,726,/app/Repos/pandas/pandas/tests/frame/test_query_eval.py,752,765,True,355a1d727afa919966a1e6dbead5175d
2807,/app/Repos/pandas/pandas/tests/frame/test_analytics.py,1881,1910,/app/Repos/pandas/pandas/tests/frame/test_analytics.py,1931,1947,True,c4be14579228f2dbf073ea8f56602643
2808,/app/Repos/pandas/pandas/tests/frame/test_analytics.py,553,577,/app/Repos/pandas/pandas/tests/frame/test_analytics.py,577,599,True,add288cc22d049f60ce75bbb55dd63ba
2809,/app/Repos/pandas/pandas/tests/io/test_pytables.py,3068,3077,/app/Repos/pandas/pandas/tests/io/test_pytables.py,4733,4832,True,204c1da96e44df948bcd20f06e88d8b2
2810,/app/Repos/pandas/pandas/tests/frame/test_indexing.py,72,77,/app/Repos/pandas/pandas/tests/io/test_pytables.py,4733,4832,True,6e5a6a2eaac4f7f56d3cbb7be081dbc3
2811,/app/Repos/pandas/pandas/tests/frame/test_analytics.py,2124,2155,/app/Repos/pandas/pandas/tests/frame/test_analytics.py,2205,2225,True,58967fa4d3f81b633d5a4ed123da5bb7
2812,/app/Repos/pandas/pandas/tests/frame/common.py,74,85,/app/Repos/pandas/pandas/tests/frame/test_dtypes.py,85,100,True,789feb9444915fa9af7d4659235bdc37
2813,/app/Repos/pandas/pandas/tests/groupby/test_rank.py,239,258,/app/Repos/pandas/pandas/tests/groupby/test_rank.py,258,278,True,a9d67b5861192e469b4ac588a8f22b4e
905,/app/Repos/pandas/pandas/tests/groupby/test_whitelist.py,106,117,/app/Repos/pandas/pandas/tests/groupby/test_whitelist.py,106,117,False,f01d871fb47a34dac451ec6c84f709b5
905,/app/Repos/pandas/pandas/tests/groupby/test_whitelist.py,106,117,/app/Repos/pandas/pandas/tests/groupby/test_whitelist.py,106,117,False,f01d871fb47a34dac451ec6c84f709b5
905,/app/Repos/pandas/pandas/tests/groupby/test_whitelist.py,106,117,/app/Repos/pandas/pandas/tests/groupby/test_whitelist.py,106,117,False,f01d871fb47a34dac451ec6c84f709b5
2814,/app/Repos/pandas/pandas/tests/groupby/aggregate/test_other.py,160,213,/app/Repos/pandas/pandas/tests/groupby/test_whitelist.py,117,126,True,8d5af75cfd56a92d28815ce79b0a751d
2815,/app/Repos/pandas/pandas/tests/groupby/aggregate/test_other.py,233,259,/app/Repos/pandas/pandas/tests/groupby/test_whitelist.py,117,126,True,1dfa211428eac31c4a91ec80f5cef340
2816,/app/Repos/pandas/pandas/tests/groupby/aggregate/test_other.py,259,297,/app/Repos/pandas/pandas/tests/groupby/test_whitelist.py,117,126,True,6406447436469d84d91faa16054f2eee
2817,/app/Repos/pandas/pandas/tests/io/test_sql.py,391,403,/app/Repos/pandas/pandas/tests/io/test_sql.py,403,419,True,5391be082deef0cf4f96fb65c2983437
2818,/app/Repos/pandas/pandas/tests/io/test_sql.py,437,450,/app/Repos/pandas/pandas/tests/io/test_sql.py,590,604,True,5a940a0df04937e99d212c4f7d0f962b
2819,/app/Repos/pandas/pandas/tests/io/test_pytables.py,473,534,/app/Repos/pandas/pandas/tests/io/test_pytables.py,477,520,True,4c283729e9f3f6a059d6821c072f7eeb
2820,/app/Repos/pandas/pandas/tests/io/test_sql.py,1291,1364,/app/Repos/pandas/pandas/tests/io/test_sql.py,1296,1327,True,04c23e162eacca35fbdf99648dc4d6d4
2821,/app/Repos/pandas/pandas/tests/groupby/test_timegrouper.py,552,560,/app/Repos/pandas/pandas/tests/groupby/test_transform.py,219,237,True,48cb01c582c37c8f17d137db4645fa87
2822,/app/Repos/pandas/pandas/tests/frame/common.py,74,85,/app/Repos/pandas/pandas/tests/frame/test_dtypes.py,927,960,True,45e5470dba28c26b79fd8b31b3cd91ae
2823,/app/Repos/pandas/pandas/tests/io/test_pytables.py,381,431,/app/Repos/pandas/pandas/tests/io/test_pytables.py,877,904,True,c75c8e7aa33eaa41a1c098f447501796
2824,/app/Repos/pandas/pandas/tests/frame/test_indexing.py,72,77,/app/Repos/pandas/pandas/tests/indexing/test_scalar.py,185,201,True,99176f92b4b819e3154753daf9d3d45b
2825,/app/Repos/pandas/pandas/tests/io/test_pytables.py,2891,2900,/app/Repos/pandas/pandas/tests/io/test_pytables.py,2900,2912,True,c2a759b4c0afce8cc81de2b63ae80efd
2826,/app/Repos/pandas/pandas/tests/plotting/test_frame.py,231,243,/app/Repos/pandas/pandas/tests/plotting/test_series.py,43,81,True,bec7aa13649cd20d74e1aefa507941a1
2827,/app/Repos/pandas/pandas/tests/frame/test_analytics.py,2097,2117,/app/Repos/pandas/pandas/tests/groupby/test_function.py,103,221,True,13a5bbad2d30faaec2ba2f21440a85bd
2828,/app/Repos/pandas/pandas/tests/plotting/test_frame.py,205,231,/app/Repos/pandas/pandas/tests/plotting/test_series.py,81,89,True,82621b39664589bbb4785f71a4b3918f
2829,/app/Repos/pandas/pandas/tests/plotting/test_frame.py,308,331,/app/Repos/pandas/pandas/tests/plotting/test_series.py,281,291,True,0d978a93824c7bcf97fd2ea2d1f930c5
2830,/app/Repos/pandas/pandas/tests/io/test_pytables.py,1843,1898,/app/Repos/pandas/pandas/tests/io/test_pytables.py,1849,1858,True,883d79b7d286294862941a60a14fcf3b
2831,/app/Repos/pandas/pandas/tests/frame/test_constructors.py,1144,1149,/app/Repos/pandas/pandas/tests/test_multilevel.py,1763,1778,True,bf2816a3a887e87df5f812e1e5f3cd91
2367,/app/Repos/pandas/pandas/tests/groupby/aggregate/test_aggregate.py,19,26,/app/Repos/pandas/pandas/tests/groupby/aggregate/test_aggregate.py,19,26,False,4251ff65cdc7591723b2906650f9a328
2832,/app/Repos/pandas/pandas/tests/frame/test_query_eval.py,726,740,/app/Repos/pandas/pandas/tests/frame/test_query_eval.py,752,765,True,6ce4ac2cc887f56c4150d267a2238ab7
2833,/app/Repos/pandas/pandas/tests/frame/test_query_eval.py,740,752,/app/Repos/pandas/pandas/tests/frame/test_query_eval.py,752,765,True,f36da6689e261950c895a5da21fa8695
2834,/app/Repos/pandas/pandas/tests/frame/test_indexing.py,514,564,/app/Repos/pandas/pandas/tests/test_multilevel.py,307,331,True,f09c87682c3e4bddd81361c25d6c1131
2835,/app/Repos/pandas/pandas/tests/frame/test_query_eval.py,923,943,/app/Repos/pandas/pandas/tests/frame/test_query_eval.py,943,956,True,949d8fcace07beb155604e5cf8bfd9c2
2836,/app/Repos/pandas/pandas/tests/frame/test_indexing.py,2072,2088,/app/Repos/pandas/pandas/tests/test_multilevel.py,2063,2078,True,d011168ca5b1e91b18fbfe8c41595792
2837,/app/Repos/pandas/pandas/tests/frame/test_replace.py,402,458,/app/Repos/pandas/pandas/tests/frame/test_replace.py,526,542,True,c2d0a490c02d08e29c6bd66d26327d7b
2838,/app/Repos/pandas/pandas/tests/frame/test_replace.py,458,475,/app/Repos/pandas/pandas/tests/frame/test_replace.py,526,542,True,48d144b83144aa72fd038e07ab471d3f
2839,/app/Repos/pandas/pandas/tests/dtypes/test_inference.py,410,423,/app/Repos/pandas/pandas/tests/test_algos.py,1293,1298,True,4551decf4bac550139e7298ec3322ee2
2840,/app/Repos/pandas/pandas/tests/frame/test_indexing.py,2882,2890,/app/Repos/pandas/pandas/tests/frame/test_missing.py,214,314,True,11754d60eece04c180633f6360641d8e
2841,/app/Repos/pandas/pandas/tests/frame/test_analytics.py,2254,2263,/app/Repos/pandas/pandas/tests/frame/test_missing.py,214,314,True,b1905d76823040352372101c5a24cd57
2842,/app/Repos/pandas/pandas/tests/dtypes/test_inference.py,463,484,/app/Repos/pandas/pandas/tests/test_algos.py,1293,1298,True,6dfd8823aecc3b52378e14a1ea055484
2843,/app/Repos/pandas/pandas/tests/frame/test_replace.py,496,511,/app/Repos/pandas/pandas/tests/frame/test_replace.py,526,542,True,84ae571961bfbdbc19e28f51d5987ac5
2844,/app/Repos/pandas/pandas/tests/frame/test_replace.py,511,526,/app/Repos/pandas/pandas/tests/frame/test_replace.py,526,542,True,056b1c5facf85af4064f4f4a4b3a5b97
2845,/app/Repos/pandas/pandas/tests/io/parser/usecols.py,262,288,/app/Repos/pandas/pandas/tests/io/parser/usecols.py,288,314,True,17ffa62d4aab7d7033cb076cfd0eed4e
2846,/app/Repos/pandas/pandas/tests/io/parser/usecols.py,193,262,/app/Repos/pandas/pandas/tests/io/parser/usecols.py,288,314,True,09c83b401004a33ecc40e9fed84751d1
2847,/app/Repos/pandas/pandas/tests/dtypes/test_inference.py,410,423,/app/Repos/pandas/pandas/tests/test_algos.py,398,403,True,778004710327675b8d47b4e907417c3f
2848,/app/Repos/pandas/pandas/tests/dtypes/test_inference.py,463,484,/app/Repos/pandas/pandas/tests/test_algos.py,398,403,True,43b4701562a5f88dca923f9fde378572
2849,/app/Repos/pandas/pandas/tests/dtypes/test_missing.py,104,127,/app/Repos/pandas/pandas/tests/dtypes/test_missing.py,127,136,True,752f350cca116ce45797d95e29e2b366
2850,/app/Repos/pandas/pandas/tests/frame/test_missing.py,459,466,/app/Repos/pandas/pandas/tests/frame/test_missing.py,459,466,True,5cb8e6332270d395214cecbdf11eef13
2851,/app/Repos/pandas/pandas/tests/groupby/test_counting.py,15,25,/app/Repos/pandas/pandas/tests/groupby/test_counting.py,35,46,True,8488708fd05fa60cee5536285c49a44c
2850,/app/Repos/pandas/pandas/tests/frame/test_missing.py,459,466,/app/Repos/pandas/pandas/tests/frame/test_missing.py,459,466,False,5cb8e6332270d395214cecbdf11eef13
2852,/app/Repos/pandas/pandas/tests/groupby/test_counting.py,69,79,/app/Repos/pandas/pandas/tests/groupby/test_counting.py,116,126,True,0ad5cb1e8a011f7735f7ff6d114d26e1
2853,/app/Repos/pandas/pandas/tests/frame/test_missing.py,466,473,/app/Repos/pandas/pandas/tests/frame/test_missing.py,466,473,True,7b3c4ab425bdf13320d58998edce66a9
2853,/app/Repos/pandas/pandas/tests/frame/test_missing.py,466,473,/app/Repos/pandas/pandas/tests/frame/test_missing.py,466,473,False,7b3c4ab425bdf13320d58998edce66a9
2854,/app/Repos/pandas/pandas/tests/groupby/test_counting.py,79,89,/app/Repos/pandas/pandas/tests/groupby/test_counting.py,116,126,True,def82f749127cc3ad32764fad0aa10d4
2855,/app/Repos/pandas/pandas/tests/groupby/test_counting.py,35,46,/app/Repos/pandas/pandas/tests/groupby/test_counting.py,116,126,True,6475d044dd7bbb0b7214c02ccda2ba59
2856,/app/Repos/pandas/pandas/tests/plotting/common.py,48,81,/app/Repos/pandas/pandas/tests/plotting/common.py,48,81,True,59a5db37074647d1c63ef189f18bec4c
2857,/app/Repos/pandas/pandas/tests/groupby/test_counting.py,58,69,/app/Repos/pandas/pandas/tests/groupby/test_counting.py,116,126,True,10462a49df88066ae9499fb169f43b02
2858,/app/Repos/pandas/pandas/tests/frame/test_analytics.py,2254,2263,/app/Repos/pandas/pandas/tests/frame/test_missing.py,489,507,True,e6fab781993ad868880f35df58eb2940
2859,/app/Repos/pandas/pandas/tests/groupby/test_counting.py,89,99,/app/Repos/pandas/pandas/tests/groupby/test_counting.py,116,126,True,931b0cb7f945d2ba4e1bdd8e9b1b0874
2860,/app/Repos/pandas/pandas/tests/io/test_sql.py,1392,1412,/app/Repos/pandas/pandas/tests/io/test_sql.py,1412,1431,True,9580aa3db9e4a5c2674ca004b96f1cf8
2861,/app/Repos/pandas/pandas/tests/io/test_sql.py,1276,1284,/app/Repos/pandas/pandas/tests/io/test_sql.py,1412,1431,True,31d76d8ff4889e7b0821e4752d3dfe7f
2862,/app/Repos/pandas/pandas/tests/io/test_sql.py,855,866,/app/Repos/pandas/pandas/tests/io/test_sql.py,1476,1489,True,fe70956277018af32200fe191dabaa04
2863,/app/Repos/pandas/pandas/tests/io/test_sql.py,1276,1284,/app/Repos/pandas/pandas/tests/io/test_sql.py,1476,1489,True,b277ea2a88ba18690ec4e5987bf8cbfe
2864,/app/Repos/pandas/pandas/tests/io/test_sql.py,1412,1431,/app/Repos/pandas/pandas/tests/io/test_sql.py,1476,1489,True,f5a7007730f7baceae2fc23bb6702398
2865,/app/Repos/pandas/pandas/tests/computation/test_eval.py,1894,1900,/app/Repos/pandas/pandas/tests/computation/test_eval.py,1894,1900,True,6cc8e7b8be3bfb058d0e1678be85c806
2866,/app/Repos/pandas/pandas/tests/io/test_sql.py,2173,2194,/app/Repos/pandas/pandas/tests/io/test_sql.py,2194,2209,True,2fce2431e215fc3e538cd24fd7077866
2867,/app/Repos/pandas/pandas/tests/io/test_sql.py,2367,2396,/app/Repos/pandas/pandas/tests/io/test_sql.py,2396,2425,True,a18097b84154ae42d69fc55897d3fefe
2868,/app/Repos/pandas/pandas/tests/frame/test_indexing.py,2166,2238,/app/Repos/pandas/pandas/tests/frame/test_indexing.py,2178,2183,True,a2e235d7e8546cc9b3b8ae8854f3fd43
2869,/app/Repos/pandas/pandas/tests/frame/test_indexing.py,2170,2178,/app/Repos/pandas/pandas/tests/frame/test_indexing.py,2178,2183,True,bcd677cf9e09537fdb6a7dbd5dabf007
2870,/app/Repos/pandas/pandas/tests/computation/test_eval.py,1199,1205,/app/Repos/pandas/pandas/tests/computation/test_eval.py,1199,1205,True,590732d8384ca3f440172802b4bee525
2871,/app/Repos/pandas/pandas/tests/frame/test_indexing.py,2723,2739,/app/Repos/pandas/pandas/tests/frame/test_indexing.py,2739,2757,True,fb5bb8a6c685842827791246e021d5d8
2872,/app/Repos/pandas/pandas/tests/frame/test_constructors.py,1144,1149,/app/Repos/pandas/pandas/tests/indexing/test_categorical.py,342,425,True,9763bc6372381bcf0643e00cd428a254
2873,/app/Repos/pandas/pandas/tests/frame/test_indexing.py,3060,3080,/app/Repos/pandas/pandas/tests/frame/test_indexing.py,3096,3103,True,46825f88c05dc61d70a4bfb0a31a5ce7
2874,/app/Repos/pandas/pandas/tests/groupby/aggregate/test_other.py,160,213,/app/Repos/pandas/pandas/tests/groupby/aggregate/test_other.py,233,259,True,63c1a2c56dc71bff2cf27a2d8388e7ef
2875,/app/Repos/pandas/pandas/tests/dtypes/test_common.py,41,50,/app/Repos/pandas/pandas/tests/dtypes/test_common.py,53,62,True,fb6699861fa7c702c92ddf140d80c7c4
2876,/app/Repos/pandas/pandas/tests/computation/test_eval.py,1547,1553,/app/Repos/pandas/pandas/tests/computation/test_eval.py,1547,1553,True,6c125876e582379e90ac31e463c693a1
2877,/app/Repos/pandas/pandas/tests/dtypes/test_common.py,175,181,/app/Repos/pandas/pandas/tests/dtypes/test_common.py,251,257,True,44684544e72c9414a761482fb9f018f4
2878,/app/Repos/pandas/pandas/tests/computation/test_eval.py,1553,1559,/app/Repos/pandas/pandas/tests/computation/test_eval.py,1553,1559,True,37d960624690fe75ef49f692a41f26ca
2879,/app/Repos/pandas/pandas/tests/frame/test_analytics.py,1478,1489,/app/Repos/pandas/pandas/tests/frame/test_analytics.py,1516,1527,True,460607377a70d90b47c1f45b68eeaf6d
2880,/app/Repos/pandas/pandas/tests/io/test_sql.py,773,778,/app/Repos/pandas/pandas/tests/io/test_sql.py,1106,1113,True,ea409d4ccd1d6bbb54c6459c25646f3a
2881,/app/Repos/pandas/pandas/tests/io/test_sql.py,618,664,/app/Repos/pandas/pandas/tests/io/test_sql.py,1364,1392,True,97a64d9d6926764bb1e633c7ec885b55
2882,/app/Repos/pandas/pandas/tests/io/test_sql.py,664,674,/app/Repos/pandas/pandas/tests/io/test_sql.py,1364,1392,True,d1d5539538f6fe841cca369adf80c73b
2883,/app/Repos/pandas/pandas/tests/io/test_pytables.py,2701,2717,/app/Repos/pandas/pandas/tests/io/test_pytables.py,2717,2735,True,92cc0ca6ac802f7ca6da085999c8d10e
2884,/app/Repos/pandas/pandas/tests/io/test_sql.py,950,957,/app/Repos/pandas/pandas/tests/io/test_sql.py,1520,1527,True,460306d65904651b661fad6e47987919
2885,/app/Repos/pandas/pandas/tests/io/test_sql.py,2209,2225,/app/Repos/pandas/pandas/tests/io/test_sql.py,2486,2505,True,b892a6673e6fdfbbfb067683104127bb
2886,/app/Repos/pandas/pandas/tests/io/test_pytables.py,1084,1134,/app/Repos/pandas/pandas/tests/io/test_pytables.py,1114,1127,True,b270227fac878fee12bf87e9a923e1a6
2887,/app/Repos/pandas/pandas/tests/io/test_pytables.py,2212,2223,/app/Repos/pandas/pandas/tests/io/test_pytables.py,2891,2900,True,96739bf776ce19409e11463f284bc011
1828,/app/Repos/pandas/pandas/tests/frame/test_alter_axes.py,1042,1069,/app/Repos/pandas/pandas/tests/frame/test_alter_axes.py,1042,1069,False,67cba246902564cad4b17decdb6a74df
2888,/app/Repos/pandas/pandas/tests/indexing/test_panel.py,199,223,/app/Repos/pandas/pandas/tests/indexing/test_panel.py,199,223,True,eb4accfeae52805ffd6b1501ad42e68b
2889,/app/Repos/pandas/pandas/tests/io/test_pytables.py,3068,3077,/app/Repos/pandas/pandas/tests/io/test_pytables.py,3286,3333,True,715194a2819da3cd3ee3876a0c82ad27
2890,/app/Repos/pandas/pandas/tests/internals/test_internals.py,1050,1056,/app/Repos/pandas/pandas/tests/scalar/timestamp/test_timestamp.py,366,385,True,b25c26285a8faa771959d9d0fc246741
2891,/app/Repos/pandas/pandas/tests/frame/test_indexing.py,3201,3207,/app/Repos/pandas/pandas/tests/indexing/test_datetime.py,40,99,True,7ef2e18ff3ae44db2b4c440d9a66c129
2892,/app/Repos/pandas/pandas/tests/frame/test_constructors.py,2169,2185,/app/Repos/pandas/pandas/tests/indexing/test_datetime.py,40,99,True,f8215f697542ab089b99dc9420e4c91a
2893,/app/Repos/pandas/pandas/tests/io/test_pytables.py,607,621,/app/Repos/pandas/pandas/tests/io/test_pytables.py,3068,3077,True,8ae868863e60ac3194e77ba5344fefa4
2894,/app/Repos/pandas/pandas/tests/io/test_pytables.py,730,757,/app/Repos/pandas/pandas/tests/io/test_pytables.py,3068,3077,True,0530a9f6e156b783fc55a8141e9309cc
2895,/app/Repos/pandas/pandas/tests/io/test_pytables.py,982,1028,/app/Repos/pandas/pandas/tests/io/test_pytables.py,3068,3077,True,afc6832d1117b3ce7075a005c12f83de
2896,/app/Repos/pandas/pandas/tests/io/test_pytables.py,1843,1898,/app/Repos/pandas/pandas/tests/io/test_pytables.py,3068,3077,True,60910c303abdab098b2e7c1734136b21
2897,/app/Repos/pandas/pandas/tests/io/test_pytables.py,2265,2302,/app/Repos/pandas/pandas/tests/io/test_pytables.py,3068,3077,True,b7d9cb85c1e1c6938a4e2a3343193d75
2898,/app/Repos/pandas/pandas/tests/frame/test_indexing.py,1924,1954,/app/Repos/pandas/pandas/tests/indexing/test_iloc.py,385,449,True,b488af204eda92d108910060dc66be96
2899,/app/Repos/pandas/pandas/tests/frame/test_analytics.py,2254,2263,/app/Repos/pandas/pandas/tests/indexing/test_iloc.py,385,449,True,a196b5678302c163ad3fdcf01bd0060b
2900,/app/Repos/pandas/pandas/tests/frame/test_analytics.py,2254,2263,/app/Repos/pandas/pandas/tests/indexing/test_iloc.py,518,549,True,b45913eb1b89d1469d37d6f323ce1476
2901,/app/Repos/pandas/pandas/tests/frame/test_indexing.py,2238,2281,/app/Repos/pandas/pandas/tests/indexing/test_ix.py,332,339,True,a711179ed787bbb9029a1e5a09448c42
897,/app/Repos/pandas/pandas/tests/groupby/conftest.py,7,18,/app/Repos/pandas/pandas/tests/groupby/conftest.py,7,18,False,5d731eb6cb29a46ab84e09d2253667ac
897,/app/Repos/pandas/pandas/tests/groupby/conftest.py,7,18,/app/Repos/pandas/pandas/tests/groupby/conftest.py,7,18,False,5d731eb6cb29a46ab84e09d2253667ac
897,/app/Repos/pandas/pandas/tests/groupby/conftest.py,7,18,/app/Repos/pandas/pandas/tests/groupby/conftest.py,7,18,False,5d731eb6cb29a46ab84e09d2253667ac
2902,/app/Repos/pandas/pandas/tests/groupby/aggregate/test_other.py,160,213,/app/Repos/pandas/pandas/tests/groupby/conftest.py,18,27,True,52dc3ee9e40f644d2968d811b440fa79
2903,/app/Repos/pandas/pandas/tests/groupby/aggregate/test_other.py,233,259,/app/Repos/pandas/pandas/tests/groupby/conftest.py,18,27,True,5ef7936520ac080f6780f11a3386430e
2904,/app/Repos/pandas/pandas/tests/groupby/aggregate/test_other.py,259,297,/app/Repos/pandas/pandas/tests/groupby/conftest.py,18,27,True,73139b0e8e1bf089a45c53e3408f76c0
2905,/app/Repos/pandas/pandas/tests/groupby/aggregate/test_other.py,318,339,/app/Repos/pandas/pandas/tests/groupby/conftest.py,63,78,True,302654eaa9a66238a74ffa732a2dc34d
2906,/app/Repos/pandas/pandas/tests/frame/test_indexing.py,325,337,/app/Repos/pandas/pandas/tests/frame/test_nonunique_indexes.py,278,363,True,a4941fd41b3dbda58e87ebabfebad65e
2907,/app/Repos/pandas/pandas/tests/indexes/datetimes/test_construction.py,21,32,/app/Repos/pandas/pandas/tests/indexes/datetimes/test_construction.py,21,32,True,e58197449a8ddc8e64a2410a3922de99
2908,/app/Repos/pandas/pandas/tests/frame/test_constructors.py,1144,1149,/app/Repos/pandas/pandas/tests/test_window.py,3799,3826,True,1e8d40211a1de5f1de631dcef79b9572
2909,/app/Repos/pandas/pandas/tests/frame/test_constructors.py,1144,1149,/app/Repos/pandas/pandas/tests/test_window.py,3861,3880,True,86f94833997cd9e197544026fa248c06
2910,/app/Repos/pandas/pandas/tests/generic/test_generic.py,549,583,/app/Repos/pandas/pandas/tests/generic/test_generic.py,549,583,True,7d3218cb6fb831626296f083043771d5
2911,/app/Repos/pandas/pandas/tests/frame/test_indexing.py,2072,2088,/app/Repos/pandas/pandas/tests/indexes/test_base.py,2444,2450,True,3ba9018629b4e9be1b9c067815466d2b
2912,/app/Repos/pandas/pandas/tests/frame/test_analytics.py,2254,2263,/app/Repos/pandas/pandas/tests/indexing/test_loc.py,218,257,True,0bdabd79c02e3f34d9746c7518125c8b
2913,/app/Repos/pandas/pandas/tests/frame/test_analytics.py,1870,1881,/app/Repos/pandas/pandas/tests/indexing/test_loc.py,483,547,True,51f8d9e5d2319d3e213adade6c2ab625
2914,/app/Repos/pandas/pandas/tests/frame/test_constructors.py,1144,1149,/app/Repos/pandas/pandas/tests/indexing/test_loc.py,624,655,True,436d219684d635528f2053ac55a1264c
2915,/app/Repos/pandas/pandas/tests/frame/test_indexing.py,1742,1752,/app/Repos/pandas/pandas/tests/indexing/test_loc.py,624,655,True,08007f6c957a2af785870ed6b2023b99
2916,/app/Repos/pandas/pandas/tests/frame/test_analytics.py,2254,2263,/app/Repos/pandas/pandas/tests/indexing/test_indexing.py,220,251,True,b0a253b5f99dc5a88d66535061a6c9bc
2917,/app/Repos/pandas/pandas/tests/frame/test_constructors.py,1144,1149,/app/Repos/pandas/pandas/tests/indexing/test_indexing.py,527,569,True,e6daaeaa42a4904c70d5d8d9c10591bd
2918,/app/Repos/pandas/pandas/tests/internals/test_internals.py,827,836,/app/Repos/pandas/pandas/tests/test_base.py,993,1001,True,ac5780d21d6ac8c40be0e390db1cdae2
2919,/app/Repos/pandas/pandas/tests/frame/test_constructors.py,879,897,/app/Repos/pandas/pandas/tests/indexing/test_partial.py,181,223,True,7bdcd325bbd188e99c948a5ff1ab4309
2920,/app/Repos/pandas/pandas/tests/frame/test_indexing.py,2072,2088,/app/Repos/pandas/pandas/tests/indexes/test_range.py,766,772,True,e9d4b2c6221d73dc9b4cf189a57c5666
2921,/app/Repos/pandas/pandas/tests/frame/test_constructors.py,879,897,/app/Repos/pandas/pandas/tests/indexing/test_partial.py,477,575,True,e02e533b225438b85035dd747783bd82
2922,/app/Repos/pandas/pandas/tests/test_nanops.py,535,546,/app/Repos/pandas/pandas/tests/test_nanops.py,582,590,True,50215f4a928eef40507a5a7d86fc2651
2923,/app/Repos/pandas/pandas/tests/test_nanops.py,546,558,/app/Repos/pandas/pandas/tests/test_nanops.py,582,590,True,3a9f8a5b74054962fa5c687847c50700
2924,/app/Repos/pandas/pandas/tests/test_nanops.py,558,570,/app/Repos/pandas/pandas/tests/test_nanops.py,582,590,True,8a7764e9e40d517906841113472761d0
2925,/app/Repos/pandas/pandas/tests/test_nanops.py,570,582,/app/Repos/pandas/pandas/tests/test_nanops.py,582,590,True,0f5adc2d8efe98d5f11dbe7e6a52f990
2926,/app/Repos/pandas/pandas/tests/plotting/test_frame.py,715,725,/app/Repos/pandas/pandas/tests/plotting/test_frame.py,732,766,True,bec5da01285380a805f8de32c6cf84fe
2927,/app/Repos/pandas/pandas/tests/test_nanops.py,672,702,/app/Repos/pandas/pandas/tests/test_nanops.py,702,737,True,464674e24acc09d257d14dbe854875e3
2928,/app/Repos/pandas/pandas/tests/test_nanops.py,918,927,/app/Repos/pandas/pandas/tests/test_nanops.py,968,977,True,b82e58d9261a57f0a08ad0dc3cfefc28
2929,/app/Repos/pandas/pandas/tests/plotting/test_frame.py,956,972,/app/Repos/pandas/pandas/tests/plotting/test_frame.py,1339,1347,True,2f1c3153379fa616a2e538862def1838
2930,/app/Repos/pandas/pandas/tests/plotting/test_frame.py,972,992,/app/Repos/pandas/pandas/tests/plotting/test_frame.py,1339,1347,True,7b8e7647c04f902edeb5e929fe05683b
2931,/app/Repos/pandas/pandas/tests/plotting/test_frame.py,1322,1331,/app/Repos/pandas/pandas/tests/plotting/test_frame.py,1339,1347,True,ce24f9cb9f2a5fb2748363b945ce2fc7
2932,/app/Repos/pandas/pandas/tests/plotting/test_frame.py,1331,1339,/app/Repos/pandas/pandas/tests/plotting/test_frame.py,1339,1347,True,f333971a2651eba829cd11ac4927f898
2933,/app/Repos/pandas/pandas/tests/plotting/test_frame.py,715,725,/app/Repos/pandas/pandas/tests/plotting/test_frame.py,1065,1083,True,c3e60181df74dab683da17f081b8b798
2934,/app/Repos/pandas/pandas/tests/plotting/test_frame.py,956,972,/app/Repos/pandas/pandas/tests/plotting/test_frame.py,1331,1339,True,a427ff472af90f9329829b06224d743e
2935,/app/Repos/pandas/pandas/tests/plotting/test_frame.py,972,992,/app/Repos/pandas/pandas/tests/plotting/test_frame.py,1331,1339,True,de0ed166fa402ea4755bf174aeee66e4
2936,/app/Repos/pandas/pandas/tests/plotting/test_frame.py,1322,1331,/app/Repos/pandas/pandas/tests/plotting/test_frame.py,1331,1339,True,0aa544dec59e64b57bd4402e7c268d33
2937,/app/Repos/pandas/pandas/tests/plotting/test_frame.py,2273,2287,/app/Repos/pandas/pandas/tests/plotting/test_frame.py,2287,2297,True,bd263bd010b5111cb5291e07d011da94
2938,/app/Repos/pandas/pandas/tests/plotting/test_frame.py,847,883,/app/Repos/pandas/pandas/tests/plotting/test_frame.py,2003,2037,True,d7b3713ee505ef15a9fe03c891d5f77c
2939,/app/Repos/pandas/pandas/tests/plotting/test_frame.py,2208,2219,/app/Repos/pandas/pandas/tests/plotting/test_frame.py,2219,2227,True,978b49e882e2f85793061cae33e2e81f
2940,/app/Repos/pandas/pandas/tests/plotting/test_frame.py,1164,1216,/app/Repos/pandas/pandas/tests/plotting/test_frame.py,2323,2335,True,fe5d860ef78974f9d5c5506bab2f07a1
2941,/app/Repos/pandas/pandas/tests/plotting/test_frame.py,2313,2323,/app/Repos/pandas/pandas/tests/plotting/test_frame.py,2323,2335,True,68e09d15d4329c41a160bed6393709e8
2942,/app/Repos/pandas/pandas/tests/plotting/test_frame.py,2795,2918,/app/Repos/pandas/pandas/tests/plotting/test_frame.py,2814,2821,True,70410cb79ae788c216d756323da1fdfc
2943,/app/Repos/pandas/pandas/tests/plotting/test_frame.py,956,972,/app/Repos/pandas/pandas/tests/plotting/test_frame.py,1347,1357,True,6fff354247f93a7bd70472f1895edc30
2944,/app/Repos/pandas/pandas/tests/plotting/test_frame.py,2807,2814,/app/Repos/pandas/pandas/tests/plotting/test_frame.py,2814,2821,True,ee258890f9802a59288abacdfa7b22ff
2945,/app/Repos/pandas/pandas/tests/plotting/test_frame.py,972,992,/app/Repos/pandas/pandas/tests/plotting/test_frame.py,1347,1357,True,e43180e2dd868077f04e108e0369da86
2946,/app/Repos/pandas/pandas/tests/plotting/test_frame.py,1322,1331,/app/Repos/pandas/pandas/tests/plotting/test_frame.py,1347,1357,True,8bfacbda2e79a65dd5b016bb3bd709cd
2947,/app/Repos/pandas/pandas/tests/plotting/test_frame.py,1331,1339,/app/Repos/pandas/pandas/tests/plotting/test_frame.py,1347,1357,True,908a11548418f1466b4b8362bd234873
2948,/app/Repos/pandas/pandas/tests/io/parser/test_textreader.py,61,76,/app/Repos/pandas/pandas/tests/io/parser/test_textreader.py,96,105,True,3c39197098ee55e9f260f82a0baf5d50
2949,/app/Repos/pandas/pandas/tests/io/parser/test_textreader.py,84,96,/app/Repos/pandas/pandas/tests/io/parser/test_textreader.py,96,105,True,04bc994505b8c55c4d4aa6ce9c805eef
2950,/app/Repos/pandas/pandas/tests/plotting/test_frame.py,2297,2313,/app/Repos/pandas/pandas/tests/plotting/test_frame.py,2313,2323,True,79b457bf4af7bc55ed75a3ab20b6acfc
2951,/app/Repos/pandas/pandas/tests/plotting/test_frame.py,1693,1762,/app/Repos/pandas/pandas/tests/plotting/test_frame.py,1786,1798,True,b8f9d4bd61480f5587035f87ed3d5f51
2952,/app/Repos/pandas/pandas/tests/plotting/test_frame.py,2406,2477,/app/Repos/pandas/pandas/tests/plotting/test_frame.py,2510,2542,True,d5e3698179f802a2ef6c6b7e874a2771
2953,/app/Repos/pandas/pandas/tests/plotting/test_frame.py,897,918,/app/Repos/pandas/pandas/tests/plotting/test_frame.py,918,956,True,6098f4270c46096a2e7530cd9daa4b7f
2954,/app/Repos/pandas/pandas/tests/plotting/test_frame.py,1823,1875,/app/Repos/pandas/pandas/tests/plotting/test_frame.py,2037,2060,True,abde1614deb5c93a526579e5a16bcec9
2955,/app/Repos/pandas/pandas/tests/plotting/test_frame.py,2477,2487,/app/Repos/pandas/pandas/tests/plotting/test_frame.py,2487,2510,True,d882301cb9c362d6b66f900cd055b9a8
2956,/app/Repos/pandas/pandas/tests/plotting/test_frame.py,2615,2667,/app/Repos/pandas/pandas/tests/plotting/test_frame.py,2681,2692,True,a063648f36e4c61b1671d8a993e32aae
2957,/app/Repos/pandas/pandas/tests/plotting/test_frame.py,1958,2003,/app/Repos/pandas/pandas/tests/plotting/test_frame.py,2037,2060,True,c9153725950c0b5558bc24e63aaba1c8
2958,/app/Repos/pandas/pandas/tests/plotting/test_frame.py,2629,2642,/app/Repos/pandas/pandas/tests/plotting/test_frame.py,2681,2692,True,3ee96680bde7c139a8906c687a3cdeb5
2959,/app/Repos/pandas/pandas/tests/plotting/test_frame.py,2667,2718,/app/Repos/pandas/pandas/tests/plotting/test_frame.py,2681,2692,True,1b80d17f6bd870cac027a97e612dee2a
2960,/app/Repos/pandas/pandas/tests/plotting/test_frame.py,847,883,/app/Repos/pandas/pandas/tests/plotting/test_frame.py,2037,2060,True,01e967465cfd1e8f90d87bc8d56b9ab5
2961,/app/Repos/pandas/pandas/tests/plotting/test_frame.py,2615,2667,/app/Repos/pandas/pandas/tests/plotting/test_frame.py,2667,2718,True,6fa2add4b792d7362e4d11c3c70245cb
2962,/app/Repos/pandas/pandas/tests/test_resample.py,850,877,/app/Repos/pandas/pandas/tests/test_resample.py,1196,1209,True,33f0f12e9210ba96aa9f70529f2ba2cd
2963,/app/Repos/pandas/pandas/tests/test_nanops.py,473,504,/app/Repos/pandas/pandas/tests/test_nanops.py,504,535,True,02679d2897a6feb01fa9c0be39bd65a5
2964,/app/Repos/pandas/pandas/tests/plotting/test_frame.py,652,680,/app/Repos/pandas/pandas/tests/plotting/test_frame.py,2681,2692,True,c91fad8a1b300663122e9a512c469b34
2965,/app/Repos/pandas/pandas/tests/plotting/test_frame.py,2629,2642,/app/Repos/pandas/pandas/tests/plotting/test_frame.py,2667,2718,True,828b23dc21cae62c86d13172e54cf7ab
2966,/app/Repos/pandas/pandas/tests/test_resample.py,1170,1196,/app/Repos/pandas/pandas/tests/test_resample.py,1196,1209,True,8f705bdda8d0633677681ed6bb69c7e0
2967,/app/Repos/pandas/pandas/tests/test_nanops.py,558,570,/app/Repos/pandas/pandas/tests/test_nanops.py,570,582,True,777607bac84d8d3e4a4b507e48e56b56
2968,/app/Repos/pandas/pandas/tests/io/parser/test_textreader.py,115,125,/app/Repos/pandas/pandas/tests/io/parser/test_textreader.py,125,135,True,2adc156b7fff62583582a5839507dddc
2969,/app/Repos/pandas/pandas/tests/plotting/test_frame.py,2219,2227,/app/Repos/pandas/pandas/tests/plotting/test_frame.py,2227,2247,True,6c9b282c16434314d9df4bf146930105
2970,/app/Repos/pandas/pandas/tests/io/parser/test_textreader.py,279,306,/app/Repos/pandas/pandas/tests/io/parser/test_textreader.py,280,286,True,05b35fdb18dfdfaccd8a2dbd9a510b67
2971,/app/Repos/pandas/pandas/tests/test_nanops.py,535,546,/app/Repos/pandas/pandas/tests/test_nanops.py,570,582,True,329b32fdb27dc0cf8bd84444e9d9e7ba
2972,/app/Repos/pandas/pandas/tests/test_resample.py,902,907,/app/Repos/pandas/pandas/tests/test_resample.py,1412,1432,True,3a31657c02563bcaff9ac51c75bd55cc
2973,/app/Repos/pandas/pandas/tests/plotting/test_frame.py,1164,1216,/app/Repos/pandas/pandas/tests/plotting/test_frame.py,2335,2342,True,edd26f4c35d77c8398d2fd6647c3da54
2974,/app/Repos/pandas/pandas/tests/plotting/test_frame.py,2297,2313,/app/Repos/pandas/pandas/tests/plotting/test_frame.py,2335,2342,True,d551e52b8b5198f9b6422d6703caead1
2975,/app/Repos/pandas/pandas/tests/test_nanops.py,546,558,/app/Repos/pandas/pandas/tests/test_nanops.py,570,582,True,5c78396e16f503a52ec23209f1fe918d
2976,/app/Repos/pandas/pandas/tests/io/test_gcs.py,17,29,/app/Repos/pandas/pandas/tests/io/test_gcs.py,29,44,True,554799816b73b489601433cb9caf5205
2977,/app/Repos/pandas/pandas/tests/plotting/test_frame.py,2313,2323,/app/Repos/pandas/pandas/tests/plotting/test_frame.py,2335,2342,True,09a1706321efb3e5d83ec2fb956105f7
2978,/app/Repos/pandas/pandas/tests/plotting/test_frame.py,2323,2335,/app/Repos/pandas/pandas/tests/plotting/test_frame.py,2335,2342,True,0c98c31a495b115c6ca81bcf1753fe21
2979,/app/Repos/pandas/pandas/tests/io/parser/test_textreader.py,105,115,/app/Repos/pandas/pandas/tests/io/parser/test_textreader.py,115,125,True,e42f2b122367208c2caf9632a5194d26
2980,/app/Repos/pandas/pandas/tests/io/parser/test_textreader.py,96,105,/app/Repos/pandas/pandas/tests/io/parser/test_textreader.py,115,125,True,3d59a3ba16f98030c68b2f54b7503106
2981,/app/Repos/pandas/pandas/tests/test_resample.py,1461,1489,/app/Repos/pandas/pandas/tests/test_resample.py,1489,1509,True,84003a04d5dd44d8be112b1ced3a6ae1
2982,/app/Repos/pandas/pandas/tests/groupby/aggregate/test_cython.py,80,94,/app/Repos/pandas/pandas/tests/groupby/aggregate/test_cython.py,94,103,True,65d60634f18a5bf5cdbc66ef77be2766
2983,/app/Repos/pandas/pandas/tests/test_resample.py,1509,1525,/app/Repos/pandas/pandas/tests/test_resample.py,1666,1675,True,239452da51a7e969278cb6193aef4346
2984,/app/Repos/pandas/pandas/tests/test_resample.py,1581,1590,/app/Repos/pandas/pandas/tests/test_resample.py,1666,1675,True,ca03caf5bf2f77832aeb72156808d176
2985,/app/Repos/pandas/pandas/tests/plotting/test_converter.py,272,287,/app/Repos/pandas/pandas/tests/plotting/test_converter.py,273,282,True,6053179324f8889e5938c451cbd61b50
2986,/app/Repos/pandas/pandas/tests/io/test_gcs.py,17,29,/app/Repos/pandas/pandas/tests/io/test_gcs.py,44,57,True,eee42f5f3b4d8401fd125f08e4e6a698
2987,/app/Repos/pandas/pandas/tests/io/test_gcs.py,29,44,/app/Repos/pandas/pandas/tests/io/test_gcs.py,44,57,True,47203145f42472ae45bdc16ed973ee31
2988,/app/Repos/pandas/pandas/tests/plotting/test_frame.py,956,972,/app/Repos/pandas/pandas/tests/plotting/test_frame.py,1322,1331,True,e736d9b7ad98f9147e3a87b4d19e619b
2989,/app/Repos/pandas/pandas/tests/plotting/test_frame.py,972,992,/app/Repos/pandas/pandas/tests/plotting/test_frame.py,1322,1331,True,c4ba4f2c8316f7a5f19cfac3f3165f9e
2990,/app/Repos/pandas/pandas/tests/test_resample.py,534,573,/app/Repos/pandas/pandas/tests/test_resample.py,802,808,True,e2c8d7fdd0660aa0dc37525204150ea5
2991,/app/Repos/pandas/pandas/tests/test_resample.py,282,372,/app/Repos/pandas/pandas/tests/test_resample.py,476,519,True,a36b23be2d389499546e147056519ed5
2992,/app/Repos/pandas/pandas/tests/test_resample.py,1272,1280,/app/Repos/pandas/pandas/tests/test_resample.py,1280,1288,True,41e00ecadb57b2c21068c8541506e9c0
2993,/app/Repos/pandas/pandas/tests/test_resample.py,662,680,/app/Repos/pandas/pandas/tests/test_resample.py,680,703,True,bddde3c721ee49b2ecec614d47cc61de
2994,/app/Repos/pandas/pandas/tests/plotting/test_datetimelike.py,103,112,/app/Repos/pandas/pandas/tests/plotting/test_datetimelike.py,167,203,True,eb4446261506cac9e81ca39bc64d2a26
2995,/app/Repos/pandas/pandas/tests/plotting/test_frame.py,1403,1441,/app/Repos/pandas/pandas/tests/plotting/test_frame.py,1441,1469,True,9f4bfefe3b0bb7c9dad916261463525e
2996,/app/Repos/pandas/pandas/tests/frame/test_to_csv.py,258,412,/app/Repos/pandas/pandas/tests/frame/test_to_csv.py,261,350,True,c73c31cd4122fd21cde624302752025c
2997,/app/Repos/pandas/pandas/tests/test_resample.py,796,802,/app/Repos/pandas/pandas/tests/test_resample.py,808,850,True,c7a08b57b6f3b621ede881f21cf2fd88
2998,/app/Repos/pandas/pandas/tests/test_resample.py,372,476,/app/Repos/pandas/pandas/tests/test_resample.py,476,519,True,6201637b93c2d3dd3a9cdb2d86d63c63
2999,/app/Repos/pandas/pandas/tests/frame/test_operators.py,30,41,/app/Repos/pandas/pandas/tests/frame/test_operators.py,68,78,True,cf9560f4f53758a46bcd3d8c2d48712c
3000,/app/Repos/pandas/pandas/tests/test_resample.py,1801,1810,/app/Repos/pandas/pandas/tests/test_resample.py,1810,1820,True,22efa4bb0dd2fac94e39997e03683024
3001,/app/Repos/pandas/pandas/tests/test_resample.py,1067,1123,/app/Repos/pandas/pandas/tests/test_resample.py,1231,1246,True,61381e4a9e42c64f75174fe926bad0a0
3002,/app/Repos/pandas/pandas/tests/test_resample.py,796,802,/app/Repos/pandas/pandas/tests/test_resample.py,1231,1246,True,e86808ef8504065c37e90476844bdf19
3003,/app/Repos/pandas/pandas/tests/plotting/test_datetimelike.py,552,613,/app/Repos/pandas/pandas/tests/plotting/test_datetimelike.py,613,638,True,e531e1b8a2533df2912a573f3f0aa16d
3004,/app/Repos/pandas/pandas/tests/test_resample.py,796,802,/app/Repos/pandas/pandas/tests/test_resample.py,1170,1196,True,8b6f86e68cd79730c58684dfdc935b4d
3005,/app/Repos/pandas/pandas/tests/test_resample.py,802,808,/app/Repos/pandas/pandas/tests/test_resample.py,2229,2237,True,474410fa9dbbe0683500e5569324ed6a
3006,/app/Repos/pandas/pandas/tests/plotting/test_datetimelike.py,827,853,/app/Repos/pandas/pandas/tests/plotting/test_datetimelike.py,1157,1173,True,d4e11ad940326b3f805cf9692041af30
3007,/app/Repos/pandas/pandas/tests/frame/test_to_csv.py,412,428,/app/Repos/pandas/pandas/tests/frame/test_to_csv.py,428,443,True,7afb1614d09fa11f9a9c0fdbfa25fc1d
3008,/app/Repos/pandas/pandas/tests/test_resample.py,1272,1280,/app/Repos/pandas/pandas/tests/test_resample.py,2363,2372,True,74bd0f1974b51db6975d380f564f8d90
3009,/app/Repos/pandas/pandas/tests/test_resample.py,1432,1444,/app/Repos/pandas/pandas/tests/test_resample.py,1444,1452,True,0a7beca9a5aa9b359bd3aba792024dc0
3010,/app/Repos/pandas/pandas/tests/test_resample.py,1280,1288,/app/Repos/pandas/pandas/tests/test_resample.py,2363,2372,True,5232d1dddfde38bc3ce2156ef9011478
3011,/app/Repos/pandas/pandas/tests/plotting/test_datetimelike.py,909,930,/app/Repos/pandas/pandas/tests/plotting/test_datetimelike.py,1157,1173,True,86b996f744941d3d09e4a0fbcd862827
3012,/app/Repos/pandas/pandas/tests/plotting/test_datetimelike.py,930,966,/app/Repos/pandas/pandas/tests/plotting/test_datetimelike.py,1157,1173,True,a62f344c0cc27d361b04b1d595784965
3013,/app/Repos/pandas/pandas/tests/plotting/test_datetimelike.py,966,1040,/app/Repos/pandas/pandas/tests/plotting/test_datetimelike.py,1157,1173,True,59b808f6b98319f1116d935151ead9cf
3014,/app/Repos/pandas/pandas/tests/plotting/test_datetimelike.py,1040,1064,/app/Repos/pandas/pandas/tests/plotting/test_datetimelike.py,1157,1173,True,bc2488c29bbd12375f6f22067f6c1ddc
3015,/app/Repos/pandas/pandas/tests/plotting/test_datetimelike.py,802,813,/app/Repos/pandas/pandas/tests/plotting/test_datetimelike.py,1157,1173,True,fa8f38304e21ff105e3681508e62bd19
3016,/app/Repos/pandas/pandas/tests/plotting/test_datetimelike.py,307,315,/app/Repos/pandas/pandas/tests/plotting/test_datetimelike.py,315,328,True,bcfa5dc07a3f6454a907b28c0c8547f1
3017,/app/Repos/pandas/pandas/tests/test_resample.py,623,632,/app/Repos/pandas/pandas/tests/test_resample.py,2237,2255,True,7ea8f07c507a59c23af950a9a0112773
3018,/app/Repos/pandas/pandas/tests/plotting/test_datetimelike.py,1318,1335,/app/Repos/pandas/pandas/tests/plotting/test_datetimelike.py,1352,1368,True,964e9f0442f6931dc48c8c7b38e6a4e9
3019,/app/Repos/pandas/pandas/tests/plotting/test_datetimelike.py,1335,1352,/app/Repos/pandas/pandas/tests/plotting/test_datetimelike.py,1352,1368,True,b3fd4f64d3edaac1c51520c5e9924728
3020,/app/Repos/pandas/pandas/tests/test_resample.py,2389,2400,/app/Repos/pandas/pandas/tests/test_resample.py,2534,2545,True,51494c13ee74271b8f26883f8fdab6b7
3021,/app/Repos/pandas/pandas/tests/plotting/test_datetimelike.py,402,432,/app/Repos/pandas/pandas/tests/plotting/test_datetimelike.py,462,492,True,c11023c28c3036a7531fa03df583e2c9
3022,/app/Repos/pandas/pandas/tests/plotting/test_datetimelike.py,432,462,/app/Repos/pandas/pandas/tests/plotting/test_datetimelike.py,462,492,True,eb1691070b20f1229e6bdd6109fdb7a4
3023,/app/Repos/pandas/pandas/tests/test_resample.py,2400,2409,/app/Repos/pandas/pandas/tests/test_resample.py,2534,2545,True,83e22af9f68f89ce03fd6ea11a5217ab
3024,/app/Repos/pandas/pandas/tests/plotting/test_datetimelike.py,462,492,/app/Repos/pandas/pandas/tests/plotting/test_datetimelike.py,492,502,True,cef6915ce20346e095826fb61fbcebc8
3025,/app/Repos/pandas/pandas/tests/test_resample.py,2581,2591,/app/Repos/pandas/pandas/tests/test_resample.py,2591,2596,True,93ea5fdeb2bcd117ce44267e1ad0c6dc
3026,/app/Repos/pandas/pandas/tests/plotting/test_datetimelike.py,638,668,/app/Repos/pandas/pandas/tests/plotting/test_datetimelike.py,668,695,True,9e0a086a4d59c220d9fb1ad6e8ac8cc7
3027,/app/Repos/pandas/pandas/tests/frame/test_to_csv.py,443,455,/app/Repos/pandas/pandas/tests/frame/test_to_csv.py,481,643,True,6492677904af47980896bf7143f3e4e4
3028,/app/Repos/pandas/pandas/tests/plotting/test_datetimelike.py,756,770,/app/Repos/pandas/pandas/tests/plotting/test_datetimelike.py,787,802,True,5c0a690ab789a1c92c9d8399cc1e2a72
3029,/app/Repos/pandas/pandas/tests/plotting/test_datetimelike.py,638,668,/app/Repos/pandas/pandas/tests/plotting/test_datetimelike.py,695,708,True,4ff7361f2ee9a274170fbc702421cbfb
3030,/app/Repos/pandas/pandas/tests/test_resample.py,3091,3131,/app/Repos/pandas/pandas/tests/test_resample.py,3131,3151,True,424797cb48fddb4fa597e6dc47f2ecff
3031,/app/Repos/pandas/pandas/tests/plotting/test_datetimelike.py,668,695,/app/Repos/pandas/pandas/tests/plotting/test_datetimelike.py,695,708,True,c4d181a90d0b0d91337574e3c8221627
3032,/app/Repos/pandas/pandas/tests/plotting/test_frame.py,2406,2477,/app/Repos/pandas/pandas/tests/plotting/test_frame.py,2477,2487,True,1f43a3809fe4a4c65524fa5b5abe6d31
3033,/app/Repos/pandas/pandas/tests/plotting/test_frame.py,2615,2667,/app/Repos/pandas/pandas/tests/plotting/test_frame.py,2629,2642,True,f292e8d9f73870269fedaf6d92f7119c
3034,/app/Repos/pandas/pandas/tests/plotting/test_datetimelike.py,909,930,/app/Repos/pandas/pandas/tests/plotting/test_datetimelike.py,930,966,True,bc6d0211b093325e5c8de3931fa4fd79
3035,/app/Repos/pandas/pandas/tests/test_resample.py,2451,2474,/app/Repos/pandas/pandas/tests/test_resample.py,2486,2510,True,3019868d7b3392f8fd1e6386034dd25d
3036,/app/Repos/pandas/pandas/tests/plotting/test_datetimelike.py,802,813,/app/Repos/pandas/pandas/tests/plotting/test_datetimelike.py,930,966,True,e0e06d3b369555b68aef26aa2c10cb34
3037,/app/Repos/pandas/pandas/tests/plotting/test_datetimelike.py,103,112,/app/Repos/pandas/pandas/tests/plotting/test_datetimelike.py,930,966,True,3e14c5b796f51e3b4a9a7865f0baa7ca
3038,/app/Repos/pandas/pandas/tests/frame/test_sorting.py,382,412,/app/Repos/pandas/pandas/tests/frame/test_sorting.py,520,545,True,f0276e034edb0ff8a33a882bbb4f3675
3039,/app/Repos/pandas/pandas/tests/plotting/test_datetimelike.py,103,112,/app/Repos/pandas/pandas/tests/plotting/test_datetimelike.py,112,141,True,b575f2b9ef71d9a91f349be01657c6e0
3040,/app/Repos/pandas/pandas/tests/plotting/test_frame.py,2795,2918,/app/Repos/pandas/pandas/tests/plotting/test_frame.py,2879,2888,True,71a2c2cb0dba9f320c9ce769c3df0774
3041,/app/Repos/pandas/pandas/tests/plotting/test_datetimelike.py,315,328,/app/Repos/pandas/pandas/tests/plotting/test_datetimelike.py,338,345,True,f0bf5c87a1ef36c9951a2ea7afca4271
3042,/app/Repos/pandas/pandas/tests/plotting/test_frame.py,2814,2821,/app/Repos/pandas/pandas/tests/plotting/test_frame.py,2879,2888,True,7ba00e3f07f639940c4870576d107b47
3043,/app/Repos/pandas/pandas/tests/plotting/test_frame.py,2807,2814,/app/Repos/pandas/pandas/tests/plotting/test_frame.py,2879,2888,True,6408978010b5c871a2ebe11c6d4ad3c4
3044,/app/Repos/pandas/pandas/tests/plotting/test_converter.py,221,239,/app/Repos/pandas/pandas/tests/plotting/test_datetimelike.py,1385,1394,True,e42ebc4aa8e4a8d8923baf51ebda97e3
3045,/app/Repos/pandas/pandas/tests/plotting/test_datetimelike.py,802,813,/app/Repos/pandas/pandas/tests/plotting/test_datetimelike.py,966,1040,True,7591e2fadd50af52be26077ee546be1a
3046,/app/Repos/pandas/pandas/tests/plotting/test_datetimelike.py,492,502,/app/Repos/pandas/pandas/tests/plotting/test_datetimelike.py,502,524,True,337d1171714d5eca8abbfef9d9d0cb90
3047,/app/Repos/pandas/pandas/tests/test_resample.py,1666,1675,/app/Repos/pandas/pandas/tests/test_resample.py,2596,2607,True,9af827198a4e70256257c4632ec62892
3048,/app/Repos/pandas/pandas/tests/plotting/test_datetimelike.py,638,668,/app/Repos/pandas/pandas/tests/plotting/test_datetimelike.py,708,716,True,a311051a1c2f653bdb63e8dcece333a3
3049,/app/Repos/pandas/pandas/tests/plotting/test_datetimelike.py,695,708,/app/Repos/pandas/pandas/tests/plotting/test_datetimelike.py,708,716,True,9ecabc4b5180a66dd23fd992c3ad5d42
3050,/app/Repos/pandas/pandas/tests/plotting/test_converter.py,34,49,/app/Repos/pandas/pandas/tests/plotting/test_converter.py,83,108,True,9e9a81a46e9252a977414f4a3721bdb6
3051,/app/Repos/pandas/pandas/tests/plotting/test_converter.py,49,62,/app/Repos/pandas/pandas/tests/plotting/test_converter.py,83,108,True,5acc19d4424c5acee2ddf8b77bfa17ac
3052,/app/Repos/pandas/pandas/tests/plotting/test_converter.py,62,72,/app/Repos/pandas/pandas/tests/plotting/test_converter.py,83,108,True,6878f6ab064aa1ce18a90ed8fb832514
3053,/app/Repos/pandas/pandas/tests/plotting/test_datetimelike.py,827,853,/app/Repos/pandas/pandas/tests/plotting/test_datetimelike.py,1040,1064,True,a0431970207bdb3b46b67635ecb59a65
3054,/app/Repos/pandas/pandas/tests/arrays/sparse/test_libsparse.py,242,262,/app/Repos/pandas/pandas/tests/arrays/sparse/test_libsparse.py,262,297,True,6727d32e52d4ca8b5cc2b911d3bd9847
3055,/app/Repos/pandas/pandas/tests/plotting/test_datetimelike.py,909,930,/app/Repos/pandas/pandas/tests/plotting/test_datetimelike.py,1040,1064,True,97cf9053bd522b7578ada614b5094ef3
3056,/app/Repos/pandas/pandas/tests/plotting/test_datetimelike.py,930,966,/app/Repos/pandas/pandas/tests/plotting/test_datetimelike.py,1040,1064,True,063e6626311ccf582a1523294305427b
3057,/app/Repos/pandas/pandas/tests/plotting/test_datetimelike.py,802,813,/app/Repos/pandas/pandas/tests/plotting/test_datetimelike.py,1040,1064,True,5c7a0fbf94477a3e2061189816671bc2
3058,/app/Repos/pandas/pandas/tests/io/json/test_normalize.py,276,287,/app/Repos/pandas/pandas/tests/io/json/test_normalize.py,287,303,True,2286c0868145970ee2f00a69e8d68a21
3059,/app/Repos/pandas/pandas/tests/plotting/test_datetimelike.py,1394,1415,/app/Repos/pandas/pandas/tests/plotting/test_datetimelike.py,1415,1446,True,6880f87a924fbda5b2f3646fdb7a3c8a
3060,/app/Repos/pandas/pandas/tests/frame/test_repr_info.py,265,280,/app/Repos/pandas/pandas/tests/frame/test_repr_info.py,314,396,True,c45e270c449ee370b3691c7f323caeb2
3061,/app/Repos/pandas/pandas/tests/groupby/test_groupby.py,542,602,/app/Repos/pandas/pandas/tests/groupby/test_groupby.py,659,669,True,c393a5d4c80cea762b4e9f5d72cdba82
3062,/app/Repos/pandas/pandas/tests/groupby/test_groupby.py,602,627,/app/Repos/pandas/pandas/tests/groupby/test_groupby.py,659,669,True,cbec6d869264d8994554405c06889c37
3063,/app/Repos/pandas/pandas/tests/arrays/sparse/test_libsparse.py,560,599,/app/Repos/pandas/pandas/tests/arrays/sparse/test_libsparse.py,561,597,True,ad5b55a935822bcd71eba75251a493d4
3064,/app/Repos/pandas/pandas/tests/groupby/test_groupby.py,1438,1472,/app/Repos/pandas/pandas/tests/groupby/test_groupby.py,1450,1459,True,f1af0f7c03af379659177d80d65b29f9
3065,/app/Repos/pandas/pandas/tests/groupby/test_groupby.py,1445,1461,/app/Repos/pandas/pandas/tests/groupby/test_groupby.py,1450,1459,True,2e5661efbfbf38f7491d471b24f6d48b
3066,/app/Repos/pandas/pandas/tests/frame/test_arithmetic.py,146,256,/app/Repos/pandas/pandas/tests/frame/test_arithmetic.py,154,161,True,bce4aa47fd2369d195a72e00f9fcb960
3067,/app/Repos/pandas/pandas/tests/arrays/categorical/test_repr.py,302,335,/app/Repos/pandas/pandas/tests/arrays/categorical/test_repr.py,335,368,True,0b63f88640a95c258d6ba34b213a68aa
3068,/app/Repos/pandas/pandas/tests/arrays/categorical/test_repr.py,150,210,/app/Repos/pandas/pandas/tests/arrays/categorical/test_repr.py,335,368,True,af5b516ff8e5513d248ca7d77d3dc834
3069,/app/Repos/pandas/pandas/tests/test_nanops.py,448,457,/app/Repos/pandas/pandas/tests/test_nanops.py,457,467,True,62fa4d9c67e891154fcd9c7faf1f891b
3070,/app/Repos/pandas/pandas/tests/arrays/categorical/test_repr.py,210,244,/app/Repos/pandas/pandas/tests/arrays/categorical/test_repr.py,335,368,True,e34ce4ad51d97da280aa3c367b22a95a
3071,/app/Repos/pandas/pandas/tests/arrays/categorical/test_repr.py,244,273,/app/Repos/pandas/pandas/tests/arrays/categorical/test_repr.py,335,368,True,89d847a0f8bed85fab04eb1bd72e2d99
3072,/app/Repos/pandas/pandas/tests/test_nanops.py,535,546,/app/Repos/pandas/pandas/tests/test_nanops.py,546,558,True,792fb3aa79d7dd860e7c0efd2fd4db1f
3073,/app/Repos/pandas/pandas/tests/arrays/categorical/test_repr.py,273,302,/app/Repos/pandas/pandas/tests/arrays/categorical/test_repr.py,335,368,True,c20c88c6a8dda7e2106efad6551a27d0
3074,/app/Repos/pandas/pandas/tests/arrays/sparse/test_libsparse.py,242,262,/app/Repos/pandas/pandas/tests/arrays/sparse/test_libsparse.py,513,533,True,5ad63e5af5b92a116416936bd6d4dede
3075,/app/Repos/pandas/pandas/tests/arrays/categorical/test_repr.py,335,368,/app/Repos/pandas/pandas/tests/arrays/categorical/test_repr.py,505,520,True,4c71b80f35eb6f660c52e4abc40f3854
3076,/app/Repos/pandas/pandas/tests/arrays/categorical/test_repr.py,489,505,/app/Repos/pandas/pandas/tests/arrays/categorical/test_repr.py,505,520,True,0d65626a0d0e5e885cecc923e39b7946
3077,/app/Repos/pandas/pandas/tests/arrays/categorical/test_repr.py,406,436,/app/Repos/pandas/pandas/tests/arrays/categorical/test_repr.py,505,520,True,2735370175f49c4489415171600f90a3
3078,/app/Repos/pandas/pandas/tests/frame/test_repr_info.py,396,409,/app/Repos/pandas/pandas/tests/frame/test_repr_info.py,409,422,True,a9d630e950736655af21cd5ef2aa3d4e
3079,/app/Repos/pandas/pandas/tests/arrays/sparse/test_libsparse.py,262,297,/app/Repos/pandas/pandas/tests/arrays/sparse/test_libsparse.py,513,533,True,f9ef309a550c28ef2ac8279ee8fd2e49
3080,/app/Repos/pandas/pandas/tests/arrays/categorical/test_repr.py,475,489,/app/Repos/pandas/pandas/tests/arrays/categorical/test_repr.py,505,520,True,7d58066f608f7824669bc0757ebc8943
3081,/app/Repos/pandas/pandas/tests/arrays/sparse/test_libsparse.py,242,262,/app/Repos/pandas/pandas/tests/arrays/sparse/test_libsparse.py,330,366,True,b960f287ee16f82b9ddbd59307f0f872
3082,/app/Repos/pandas/pandas/tests/arrays/categorical/test_analytics.py,294,301,/app/Repos/pandas/pandas/tests/arrays/categorical/test_analytics.py,301,309,True,d0a397b48f687eaeeff2bd89a1e1c12c
3083,/app/Repos/pandas/pandas/tests/arrays/sparse/test_libsparse.py,390,424,/app/Repos/pandas/pandas/tests/arrays/sparse/test_libsparse.py,513,533,True,c044e704dd12cdcf425c7aff01aef3ab
3084,/app/Repos/pandas/pandas/tests/test_nanops.py,931,937,/app/Repos/pandas/pandas/tests/test_nanops.py,981,987,True,274f0b611ef0b7396694f60310a66843
3085,/app/Repos/pandas/pandas/tests/test_resample.py,61,69,/app/Repos/pandas/pandas/tests/test_resample.py,796,802,True,94ddfe6ff97935a067d78d07795b901a
3086,/app/Repos/pandas/pandas/tests/arrays/sparse/test_libsparse.py,330,366,/app/Repos/pandas/pandas/tests/arrays/sparse/test_libsparse.py,513,533,True,a5f49b9cdf0eb22567e8ba0ef06c9fb0
3087,/app/Repos/pandas/pandas/tests/arrays/categorical/test_sorting.py,11,22,/app/Repos/pandas/pandas/tests/arrays/categorical/test_sorting.py,22,40,True,662831e6fc283f8fc040f343624b7dce
3088,/app/Repos/pandas/pandas/tests/plotting/test_frame.py,956,972,/app/Repos/pandas/pandas/tests/plotting/test_frame.py,1357,1382,True,4d371f5ee1b3c71a86dd9b73e896abf4
3089,/app/Repos/pandas/pandas/tests/arrays/categorical/test_repr.py,150,210,/app/Repos/pandas/pandas/tests/arrays/categorical/test_repr.py,386,406,True,d2413940e1916f4cac1d367da98fc196
3090,/app/Repos/pandas/pandas/tests/arrays/categorical/test_repr.py,96,123,/app/Repos/pandas/pandas/tests/arrays/categorical/test_repr.py,123,150,True,e8903db246a6d87dd34042abf8c4c2be
3091,/app/Repos/pandas/pandas/tests/arrays/sparse/test_libsparse.py,192,217,/app/Repos/pandas/pandas/tests/arrays/sparse/test_libsparse.py,201,215,True,cf123ca8f180ce3508b5884c731121aa
3092,/app/Repos/pandas/pandas/tests/arrays/categorical/test_repr.py,210,244,/app/Repos/pandas/pandas/tests/arrays/categorical/test_repr.py,386,406,True,259cd8ff6d285267da6f3198d57d1e6d
3093,/app/Repos/pandas/pandas/tests/arrays/categorical/test_repr.py,368,377,/app/Repos/pandas/pandas/tests/arrays/categorical/test_repr.py,377,386,True,b0ae42ff00a7dec081bef9d0b0093fb1
3094,/app/Repos/pandas/pandas/tests/arrays/sparse/test_libsparse.py,366,388,/app/Repos/pandas/pandas/tests/arrays/sparse/test_libsparse.py,367,379,True,9742f49085046157e258fc595590a422
3095,/app/Repos/pandas/pandas/tests/arrays/sparse/test_libsparse.py,434,440,/app/Repos/pandas/pandas/tests/arrays/sparse/test_libsparse.py,533,538,True,238172da8e19a222f1981cbd463524cc
3096,/app/Repos/pandas/pandas/tests/plotting/test_frame.py,1322,1331,/app/Repos/pandas/pandas/tests/plotting/test_frame.py,1357,1382,True,571c46b8a3ec40b273362678fda33855
3097,/app/Repos/pandas/pandas/tests/frame/test_arithmetic.py,452,472,/app/Repos/pandas/pandas/tests/frame/test_arithmetic.py,472,492,True,86c260b8d657cc6d21dded2408ecb8ae
3098,/app/Repos/pandas/pandas/tests/frame/test_arithmetic.py,585,616,/app/Repos/pandas/pandas/tests/frame/test_arithmetic.py,588,597,True,fd284b41d7cced49d92ddc6cae104144
3099,/app/Repos/pandas/pandas/tests/plotting/test_frame.py,1331,1339,/app/Repos/pandas/pandas/tests/plotting/test_frame.py,1357,1382,True,83fff63519f941e2b90a5a8e67294147
3100,/app/Repos/pandas/pandas/tests/arithmetic/test_period.py,32,72,/app/Repos/pandas/pandas/tests/arithmetic/test_period.py,72,110,True,9e4d8cf3cc5f26ac1d118398910e2e86
3101,/app/Repos/pandas/pandas/tests/frame/test_arithmetic.py,110,126,/app/Repos/pandas/pandas/tests/frame/test_arithmetic.py,110,126,True,433f84634ec07e777f9e7d68ae4ea6dc
3102,/app/Repos/pandas/pandas/tests/plotting/test_frame.py,1339,1347,/app/Repos/pandas/pandas/tests/plotting/test_frame.py,1357,1382,True,5c3272d3187c45b6d027a1e5194947cb
3103,/app/Repos/pandas/pandas/tests/frame/test_to_csv.py,181,226,/app/Repos/pandas/pandas/tests/frame/test_to_csv.py,184,214,True,a13bfb249cc45004846459985ee7f167
3104,/app/Repos/pandas/pandas/tests/plotting/test_frame.py,1347,1357,/app/Repos/pandas/pandas/tests/plotting/test_frame.py,1357,1382,True,46120d349d80eb14ad0b8f456854c943
3105,/app/Repos/pandas/pandas/tests/groupby/test_transform.py,71,115,/app/Repos/pandas/pandas/tests/groupby/test_transform.py,337,348,True,a7a84fc0616b859a2ddfc99ef1926824
3106,/app/Repos/pandas/pandas/tests/arrays/categorical/test_repr.py,150,210,/app/Repos/pandas/pandas/tests/arrays/categorical/test_repr.py,210,244,True,5647a9fe7cd13a182566f6972f31483a
3107,/app/Repos/pandas/pandas/tests/plotting/test_frame.py,1506,1528,/app/Repos/pandas/pandas/tests/plotting/test_frame.py,1528,1537,True,bb1f841163e7a21e67b1fb4c58b49ba8
3108,/app/Repos/pandas/pandas/tests/arithmetic/test_period.py,691,704,/app/Repos/pandas/pandas/tests/arithmetic/test_period.py,716,727,True,2edeb498f5eb3adbf53ddfb76256e024
3109,/app/Repos/pandas/pandas/tests/arrays/categorical/test_repr.py,210,244,/app/Repos/pandas/pandas/tests/arrays/categorical/test_repr.py,406,436,True,2a95286cf7cc1dc45c7ee8c409cb9581
3110,/app/Repos/pandas/pandas/tests/arrays/categorical/test_repr.py,386,406,/app/Repos/pandas/pandas/tests/arrays/categorical/test_repr.py,406,436,True,1431ea1353e5391f80b2f4b46ca7e1c7
3111,/app/Repos/pandas/pandas/tests/groupby/test_function.py,484,502,/app/Repos/pandas/pandas/tests/groupby/test_function.py,502,520,True,79c192fb73ce166d3f956667170e36bf
3112,/app/Repos/pandas/pandas/tests/arrays/categorical/test_repr.py,377,386,/app/Repos/pandas/pandas/tests/arrays/categorical/test_repr.py,406,436,True,835031e5d1f461896a71fe4f1b82cb1b
3113,/app/Repos/pandas/pandas/tests/frame/test_arithmetic.py,326,347,/app/Repos/pandas/pandas/tests/frame/test_arithmetic.py,331,337,True,bf90d00ceab2159dc94e5fbcb743c245
3114,/app/Repos/pandas/pandas/tests/groupby/test_transform.py,526,551,/app/Repos/pandas/pandas/tests/groupby/test_transform.py,577,651,True,47ed1214a05753406282ef8fe8171e3d
3115,/app/Repos/pandas/pandas/tests/frame/test_arithmetic.py,452,472,/app/Repos/pandas/pandas/tests/frame/test_arithmetic.py,492,519,True,366d1a47e086d90008da1358935ce1fd
3116,/app/Repos/pandas/pandas/tests/groupby/test_function.py,632,665,/app/Repos/pandas/pandas/tests/groupby/test_function.py,665,696,True,6715fba40baf34468a3e22cbe487d7f8
3117,/app/Repos/pandas/pandas/tests/test_resample.py,891,933,/app/Repos/pandas/pandas/tests/test_resample.py,1413,1418,True,f7cd8377e67319dda8493c4dc5bda503
3118,/app/Repos/pandas/pandas/tests/test_resample.py,902,907,/app/Repos/pandas/pandas/tests/test_resample.py,1413,1418,True,c15a5916f749973e3278d1962b80006e
3119,/app/Repos/pandas/pandas/tests/test_resample.py,1412,1432,/app/Repos/pandas/pandas/tests/test_resample.py,1413,1418,True,05d84093f7f9e3627b77428bc42debe7
3120,/app/Repos/pandas/pandas/tests/plotting/test_frame.py,1528,1537,/app/Repos/pandas/pandas/tests/plotting/test_frame.py,2060,2119,True,3f041c7781c826b5b8de150e71e4bac1
3121,/app/Repos/pandas/pandas/tests/groupby/test_function.py,279,305,/app/Repos/pandas/pandas/tests/groupby/test_function.py,279,305,True,27b7908e104f2b311c52b2e026c586c3
3122,/app/Repos/pandas/pandas/tests/plotting/test_boxplot_method.py,169,179,/app/Repos/pandas/pandas/tests/plotting/test_boxplot_method.py,179,193,True,d885a1e5a0457cf55c9ba6f316f4cb65
3123,/app/Repos/pandas/pandas/tests/arithmetic/test_period.py,509,518,/app/Repos/pandas/pandas/tests/arithmetic/test_period.py,518,530,True,73c891d4c879a9ed347e35502213e918
3124,/app/Repos/pandas/pandas/tests/arithmetic/test_period.py,305,323,/app/Repos/pandas/pandas/tests/arithmetic/test_period.py,349,363,True,3f13339f362cf2104cf7383846df77cd
3125,/app/Repos/pandas/pandas/tests/arithmetic/test_period.py,617,643,/app/Repos/pandas/pandas/tests/arithmetic/test_period.py,643,667,True,4708cbe07dfbfc5bd6207f324ea43451
3126,/app/Repos/pandas/pandas/tests/sparse/frame/test_to_from_scipy.py,17,69,/app/Repos/pandas/pandas/tests/sparse/frame/test_to_from_scipy.py,69,120,True,80d732aab23fd3695cfb1ee5ebf6ee48
3127,/app/Repos/pandas/pandas/tests/plotting/test_frame.py,1881,1958,/app/Repos/pandas/pandas/tests/plotting/test_frame.py,2060,2119,True,6a93cb5c283a0189d941ba6ca0008581
3128,/app/Repos/pandas/pandas/tests/arithmetic/test_period.py,617,643,/app/Repos/pandas/pandas/tests/arithmetic/test_period.py,667,679,True,3ef3c6d7d026e1e434d481c7749fdaef
3129,/app/Repos/pandas/pandas/tests/arithmetic/test_period.py,538,556,/app/Repos/pandas/pandas/tests/arithmetic/test_period.py,739,749,True,3c262f4886c99e616520c22a77f86f1b
3130,/app/Repos/pandas/pandas/tests/arithmetic/test_period.py,691,704,/app/Repos/pandas/pandas/tests/arithmetic/test_period.py,749,764,True,acaac566b35cfe688df019f9565db6b5
3131,/app/Repos/pandas/pandas/tests/arithmetic/test_period.py,643,667,/app/Repos/pandas/pandas/tests/arithmetic/test_period.py,667,679,True,f5d1db61c7b4c91f85ad2e0c0349a70e
3132,/app/Repos/pandas/pandas/tests/arithmetic/test_period.py,716,727,/app/Repos/pandas/pandas/tests/arithmetic/test_period.py,749,764,True,a6f4c81024a47b2ec540c5dab6de20ff
3133,/app/Repos/pandas/pandas/tests/arithmetic/test_period.py,323,339,/app/Repos/pandas/pandas/tests/arithmetic/test_period.py,667,679,True,8dede7fdf7a8cb1094eef5579e2d42b8
3134,/app/Repos/pandas/pandas/tests/arithmetic/test_period.py,538,556,/app/Repos/pandas/pandas/tests/arithmetic/test_period.py,764,774,True,503fa9802ae24a929cbe942c90ea31d9
3135,/app/Repos/pandas/pandas/tests/arrays/test_period.py,163,173,/app/Repos/pandas/pandas/tests/arrays/test_period.py,173,179,True,0b6e78fce6877afadc97f984b27008fc
3136,/app/Repos/pandas/pandas/tests/dtypes/test_cast.py,147,153,/app/Repos/pandas/pandas/tests/dtypes/test_cast.py,165,171,True,5e0f10a860f377856dcb803390e043ff
3137,/app/Repos/pandas/pandas/tests/plotting/test_boxplot_method.py,92,118,/app/Repos/pandas/pandas/tests/plotting/test_boxplot_method.py,92,118,True,39097060d46e3c55590826522ef4d558
3138,/app/Repos/pandas/pandas/tests/dtypes/test_cast.py,62,70,/app/Repos/pandas/pandas/tests/dtypes/test_cast.py,70,78,True,15ddd4fcf4c3fd38b731025eeffb0ce8
3139,/app/Repos/pandas/pandas/tests/plotting/test_frame.py,2323,2335,/app/Repos/pandas/pandas/tests/plotting/test_frame.py,2342,2352,True,267aea75e95e901f153739c5e5faccfb
3140,/app/Repos/pandas/pandas/tests/arrays/categorical/test_constructors.py,498,506,/app/Repos/pandas/pandas/tests/arrays/categorical/test_constructors.py,506,514,True,c00233dc2589281311ef78d392f657cc
3141,/app/Repos/pandas/pandas/tests/plotting/test_frame.py,2335,2342,/app/Repos/pandas/pandas/tests/plotting/test_frame.py,2342,2352,True,99ac120fa5992e320e09323c7cbda593
3142,/app/Repos/pandas/pandas/tests/plotting/test_datetimelike.py,167,203,/app/Repos/pandas/pandas/tests/plotting/test_datetimelike.py,169,179,True,790787c42bfec0d9b12e1d6bdb25d29e
3143,/app/Repos/pandas/pandas/tests/tslibs/test_period_asfreq.py,48,56,/app/Repos/pandas/pandas/tests/tslibs/test_period_asfreq.py,56,64,True,03dd76f9ecc1fcc746dc8d27449ddd87
3144,/app/Repos/pandas/pandas/tests/plotting/test_boxplot_method.py,230,267,/app/Repos/pandas/pandas/tests/plotting/test_boxplot_method.py,230,267,True,38e6343fb718841ded58ab1b7b921deb
3145,/app/Repos/pandas/pandas/tests/io/test_excel.py,108,126,/app/Repos/pandas/pandas/tests/io/test_excel.py,126,145,True,14873da76ef7d308d24def785735da57
3146,/app/Repos/pandas/pandas/tests/frame/test_reshape.py,388,420,/app/Repos/pandas/pandas/tests/frame/test_reshape.py,420,451,True,43db91137227707ed5580c17730b4c5e
3147,/app/Repos/pandas/pandas/tests/plotting/test_boxplot_method.py,26,52,/app/Repos/pandas/pandas/tests/plotting/test_boxplot_method.py,146,152,True,ca98390b52ea47ae16bbf33882ab040e
3148,/app/Repos/pandas/pandas/tests/io/test_excel.py,108,126,/app/Repos/pandas/pandas/tests/io/test_excel.py,145,182,True,d310fd123e5fe0381ea2129105867add
3149,/app/Repos/pandas/pandas/tests/plotting/test_boxplot_method.py,92,118,/app/Repos/pandas/pandas/tests/plotting/test_boxplot_method.py,146,152,True,ac0ed3ad218c4b94503d0571bd724257
3150,/app/Repos/pandas/pandas/tests/io/test_excel.py,126,145,/app/Repos/pandas/pandas/tests/io/test_excel.py,145,182,True,d214b074ba07abc8751149741a319c7c
3151,/app/Repos/pandas/pandas/tests/frame/test_reshape.py,638,794,/app/Repos/pandas/pandas/tests/frame/test_reshape.py,642,651,True,73bec6910843ffbf0023230ab638230e
3152,/app/Repos/pandas/pandas/tests/plotting/test_datetimelike.py,402,432,/app/Repos/pandas/pandas/tests/plotting/test_datetimelike.py,432,462,True,6474985de432e1beed1bfa8b385fd7b0
3153,/app/Repos/pandas/pandas/tests/io/test_excel.py,225,236,/app/Repos/pandas/pandas/tests/io/test_excel.py,236,266,True,0309df09c31d853e3531c009c743facb
3154,/app/Repos/pandas/pandas/tests/arrays/categorical/test_constructors.py,378,387,/app/Repos/pandas/pandas/tests/arrays/categorical/test_constructors.py,387,396,True,a3217a348565bc76c2dbd4d4b32590a0
3155,/app/Repos/pandas/pandas/tests/io/test_excel.py,1744,1771,/app/Repos/pandas/pandas/tests/io/test_excel.py,1755,1763,True,2214afad038d6b0e52dc00bae0986c46
3156,/app/Repos/pandas/pandas/tests/io/test_excel.py,1694,1744,/app/Repos/pandas/pandas/tests/io/test_excel.py,1755,1763,True,f690eb3a8b897640882c6d34bb8e5e55
3157,/app/Repos/pandas/pandas/tests/io/test_excel.py,1702,1710,/app/Repos/pandas/pandas/tests/io/test_excel.py,1755,1763,True,28e901ada9450ee4fe4cd20fd0faebd8
3158,/app/Repos/pandas/pandas/tests/io/test_excel.py,108,126,/app/Repos/pandas/pandas/tests/io/test_excel.py,266,281,True,908bf82cf98e8c39a6e0307e4d344543
3159,/app/Repos/pandas/pandas/tests/io/test_excel.py,126,145,/app/Repos/pandas/pandas/tests/io/test_excel.py,266,281,True,d8acf2b3314613c6a2281e60a47ab99a
3160,/app/Repos/pandas/pandas/tests/plotting/test_datetimelike.py,734,756,/app/Repos/pandas/pandas/tests/plotting/test_datetimelike.py,770,787,True,86c489b173fe356b670817f963493e8a
3161,/app/Repos/pandas/pandas/tests/io/test_excel.py,145,182,/app/Repos/pandas/pandas/tests/io/test_excel.py,266,281,True,cec7182c27f7b94f60ad361155e3af5c
3162,/app/Repos/pandas/pandas/tests/io/test_excel.py,236,266,/app/Repos/pandas/pandas/tests/io/test_excel.py,266,281,True,abb06f92a766b3767df2a14a6b85520e
3163,/app/Repos/pandas/pandas/tests/arrays/categorical/test_constructors.py,301,310,/app/Repos/pandas/pandas/tests/arrays/categorical/test_constructors.py,310,318,True,84ce6dda34fb6becc2fff865f463c610
3164,/app/Repos/pandas/pandas/tests/arrays/categorical/test_constructors.py,378,387,/app/Repos/pandas/pandas/tests/arrays/categorical/test_constructors.py,396,409,True,06507dd8b9700e1c45a80fc5dfca55f6
3165,/app/Repos/pandas/pandas/tests/arrays/categorical/test_constructors.py,387,396,/app/Repos/pandas/pandas/tests/arrays/categorical/test_constructors.py,396,409,True,38988cd7496c1d4c684611592819d104
3166,/app/Repos/pandas/pandas/tests/frame/test_reshape.py,240,260,/app/Repos/pandas/pandas/tests/frame/test_reshape.py,260,280,True,e642c7abbe7c7ed141d4a4f743c53f40
3167,/app/Repos/pandas/pandas/tests/plotting/test_datetimelike.py,827,853,/app/Repos/pandas/pandas/tests/plotting/test_datetimelike.py,909,930,True,1c81e035e98b233c229770b32cddb2cd
3168,/app/Repos/pandas/pandas/tests/plotting/test_datetimelike.py,802,813,/app/Repos/pandas/pandas/tests/plotting/test_datetimelike.py,909,930,True,abbec030fa22bf1db0348ddb397466ad
3169,/app/Repos/pandas/pandas/tests/io/test_excel.py,1823,1840,/app/Repos/pandas/pandas/tests/io/test_excel.py,1840,1854,True,37643f051f10cdfa93095cff9834426e
3170,/app/Repos/pandas/pandas/tests/io/test_excel.py,403,416,/app/Repos/pandas/pandas/tests/io/test_excel.py,416,430,True,fbe734dbbcb86b4f7f9527bfa1334b5d
3171,/app/Repos/pandas/pandas/tests/plotting/test_datetimelike.py,103,112,/app/Repos/pandas/pandas/tests/plotting/test_datetimelike.py,909,930,True,b61d3298e46b7a534f1a295f817b1f08
3172,/app/Repos/pandas/pandas/tests/io/test_excel.py,1823,1840,/app/Repos/pandas/pandas/tests/io/test_excel.py,1854,1869,True,73ae74f0ba0060f5caa6445f3964d2fb
3173,/app/Repos/pandas/pandas/tests/io/test_excel.py,1840,1854,/app/Repos/pandas/pandas/tests/io/test_excel.py,1854,1869,True,02bfff304710c9f76b1b2c8fa6419036
3174,/app/Repos/pandas/pandas/tests/io/test_excel.py,449,478,/app/Repos/pandas/pandas/tests/io/test_excel.py,478,507,True,f2350eee330cb9c7c79069dd73459d5a
3175,/app/Repos/pandas/pandas/tests/arrays/categorical/test_constructors.py,310,318,/app/Repos/pandas/pandas/tests/arrays/categorical/test_constructors.py,318,326,True,bd2e3b448f73a5c4557e618b4e667398
3176,/app/Repos/pandas/pandas/tests/arrays/categorical/test_constructors.py,301,310,/app/Repos/pandas/pandas/tests/arrays/categorical/test_constructors.py,318,326,True,2ef65d8cd81b0a956967d0c67bc9ffa6
3177,/app/Repos/pandas/pandas/tests/test_strings.py,603,632,/app/Repos/pandas/pandas/tests/test_strings.py,843,874,True,3dc16f667a8b50a29a556824138840de
3178,/app/Repos/pandas/pandas/tests/plotting/test_datetimelike.py,1302,1318,/app/Repos/pandas/pandas/tests/plotting/test_datetimelike.py,1368,1385,True,edd17296671a21b7e59492ff3c01f191
3179,/app/Repos/pandas/pandas/tests/plotting/test_frame.py,2629,2642,/app/Repos/pandas/pandas/tests/plotting/test_frame.py,2750,2795,True,bf8d4e118a914797e449f781453e8af7
3180,/app/Repos/pandas/pandas/tests/plotting/test_frame.py,2681,2692,/app/Repos/pandas/pandas/tests/plotting/test_frame.py,2750,2795,True,db8c1ae423355ad7b032bacb10a5a591
3181,/app/Repos/pandas/pandas/tests/io/test_excel.py,659,673,/app/Repos/pandas/pandas/tests/io/test_excel.py,673,688,True,8e9b1004119e4965bd2f6da611ba514b
3182,/app/Repos/pandas/pandas/tests/io/test_excel.py,584,597,/app/Repos/pandas/pandas/tests/io/test_excel.py,688,698,True,b3c5706ae1ebdeeedaf49e5675e70e1c
3183,/app/Repos/pandas/pandas/tests/io/test_excel.py,1945,1953,/app/Repos/pandas/pandas/tests/io/test_excel.py,1953,1962,True,3409acbfbd0bd923b40588911c858e1a
3184,/app/Repos/pandas/pandas/tests/test_resample.py,721,758,/app/Repos/pandas/pandas/tests/test_resample.py,2852,2878,True,7ced5df68839285a9cc6f2ee6d4af4b9
3185,/app/Repos/pandas/pandas/tests/plotting/test_frame.py,2960,2967,/app/Repos/pandas/pandas/tests/plotting/test_frame.py,2967,2979,True,80302d0dc2c2770cb1172983ab9b2d2e
3186,/app/Repos/pandas/pandas/tests/io/test_excel.py,2084,2095,/app/Repos/pandas/pandas/tests/io/test_excel.py,2095,2104,True,9184c59161a8199750418f64b50862b7
3187,/app/Repos/pandas/pandas/tests/io/test_excel.py,2084,2095,/app/Repos/pandas/pandas/tests/io/test_excel.py,2104,2113,True,941d632f6717ada363bcd11947d7b250
3188,/app/Repos/pandas/pandas/tests/io/test_excel.py,2095,2104,/app/Repos/pandas/pandas/tests/io/test_excel.py,2104,2113,True,988faaec9e5b28320e9e1ccc14257423
3189,/app/Repos/pandas/pandas/tests/io/test_excel.py,2132,2140,/app/Repos/pandas/pandas/tests/io/test_excel.py,2190,2198,True,231c329769d254e614f0846fd17c6941
3190,/app/Repos/pandas/pandas/tests/plotting/test_frame.py,806,830,/app/Repos/pandas/pandas/tests/plotting/test_series.py,97,112,True,dcd33ede1b2b612272fbb1d04fffde02
3191,/app/Repos/pandas/pandas/tests/io/test_excel.py,758,815,/app/Repos/pandas/pandas/tests/io/test_excel.py,1003,1020,True,098978e3f689693cdfce1374f9092674
3192,/app/Repos/pandas/pandas/tests/io/test_excel.py,1003,1020,/app/Repos/pandas/pandas/tests/io/test_excel.py,1020,1030,True,22297db8640ef486dfe3fa8f9cde0ca2
3193,/app/Repos/pandas/pandas/tests/io/test_excel.py,2263,2416,/app/Repos/pandas/pandas/tests/io/test_excel.py,2273,2288,True,626a384f8a5b8395bfd33e73a26deec7
3194,/app/Repos/pandas/pandas/tests/io/test_excel.py,2263,2416,/app/Repos/pandas/pandas/tests/io/test_excel.py,2288,2297,True,6e78069bcafbe3dc0930e54826cd57b3
3195,/app/Repos/pandas/pandas/tests/io/test_excel.py,1020,1030,/app/Repos/pandas/pandas/tests/io/test_excel.py,1030,1040,True,a79192a01d03bf71199252681029413e
3196,/app/Repos/pandas/pandas/tests/plotting/test_frame.py,766,806,/app/Repos/pandas/pandas/tests/plotting/test_series.py,175,197,True,f4c394253db9e0b99ee4002d4e5c275d
3197,/app/Repos/pandas/pandas/tests/plotting/test_frame.py,883,897,/app/Repos/pandas/pandas/tests/plotting/test_series.py,250,260,True,fb0763c636b6bb5f0959e093fba1ef00
3198,/app/Repos/pandas/pandas/tests/test_resample.py,796,802,/app/Repos/pandas/pandas/tests/test_resample.py,1067,1123,True,cb7e3218aaf20e53bdab425bd9226963
3199,/app/Repos/pandas/pandas/tests/frame/test_operators.py,154,197,/app/Repos/pandas/pandas/tests/frame/test_operators.py,156,163,True,1c80f2da19860b9545863c145b3cd4c2
3200,/app/Repos/pandas/pandas/tests/test_strings.py,921,1073,/app/Repos/pandas/pandas/tests/test_strings.py,1041,1059,True,c8c58a77fa051a1d771e64750ea3d13c
3201,/app/Repos/pandas/pandas/tests/io/test_excel.py,1132,1179,/app/Repos/pandas/pandas/tests/io/test_excel.py,1179,1185,True,e6a0e09279acbabccc535c2a3d244da2
3202,/app/Repos/pandas/pandas/tests/indexing/test_chaining_and_caching.py,131,318,/app/Repos/pandas/pandas/tests/indexing/test_chaining_and_caching.py,200,210,True,2f92a8a203db9eeb3ca01dd0456ec8c0
3203,/app/Repos/pandas/pandas/tests/io/test_excel.py,1179,1185,/app/Repos/pandas/pandas/tests/io/test_excel.py,1185,1193,True,72e37216fa8304c8c020e9359a5490fb
3204,/app/Repos/pandas/pandas/tests/io/test_excel.py,1132,1179,/app/Repos/pandas/pandas/tests/io/test_excel.py,1193,1200,True,2276ea051cc931d544f484fc8d554277
3205,/app/Repos/pandas/pandas/tests/groupby/test_groupby.py,1438,1472,/app/Repos/pandas/pandas/tests/groupby/test_groupby.py,1445,1461,True,5732f02a61789059b9cbd6a0a35aefa3
3206,/app/Repos/pandas/pandas/tests/io/test_excel.py,1179,1185,/app/Repos/pandas/pandas/tests/io/test_excel.py,1200,1222,True,3a4113d14dbd2e45324fd312fd0cb8b7
3207,/app/Repos/pandas/pandas/tests/io/test_excel.py,1185,1193,/app/Repos/pandas/pandas/tests/io/test_excel.py,1200,1222,True,feefb0cd5fcd948c595d43e22c4136e1
3208,/app/Repos/pandas/pandas/tests/plotting/test_frame.py,1599,1688,/app/Repos/pandas/pandas/tests/plotting/test_series.py,349,356,True,1b1498371758fcf9fb6bf868ce2c2626
3209,/app/Repos/pandas/pandas/tests/test_nanops.py,535,546,/app/Repos/pandas/pandas/tests/test_nanops.py,558,570,True,5a715c6d2acd979a67526f8d64c89d0e
3210,/app/Repos/pandas/pandas/tests/io/test_excel.py,1200,1222,/app/Repos/pandas/pandas/tests/io/test_excel.py,1222,1232,True,fc249cb59887a407486a652967907daa
3211,/app/Repos/pandas/pandas/tests/test_nanops.py,546,558,/app/Repos/pandas/pandas/tests/test_nanops.py,558,570,True,a110b33ca1777807fb1053c6355f1c80
3212,/app/Repos/pandas/pandas/tests/io/test_excel.py,1179,1185,/app/Repos/pandas/pandas/tests/io/test_excel.py,1222,1232,True,a5eb2b7f30be0b9277b34a99dae4ec2e
3213,/app/Repos/pandas/pandas/tests/io/test_excel.py,1185,1193,/app/Repos/pandas/pandas/tests/io/test_excel.py,1222,1232,True,2af4d2051dd6faffc06ce7d04b75116a
3214,/app/Repos/pandas/pandas/tests/arrays/sparse/test_libsparse.py,46,159,/app/Repos/pandas/pandas/tests/arrays/sparse/test_libsparse.py,47,64,True,2ae569c7e8689c95cb3169ba1aec3e73
3215,/app/Repos/pandas/pandas/tests/plotting/test_frame.py,2750,2795,/app/Repos/pandas/pandas/tests/plotting/test_series.py,349,356,True,59a8fde01983d1aca7b1412bcb2db6ea
3216,/app/Repos/pandas/pandas/tests/io/test_excel.py,1200,1222,/app/Repos/pandas/pandas/tests/io/test_excel.py,1232,1241,True,01938d08acccd180d3b4532949b9ef3a
3217,/app/Repos/pandas/pandas/tests/io/test_excel.py,1222,1232,/app/Repos/pandas/pandas/tests/io/test_excel.py,1232,1241,True,269cb944c3a17cf0d3f7e59bdf120bef
3218,/app/Repos/pandas/pandas/tests/io/test_excel.py,1179,1185,/app/Repos/pandas/pandas/tests/io/test_excel.py,1232,1241,True,f8ea978ef3a2c5c0bd0bc7a41aed498c
3219,/app/Repos/pandas/pandas/tests/plotting/test_frame.py,2795,2918,/app/Repos/pandas/pandas/tests/plotting/test_series.py,349,356,True,07fe4cb2945e9825d00a03ff42936eed
3220,/app/Repos/pandas/pandas/tests/io/test_excel.py,1185,1193,/app/Repos/pandas/pandas/tests/io/test_excel.py,1232,1241,True,ea64e22499a7467bb05cca18559a5ab9
3221,/app/Repos/pandas/pandas/tests/test_nanops.py,804,815,/app/Repos/pandas/pandas/tests/test_nanops.py,815,827,True,d5b90e164746702cf64e597a33e6ed38
3222,/app/Repos/pandas/pandas/tests/plotting/test_datetimelike.py,275,295,/app/Repos/pandas/pandas/tests/plotting/test_series.py,349,356,True,abe9f034c480b6b808fa6750b19616d9
3223,/app/Repos/pandas/pandas/tests/io/test_excel.py,1200,1222,/app/Repos/pandas/pandas/tests/io/test_excel.py,1241,1248,True,ebe1828e465f352eaa38ffaa6a33be85
3224,/app/Repos/pandas/pandas/tests/io/test_excel.py,1222,1232,/app/Repos/pandas/pandas/tests/io/test_excel.py,1241,1248,True,3b6bda59f080bc94da04c7d402addc26
3225,/app/Repos/pandas/pandas/tests/io/test_excel.py,1232,1241,/app/Repos/pandas/pandas/tests/io/test_excel.py,1241,1248,True,f2ac5645633a586ca672fa4faddd6bcc
3226,/app/Repos/pandas/pandas/tests/io/test_excel.py,1179,1185,/app/Repos/pandas/pandas/tests/io/test_excel.py,1241,1248,True,f5dc1d685bab631edbc7a36fcad90b0c
3227,/app/Repos/pandas/pandas/tests/io/test_excel.py,1185,1193,/app/Repos/pandas/pandas/tests/io/test_excel.py,1241,1248,True,30b7428422ea0d57b03e1d8bcae7e53e
3228,/app/Repos/pandas/pandas/tests/arrays/categorical/test_algos.py,8,27,/app/Repos/pandas/pandas/tests/arrays/categorical/test_algos.py,27,37,True,ca7c74eab821d95a534a1a7a8daf4fe1
3229,/app/Repos/pandas/pandas/tests/arrays/categorical/test_algos.py,8,27,/app/Repos/pandas/pandas/tests/arrays/categorical/test_algos.py,37,52,True,d9c402681095dec44bfc8eccd8dceee8
3230,/app/Repos/pandas/pandas/tests/test_resample.py,796,802,/app/Repos/pandas/pandas/tests/test_resample.py,1379,1389,True,ed7ba8c166a186adfde48319e531668b
3231,/app/Repos/pandas/pandas/tests/arrays/categorical/test_algos.py,27,37,/app/Repos/pandas/pandas/tests/arrays/categorical/test_algos.py,37,52,True,fe2e2a5c7b8ee18a08cda4a996aa0f30
3232,/app/Repos/pandas/pandas/tests/io/test_excel.py,1132,1179,/app/Repos/pandas/pandas/tests/io/test_excel.py,1248,1270,True,3caf040b6b5e5a8dd29ac21891977ca0
3233,/app/Repos/pandas/pandas/tests/io/test_excel.py,1179,1185,/app/Repos/pandas/pandas/tests/io/test_excel.py,1248,1270,True,291abb6131f9b93d89fc7b1365fc9e9d
3234,/app/Repos/pandas/pandas/tests/io/test_excel.py,1193,1200,/app/Repos/pandas/pandas/tests/io/test_excel.py,1248,1270,True,8744509a1d1ee71475a01eea23ebf2c3
3235,/app/Repos/pandas/pandas/tests/arrays/categorical/test_algos.py,99,107,/app/Repos/pandas/pandas/tests/arrays/categorical/test_algos.py,107,115,True,0c1b9c04ee2e42e439d28343444790ba
3236,/app/Repos/pandas/pandas/tests/arrays/categorical/test_algos.py,99,107,/app/Repos/pandas/pandas/tests/arrays/categorical/test_algos.py,115,123,True,1edba9e284c1473e5aa13f644c5cc01a
3237,/app/Repos/pandas/pandas/tests/io/test_excel.py,1241,1248,/app/Repos/pandas/pandas/tests/io/test_excel.py,1248,1270,True,ce70153d5379359c7e8641f4dd1120f0
3238,/app/Repos/pandas/pandas/tests/plotting/test_frame.py,2119,2184,/app/Repos/pandas/pandas/tests/plotting/test_frame.py,2121,2137,True,74d1eeeb51add47703299005d6f21ebf
3239,/app/Repos/pandas/pandas/tests/io/test_excel.py,1185,1193,/app/Repos/pandas/pandas/tests/io/test_excel.py,1248,1270,True,31aad17e780a064376df83f8f5cd1038
3240,/app/Repos/pandas/pandas/tests/arrays/categorical/test_algos.py,115,123,/app/Repos/pandas/pandas/tests/arrays/categorical/test_algos.py,130,137,True,068e5076fb48c03ffaae7d5a63c2d3bd
3241,/app/Repos/pandas/pandas/tests/plotting/test_frame.py,2252,2263,/app/Repos/pandas/pandas/tests/plotting/test_frame.py,2273,2287,True,275a7a85347220bf781fff673ec8e480
3242,/app/Repos/pandas/pandas/tests/plotting/test_frame.py,2573,2615,/app/Repos/pandas/pandas/tests/plotting/test_frame.py,2590,2604,True,8bc5c6314307852af80bddf465cf2f03
3243,/app/Repos/pandas/pandas/tests/plotting/test_frame.py,2795,2918,/app/Repos/pandas/pandas/tests/plotting/test_frame.py,2807,2814,True,2604bb689bef5339828544f668c5b808
3244,/app/Repos/pandas/pandas/tests/plotting/test_frame.py,2487,2510,/app/Repos/pandas/pandas/tests/plotting/test_series.py,397,403,True,569a1355152ebb48da39464985c837e5
3245,/app/Repos/pandas/pandas/tests/io/test_excel.py,1132,1179,/app/Repos/pandas/pandas/tests/io/test_excel.py,1270,1287,True,68c621591118552a569fc1b69c4c3512
3246,/app/Repos/pandas/pandas/tests/plotting/test_frame.py,2750,2795,/app/Repos/pandas/pandas/tests/plotting/test_series.py,397,403,True,374895cb54c0d39254e1573ef48dedae
3247,/app/Repos/pandas/pandas/tests/io/test_excel.py,1193,1200,/app/Repos/pandas/pandas/tests/io/test_excel.py,1270,1287,True,c89d0e2e40a8fa228d141e76835a16f4
3248,/app/Repos/pandas/pandas/tests/frame/test_arithmetic.py,23,66,/app/Repos/pandas/pandas/tests/frame/test_arithmetic.py,25,53,True,d9b1deaab42fd0c4b9ca0598aa81aa33
3249,/app/Repos/pandas/pandas/tests/io/test_excel.py,1248,1270,/app/Repos/pandas/pandas/tests/io/test_excel.py,1270,1287,True,64a706560776e935904267f11b27e418
3250,/app/Repos/pandas/pandas/tests/plotting/test_frame.py,2795,2918,/app/Repos/pandas/pandas/tests/plotting/test_series.py,397,403,True,99d44633a2cdc095d572ed1be65f86b0
3251,/app/Repos/pandas/pandas/tests/io/parser/test_textreader.py,61,76,/app/Repos/pandas/pandas/tests/io/parser/test_textreader.py,84,96,True,c71d817226735bf2609d0121adbee858
3252,/app/Repos/pandas/pandas/tests/test_strings.py,112,155,/app/Repos/pandas/pandas/tests/test_strings.py,155,165,True,ad2c80f930e1c42ded2177a094440271
3253,/app/Repos/pandas/pandas/tests/plotting/test_converter.py,34,49,/app/Repos/pandas/pandas/tests/plotting/test_converter.py,62,72,True,6eb11a13672d41f5635683ed74d60f5e
3254,/app/Repos/pandas/pandas/tests/plotting/test_converter.py,49,62,/app/Repos/pandas/pandas/tests/plotting/test_converter.py,62,72,True,ae6828a0befaacd4c644325d7a0e4e5a
3255,/app/Repos/pandas/pandas/tests/frame/test_arithmetic.py,146,256,/app/Repos/pandas/pandas/tests/frame/test_arithmetic.py,180,212,True,4e1cff5e3282539f9b08c12d45b8ad33
3256,/app/Repos/pandas/pandas/tests/indexing/test_chaining_and_caching.py,131,318,/app/Repos/pandas/pandas/tests/indexing/test_chaining_and_caching.py,340,349,True,80f51db7a8e0cec068a492a25dae188c
3257,/app/Repos/pandas/pandas/tests/plotting/test_frame.py,535,581,/app/Repos/pandas/pandas/tests/plotting/test_series.py,403,412,True,07da51fe2296b63f87ef716c17c1c964
3258,/app/Repos/pandas/pandas/tests/plotting/test_converter.py,154,206,/app/Repos/pandas/pandas/tests/plotting/test_converter.py,311,345,True,5275fe73f83f1f89328d39596d1bc00c
3259,/app/Repos/pandas/pandas/tests/test_resample.py,2389,2400,/app/Repos/pandas/pandas/tests/test_resample.py,2400,2409,True,8b6312aafd1b97dcc8080e9c438a6a52
3260,/app/Repos/pandas/pandas/tests/test_strings.py,155,165,/app/Repos/pandas/pandas/tests/test_strings.py,198,318,True,b3eeb6ee64c1afe170da802f1a568063
3261,/app/Repos/pandas/pandas/tests/test_resample.py,891,933,/app/Repos/pandas/pandas/tests/test_resample.py,902,907,True,2d1064655761b786dae73d4249b076eb
3262,/app/Repos/pandas/pandas/tests/io/test_excel.py,1179,1185,/app/Repos/pandas/pandas/tests/io/test_excel.py,1287,1343,True,1bbc5fd7a85a9989d082ba668ca97d23
3263,/app/Repos/pandas/pandas/tests/io/test_excel.py,1193,1200,/app/Repos/pandas/pandas/tests/io/test_excel.py,1287,1343,True,8024a8afa25df29edbb79d1097d53cee
3264,/app/Repos/pandas/pandas/tests/frame/test_to_csv.py,226,258,/app/Repos/pandas/pandas/tests/frame/test_to_csv.py,231,243,True,e88c75b38c0cb7af44d1c7481c133b71
3265,/app/Repos/pandas/pandas/tests/io/test_excel.py,1248,1270,/app/Repos/pandas/pandas/tests/io/test_excel.py,1287,1343,True,165b067ccb7c862dd124c17cd73d02b7
3266,/app/Repos/pandas/pandas/tests/io/test_excel.py,1270,1287,/app/Repos/pandas/pandas/tests/io/test_excel.py,1287,1343,True,a322d2f98ddbe6ea98bea9603813ccbe
3267,/app/Repos/pandas/pandas/tests/io/test_excel.py,1241,1248,/app/Repos/pandas/pandas/tests/io/test_excel.py,1287,1343,True,9f46d9825ada0a5bdc50e1d5a41b2a1b
3268,/app/Repos/pandas/pandas/tests/io/test_excel.py,1185,1193,/app/Repos/pandas/pandas/tests/io/test_excel.py,1287,1343,True,6cfd53f5ee0e9706746c349cfc9c8cc6
2367,/app/Repos/pandas/pandas/tests/groupby/aggregate/test_aggregate.py,19,26,/app/Repos/pandas/pandas/tests/groupby/aggregate/test_aggregate.py,19,26,False,4251ff65cdc7591723b2906650f9a328
2367,/app/Repos/pandas/pandas/tests/groupby/aggregate/test_aggregate.py,19,26,/app/Repos/pandas/pandas/tests/groupby/aggregate/test_aggregate.py,19,26,False,4251ff65cdc7591723b2906650f9a328
3269,/app/Repos/pandas/pandas/tests/io/test_excel.py,1179,1185,/app/Repos/pandas/pandas/tests/io/test_excel.py,1356,1367,True,364aa81d874e0f7e0789e785e5801114
3270,/app/Repos/pandas/pandas/tests/io/test_excel.py,1185,1193,/app/Repos/pandas/pandas/tests/io/test_excel.py,1356,1367,True,0a6890b9f9f4a1ec1f2e4e42b0bf5c8c
3271,/app/Repos/pandas/pandas/tests/test_strings.py,336,380,/app/Repos/pandas/pandas/tests/test_strings.py,386,400,True,acc75dc5a3cd624cf249a10bc66a4d94
3272,/app/Repos/pandas/pandas/tests/test_resample.py,1971,1998,/app/Repos/pandas/pandas/tests/test_resample.py,1998,2013,True,cf788dd4612afd7cf1c28d3ed027f967
3273,/app/Repos/pandas/pandas/tests/plotting/test_datetimelike.py,492,502,/app/Repos/pandas/pandas/tests/plotting/test_datetimelike.py,524,537,True,99d4231dbdb2453906571519bd0c28a4
3274,/app/Repos/pandas/pandas/tests/frame/test_to_csv.py,481,643,/app/Repos/pandas/pandas/tests/indexing/test_chaining_and_caching.py,422,432,True,a694dda0529844f6bdf1bb7ff4c7b08b
3275,/app/Repos/pandas/pandas/tests/plotting/test_datetimelike.py,802,813,/app/Repos/pandas/pandas/tests/plotting/test_datetimelike.py,827,853,True,b1ce455fdfff19792aff46df87a6e502
3276,/app/Repos/pandas/pandas/tests/groupby/test_grouping.py,26,37,/app/Repos/pandas/pandas/tests/groupby/test_grouping.py,26,37,True,2b0b62293b36e77e94d38906893affe3
3277,/app/Repos/pandas/pandas/tests/io/test_excel.py,1241,1248,/app/Repos/pandas/pandas/tests/io/test_excel.py,1403,1415,True,23ca5bff67a4157fff91496c598ce3cc
3278,/app/Repos/pandas/pandas/tests/arithmetic/test_period.py,458,485,/app/Repos/pandas/pandas/tests/arithmetic/test_period.py,485,509,True,9651637f3254d01dcafd177978924d5d
3279,/app/Repos/pandas/pandas/tests/io/test_excel.py,1179,1185,/app/Repos/pandas/pandas/tests/io/test_excel.py,1403,1415,True,43af3a4b1f08e72517be54882cfa17be
3280,/app/Repos/pandas/pandas/tests/io/test_excel.py,1185,1193,/app/Repos/pandas/pandas/tests/io/test_excel.py,1403,1415,True,82310f8395d1708fbdf0898c1267439c
3281,/app/Repos/pandas/pandas/tests/arithmetic/test_period.py,458,485,/app/Repos/pandas/pandas/tests/arithmetic/test_period.py,601,617,True,b9594a4968b9af2423952be26c2c966b
3282,/app/Repos/pandas/pandas/tests/io/test_excel.py,1241,1248,/app/Repos/pandas/pandas/tests/io/test_excel.py,1415,1429,True,07e7532ccac0de1d1ab640feab40c182
3283,/app/Repos/pandas/pandas/tests/io/test_excel.py,1403,1415,/app/Repos/pandas/pandas/tests/io/test_excel.py,1415,1429,True,bc3bf072ae7a70d8180518f1b03cdfbb
3284,/app/Repos/pandas/pandas/tests/test_strings.py,520,551,/app/Repos/pandas/pandas/tests/test_strings.py,551,581,True,bdeb33b18649fa83752bcf418066d76b
3285,/app/Repos/pandas/pandas/tests/arithmetic/test_period.py,591,601,/app/Repos/pandas/pandas/tests/arithmetic/test_period.py,601,617,True,4c7f42a867863023d181117221ba3f68
3286,/app/Repos/pandas/pandas/tests/io/test_excel.py,1179,1185,/app/Repos/pandas/pandas/tests/io/test_excel.py,1415,1429,True,5a8741a14d3025983dad2742fdfe5ab5
3287,/app/Repos/pandas/pandas/tests/io/test_excel.py,1185,1193,/app/Repos/pandas/pandas/tests/io/test_excel.py,1415,1429,True,3afc76e6453b068eec25fe1a0f71978b
3288,/app/Repos/pandas/pandas/tests/arithmetic/test_period.py,704,716,/app/Repos/pandas/pandas/tests/arithmetic/test_period.py,727,739,True,8a2053cbd2b5d411aa4c3c12754b7526
3289,/app/Repos/pandas/pandas/tests/io/test_excel.py,1241,1248,/app/Repos/pandas/pandas/tests/io/test_excel.py,1429,1444,True,4ac75c73d2df2152cbc091bea36de4a3
3290,/app/Repos/pandas/pandas/tests/io/test_excel.py,1403,1415,/app/Repos/pandas/pandas/tests/io/test_excel.py,1429,1444,True,ec8d014f310ff73f7c386e566b17f8c9
3291,/app/Repos/pandas/pandas/tests/arithmetic/test_period.py,667,679,/app/Repos/pandas/pandas/tests/arithmetic/test_period.py,727,739,True,99b5313fbd816f8e8cc8991d38037d36
3292,/app/Repos/pandas/pandas/tests/arithmetic/test_period.py,679,691,/app/Repos/pandas/pandas/tests/arithmetic/test_period.py,727,739,True,c905813081e4a4e54c9c95165c75aaad
3293,/app/Repos/pandas/pandas/tests/io/test_excel.py,1179,1185,/app/Repos/pandas/pandas/tests/io/test_excel.py,1429,1444,True,1a3bdaa0564e12c597e39785ffc243ca
3294,/app/Repos/pandas/pandas/tests/io/test_excel.py,1185,1193,/app/Repos/pandas/pandas/tests/io/test_excel.py,1429,1444,True,a304007f495cce78d67416fb3fc80992
3295,/app/Repos/pandas/pandas/tests/frame/test_sorting.py,109,203,/app/Repos/pandas/pandas/tests/frame/test_sorting.py,211,234,True,af10993e85be858bce657e61e588c205
3296,/app/Repos/pandas/pandas/tests/plotting/test_datetimelike.py,1078,1123,/app/Repos/pandas/pandas/tests/plotting/test_datetimelike.py,1123,1157,True,9116e2f7d14581ab98e4ba486d8f1778
3297,/app/Repos/pandas/pandas/tests/groupby/test_groupby.py,981,996,/app/Repos/pandas/pandas/tests/groupby/test_grouping.py,60,78,True,5cae8c88625fd677e74cc56d0e287489
3298,/app/Repos/pandas/pandas/tests/plotting/test_datetimelike.py,1318,1335,/app/Repos/pandas/pandas/tests/plotting/test_datetimelike.py,1335,1352,True,a80d4bfcc425635ce96ec7a4caf8d70f
3299,/app/Repos/pandas/pandas/tests/arithmetic/test_period.py,979,1003,/app/Repos/pandas/pandas/tests/arithmetic/test_period.py,1011,1028,True,e64177689b5fbfe4ed3853ff504bfcdd
3300,/app/Repos/pandas/pandas/tests/dtypes/test_cast.py,141,147,/app/Repos/pandas/pandas/tests/dtypes/test_cast.py,147,153,True,8ffbc8b833993a26992c78916be7261e
3301,/app/Repos/pandas/pandas/tests/test_strings.py,581,603,/app/Repos/pandas/pandas/tests/test_strings.py,632,651,True,42923147dd5e3b47d5b711809fabd1aa
3302,/app/Repos/pandas/pandas/tests/test_resample.py,3031,3045,/app/Repos/pandas/pandas/tests/test_resample.py,3091,3131,True,19ef5c5ab57f6dc1feb76f491d4ec9fb
3303,/app/Repos/pandas/pandas/tests/test_strings.py,581,603,/app/Repos/pandas/pandas/tests/test_strings.py,651,670,True,aac26fc745545e5220e8a03e75d83bdb
3304,/app/Repos/pandas/pandas/tests/test_strings.py,632,651,/app/Repos/pandas/pandas/tests/test_strings.py,651,670,True,738c0204e1964f613de23320a75952fe
3305,/app/Repos/pandas/pandas/tests/test_resample.py,3338,3395,/app/Repos/pandas/pandas/tests/test_resample.py,3459,3484,True,45f36a60da64a7e6e899d02993181d4e
3306,/app/Repos/pandas/pandas/tests/test_resample.py,3423,3459,/app/Repos/pandas/pandas/tests/test_resample.py,3459,3484,True,0b0bc60d0f959fc0c0ab8a0c7961fec4
3307,/app/Repos/pandas/pandas/tests/groupby/test_groupby.py,291,342,/app/Repos/pandas/pandas/tests/groupby/test_groupby.py,295,306,True,1ac631a7510c09b8a7a74bee2a1887dd
3308,/app/Repos/pandas/pandas/tests/io/test_excel.py,1454,1471,/app/Repos/pandas/pandas/tests/io/test_excel.py,1484,1509,True,0aeaecc9ed5a30ad0b3f1ff6cc206262
3309,/app/Repos/pandas/pandas/tests/io/json/test_normalize.py,81,100,/app/Repos/pandas/pandas/tests/io/json/test_normalize.py,208,226,True,232e087123d9e6f43801060d288abbc8
3310,/app/Repos/pandas/pandas/tests/io/json/test_normalize.py,386,414,/app/Repos/pandas/pandas/tests/io/json/test_normalize.py,414,443,True,07867f6d2447b703f5b466a97b54cae1
3311,/app/Repos/pandas/pandas/tests/io/test_excel.py,1356,1367,/app/Repos/pandas/pandas/tests/io/test_excel.py,1509,1524,True,00a579f11da742747227beb0714cb992
3312,/app/Repos/pandas/pandas/tests/groupby/test_groupby.py,291,342,/app/Repos/pandas/pandas/tests/groupby/test_groupby.py,314,324,True,28817caf606abf92d9d004663ee215d7
3313,/app/Repos/pandas/pandas/tests/groupby/test_groupby.py,295,306,/app/Repos/pandas/pandas/tests/groupby/test_groupby.py,314,324,True,ea5c9c9ca119d348fb4805c1f0785090
3314,/app/Repos/pandas/pandas/tests/io/test_excel.py,1179,1185,/app/Repos/pandas/pandas/tests/io/test_excel.py,1509,1524,True,907b76f8b22d970daa00e0106338bc3c
3315,/app/Repos/pandas/pandas/tests/io/test_excel.py,1185,1193,/app/Repos/pandas/pandas/tests/io/test_excel.py,1509,1524,True,5e4702c7012042fed5815d1bd6de27aa
3316,/app/Repos/pandas/pandas/tests/frame/test_to_csv.py,821,837,/app/Repos/pandas/pandas/tests/io/test_excel.py,1546,1560,True,da0fb866752ce495f03f69bf2d3bc358
3317,/app/Repos/pandas/pandas/tests/plotting/test_boxplot_method.py,169,179,/app/Repos/pandas/pandas/tests/plotting/test_boxplot_method.py,193,206,True,cd9622be2a7711baa34341166ef0edc5
3318,/app/Repos/pandas/pandas/tests/groupby/test_groupby.py,1263,1300,/app/Repos/pandas/pandas/tests/groupby/test_groupby.py,1290,1297,True,0e304ad1b9d002d3c4189debff41cfb7
3319,/app/Repos/pandas/pandas/tests/plotting/test_boxplot_method.py,179,193,/app/Repos/pandas/pandas/tests/plotting/test_boxplot_method.py,193,206,True,21530ce5d68dcbcaf459fd2b58718e49
3320,/app/Repos/pandas/pandas/tests/frame/test_to_csv.py,821,837,/app/Repos/pandas/pandas/tests/io/test_excel.py,1572,1694,True,16b1401c0debaf20a603184febc111f8
3321,/app/Repos/pandas/pandas/tests/arrays/sparse/test_libsparse.py,262,297,/app/Repos/pandas/pandas/tests/arrays/sparse/test_libsparse.py,390,424,True,9f00576e1170d4542f9d7275acb95299
3322,/app/Repos/pandas/pandas/tests/plotting/test_frame.py,2219,2227,/app/Repos/pandas/pandas/tests/plotting/test_series.py,690,700,True,343bf6cd3e4c5765dcec5dba1601b243
3323,/app/Repos/pandas/pandas/tests/io/test_excel.py,1546,1560,/app/Repos/pandas/pandas/tests/io/test_excel.py,1572,1694,True,c70257e0df1a3181c3380080c5ac559c
3324,/app/Repos/pandas/pandas/tests/sparse/frame/test_to_from_scipy.py,17,69,/app/Repos/pandas/pandas/tests/sparse/frame/test_to_from_scipy.py,120,139,True,95d8056cdbc308e13390d88f35a0e71a
3325,/app/Repos/pandas/pandas/tests/plotting/test_frame.py,2227,2247,/app/Repos/pandas/pandas/tests/plotting/test_series.py,700,708,True,6f3dc16271845a8883f54b7f9916666d
3326,/app/Repos/pandas/pandas/tests/sparse/frame/test_to_from_scipy.py,69,120,/app/Repos/pandas/pandas/tests/sparse/frame/test_to_from_scipy.py,120,139,True,ceeae7c8d8843aba1d2229114ba33cce
3327,/app/Repos/pandas/pandas/tests/plotting/test_frame.py,2219,2227,/app/Repos/pandas/pandas/tests/plotting/test_series.py,708,717,True,5f478589b04403f3b9368f8bf563b54c
3328,/app/Repos/pandas/pandas/tests/io/test_excel.py,1694,1744,/app/Repos/pandas/pandas/tests/io/test_excel.py,1702,1710,True,3184870706489e223655ede17835cdf6
3329,/app/Repos/pandas/pandas/tests/arrays/sparse/test_libsparse.py,242,262,/app/Repos/pandas/pandas/tests/arrays/sparse/test_libsparse.py,390,424,True,7f7f84845c0e96a65500cb978484161c
3330,/app/Repos/pandas/pandas/tests/io/test_excel.py,1694,1744,/app/Repos/pandas/pandas/tests/io/test_excel.py,1744,1771,True,a66a8247dac877447a9ea98887aada8e
3331,/app/Repos/pandas/pandas/tests/io/test_excel.py,1702,1710,/app/Repos/pandas/pandas/tests/io/test_excel.py,1744,1771,True,969eb5844c9e7d8c52db395e69c5d098
3332,/app/Repos/pandas/pandas/tests/arrays/categorical/test_repr.py,150,210,/app/Repos/pandas/pandas/tests/arrays/categorical/test_repr.py,302,335,True,8b43687b8e98899cf10e28df9ce188fa
3333,/app/Repos/pandas/pandas/tests/plotting/test_frame.py,2477,2487,/app/Repos/pandas/pandas/tests/plotting/test_series.py,731,774,True,63f73d794edac457e6f143fca7013795
3334,/app/Repos/pandas/pandas/tests/frame/test_reshape.py,303,332,/app/Repos/pandas/pandas/tests/frame/test_reshape.py,895,916,True,937b75f207e3b25543ea3065da9ad6a7
3335,/app/Repos/pandas/pandas/tests/arrays/categorical/test_repr.py,210,244,/app/Repos/pandas/pandas/tests/arrays/categorical/test_repr.py,302,335,True,37b225349b0b40f4f96befa707945daa
3336,/app/Repos/pandas/pandas/tests/arrays/categorical/test_repr.py,244,273,/app/Repos/pandas/pandas/tests/arrays/categorical/test_repr.py,302,335,True,85c33e9efc9f7af86c719ae77aab8077
3337,/app/Repos/pandas/pandas/tests/arrays/categorical/test_repr.py,273,302,/app/Repos/pandas/pandas/tests/arrays/categorical/test_repr.py,302,335,True,e62b76f87f8063701dfdf503f97c89c6
3338,/app/Repos/pandas/pandas/tests/arithmetic/test_datetime64.py,326,356,/app/Repos/pandas/pandas/tests/arithmetic/test_datetime64.py,326,356,True,7b0fecbefa8b15cc95d7fd72139bfc25
3339,/app/Repos/pandas/pandas/tests/arrays/categorical/test_repr.py,386,406,/app/Repos/pandas/pandas/tests/arrays/categorical/test_repr.py,489,505,True,1bcaef7ec997607a6a434c4a344c0826
3340,/app/Repos/pandas/pandas/tests/arrays/categorical/test_repr.py,406,436,/app/Repos/pandas/pandas/tests/arrays/categorical/test_repr.py,489,505,True,b0dba7f8773d2aec4cc1f63b841b311c
3341,/app/Repos/pandas/pandas/tests/arrays/categorical/test_repr.py,436,475,/app/Repos/pandas/pandas/tests/arrays/categorical/test_repr.py,489,505,True,eb1bbc3f0dc3b633b42cc42af05a9eb6
3342,/app/Repos/pandas/pandas/tests/arrays/categorical/test_repr.py,475,489,/app/Repos/pandas/pandas/tests/arrays/categorical/test_repr.py,489,505,True,b4e6bf2a85955949f6f25dc0db4b3864
3343,/app/Repos/pandas/pandas/tests/groupby/aggregate/test_cython.py,113,129,/app/Repos/pandas/pandas/tests/groupby/conftest.py,18,27,True,355f279d58f6a495d9077a29f25967e2
1267,/app/Repos/pandas/pandas/tests/groupby/conftest.py,18,27,/app/Repos/pandas/pandas/tests/groupby/conftest.py,18,27,False,885bad5873c8f2b73d825ac5e5de33fa
1267,/app/Repos/pandas/pandas/tests/groupby/conftest.py,18,27,/app/Repos/pandas/pandas/tests/groupby/conftest.py,18,27,False,885bad5873c8f2b73d825ac5e5de33fa
3344,/app/Repos/pandas/pandas/tests/groupby/aggregate/test_cython.py,113,129,/app/Repos/pandas/pandas/tests/groupby/conftest.py,52,63,True,19763f7fca6b0c636af646aab9cdd8fa
1270,/app/Repos/pandas/pandas/tests/groupby/conftest.py,52,63,/app/Repos/pandas/pandas/tests/groupby/conftest.py,52,63,False,6efabb27aa694b48b6bd2d01f78f569a
2368,/app/Repos/pandas/pandas/tests/groupby/conftest.py,63,78,/app/Repos/pandas/pandas/tests/groupby/conftest.py,63,78,False,46246ecb24485dfeb8a3629cc8a77b8f
3345,/app/Repos/pandas/pandas/tests/plotting/test_misc.py,96,161,/app/Repos/pandas/pandas/tests/plotting/test_misc.py,161,210,True,e16db3671b980355d1a7299abbdd2575
3346,/app/Repos/pandas/pandas/tests/arithmetic/test_period.py,556,572,/app/Repos/pandas/pandas/tests/arithmetic/test_period.py,572,591,True,e99d7c147d7fa31d2e04a43d6156c4bf
3347,/app/Repos/pandas/pandas/tests/arithmetic/test_period.py,667,679,/app/Repos/pandas/pandas/tests/arithmetic/test_period.py,704,716,True,0eef568a9f51f954f103d56bf2453172
3348,/app/Repos/pandas/pandas/tests/arithmetic/test_period.py,679,691,/app/Repos/pandas/pandas/tests/arithmetic/test_period.py,704,716,True,f9d7303b762fc37ced908c390de73eed
1832,/app/Repos/pandas/pandas/tests/arrays/categorical/test_warnings.py,9,19,/app/Repos/pandas/pandas/tests/arrays/categorical/test_warnings.py,9,19,False,b463d5f3a4950109688d3f356bbcd9b8
3349,/app/Repos/pandas/pandas/tests/arithmetic/test_datetime64.py,1327,1339,/app/Repos/pandas/pandas/tests/arithmetic/test_datetime64.py,1327,1339,True,8e3d307993b0c65744e32a9621059b49
3350,/app/Repos/pandas/pandas/tests/arrays/categorical/test_repr.py,150,210,/app/Repos/pandas/pandas/tests/arrays/categorical/test_repr.py,244,273,True,0184d3b135c3e612cd37baf7ae6fdc87
3351,/app/Repos/pandas/pandas/tests/arrays/categorical/test_repr.py,210,244,/app/Repos/pandas/pandas/tests/arrays/categorical/test_repr.py,244,273,True,b9dd2c86dd0adcfefe957c84ca2f9b17
3352,/app/Repos/pandas/pandas/tests/groupby/test_bin_groupby.py,86,120,/app/Repos/pandas/pandas/tests/groupby/test_bin_groupby.py,86,120,True,493add00efb0ce17c62184ca5f6fe07f
3352,/app/Repos/pandas/pandas/tests/groupby/test_bin_groupby.py,86,120,/app/Repos/pandas/pandas/tests/groupby/test_bin_groupby.py,86,120,False,493add00efb0ce17c62184ca5f6fe07f
3353,/app/Repos/pandas/pandas/tests/groupby/test_bin_groupby.py,87,116,/app/Repos/pandas/pandas/tests/groupby/test_bin_groupby.py,87,116,True,4c15b9b6efb59ddf7a13d0b98d202ffa
3354,/app/Repos/pandas/pandas/tests/plotting/test_frame.py,1083,1110,/app/Repos/pandas/pandas/tests/plotting/test_frame.py,1110,1126,True,6695e2ad2470eccaa2534920146b697d
3353,/app/Repos/pandas/pandas/tests/groupby/test_bin_groupby.py,87,116,/app/Repos/pandas/pandas/tests/groupby/test_bin_groupby.py,87,116,False,4c15b9b6efb59ddf7a13d0b98d202ffa
3355,/app/Repos/pandas/pandas/tests/groupby/test_bin_groupby.py,99,104,/app/Repos/pandas/pandas/tests/groupby/test_bin_groupby.py,99,104,True,cbcc359badc02808646da61c1685a0e8
3355,/app/Repos/pandas/pandas/tests/groupby/test_bin_groupby.py,99,104,/app/Repos/pandas/pandas/tests/groupby/test_bin_groupby.py,99,104,False,cbcc359badc02808646da61c1685a0e8
3355,/app/Repos/pandas/pandas/tests/groupby/test_bin_groupby.py,99,104,/app/Repos/pandas/pandas/tests/groupby/test_bin_groupby.py,99,104,False,cbcc359badc02808646da61c1685a0e8
3355,/app/Repos/pandas/pandas/tests/groupby/test_bin_groupby.py,99,104,/app/Repos/pandas/pandas/tests/groupby/test_bin_groupby.py,99,104,False,cbcc359badc02808646da61c1685a0e8
3356,/app/Repos/pandas/pandas/tests/arrays/categorical/test_algos.py,65,74,/app/Repos/pandas/pandas/tests/test_algos.py,738,747,True,c3ea236804d87ff97d8818a6923809a5
3357,/app/Repos/pandas/pandas/tests/frame/test_reshape.py,576,621,/app/Repos/pandas/pandas/tests/test_multilevel.py,1200,1215,True,5e9d236d557e94c3255830ff4a490e3f
3358,/app/Repos/pandas/pandas/tests/plotting/test_frame.py,2252,2263,/app/Repos/pandas/pandas/tests/plotting/test_frame.py,2263,2273,True,b30f40bb3328ddd992e0f135543bf640
3359,/app/Repos/pandas/pandas/tests/groupby/aggregate/test_cython.py,113,129,/app/Repos/pandas/pandas/tests/groupby/test_whitelist.py,117,126,True,c8c4c1fb8c3c6e83727d44c0a3eacb2d
3360,/app/Repos/pandas/pandas/tests/groupby/test_groupby.py,981,996,/app/Repos/pandas/pandas/tests/groupby/test_whitelist.py,117,126,True,3e9f3a1ef0c9c5b428d45dbb13c72bce
3361,/app/Repos/pandas/pandas/tests/groupby/test_grouping.py,60,78,/app/Repos/pandas/pandas/tests/groupby/test_whitelist.py,117,126,True,7107fee5108c8d8d7e8e46ccb3dfb6f6
3362,/app/Repos/pandas/pandas/tests/arithmetic/test_datetime64.py,1032,1040,/app/Repos/pandas/pandas/tests/arithmetic/test_datetime64.py,1032,1040,True,61d9a6856d0dad28406c42267588c4bf
3363,/app/Repos/pandas/pandas/tests/arithmetic/test_datetime64.py,1053,1063,/app/Repos/pandas/pandas/tests/arithmetic/test_datetime64.py,1053,1063,True,3d3b0e23e01d4613e6ce23959193246a
3364,/app/Repos/pandas/pandas/tests/arithmetic/test_datetime64.py,1072,1081,/app/Repos/pandas/pandas/tests/arithmetic/test_datetime64.py,1072,1081,True,ee5df7b26e574f1cbb7363416f7b4115
3365,/app/Repos/pandas/pandas/tests/plotting/test_frame.py,2477,2487,/app/Repos/pandas/pandas/tests/plotting/test_frame.py,2573,2615,True,3d85785029c3a3ce0d8c1dc4ac1b91f1
3366,/app/Repos/pandas/pandas/tests/frame/test_operators.py,759,806,/app/Repos/pandas/pandas/tests/test_algos.py,1458,1466,True,88c12be3cb0d27ef61a502860cb5d62b
3367,/app/Repos/pandas/pandas/tests/arithmetic/test_datetime64.py,1295,1305,/app/Repos/pandas/pandas/tests/arithmetic/test_datetime64.py,1295,1305,True,bc71b1c788546b4f8127c9ea47d146d1
3368,/app/Repos/pandas/pandas/tests/groupby/test_grouping.py,482,505,/app/Repos/pandas/pandas/tests/test_multilevel.py,2078,2086,True,4336d9e94f08d41e3a843e7b0ddf6824
3369,/app/Repos/pandas/pandas/tests/plotting/test_boxplot_method.py,206,230,/app/Repos/pandas/pandas/tests/plotting/test_groupby.py,18,33,True,931e29405d5e6e9ab0dfaacb9b633316
3370,/app/Repos/pandas/pandas/tests/generic/test_frame.py,91,164,/app/Repos/pandas/pandas/tests/generic/test_frame.py,91,164,True,807b88b7589ec73ab70b0ce37af61df4
3371,/app/Repos/pandas/pandas/tests/plotting/test_frame.py,2750,2795,/app/Repos/pandas/pandas/tests/plotting/test_frame.py,2795,2918,True,af9fad4476d6f59cf12163a2df8e39d2
3372,/app/Repos/pandas/pandas/tests/plotting/test_frame.py,2629,2642,/app/Repos/pandas/pandas/tests/plotting/test_frame.py,2795,2918,True,76e7c5ed7b9b0d7697e247e6e2a8d8a3
3373,/app/Repos/pandas/pandas/tests/plotting/test_frame.py,2681,2692,/app/Repos/pandas/pandas/tests/plotting/test_frame.py,2795,2918,True,216dd2f8d81506e83e2a30da773764c8
3374,/app/Repos/pandas/pandas/tests/frame/test_reshape.py,806,861,/app/Repos/pandas/pandas/tests/indexes/multi/test_format.py,23,29,True,f8a4bba2fb637c41280ccdf32fedca82
3375,/app/Repos/pandas/pandas/tests/frame/test_reshape.py,463,488,/app/Repos/pandas/pandas/tests/indexes/multi/test_format.py,23,29,True,f4684e100e9058f6bf138b5a3dd3c852
3376,/app/Repos/pandas/pandas/tests/io/parser/test_textreader.py,135,169,/app/Repos/pandas/pandas/tests/io/parser/test_textreader.py,187,198,True,848387e19a17e6f1ec44a69bcb1a5ace
3377,/app/Repos/pandas/pandas/tests/arrays/categorical/test_analytics.py,257,294,/app/Repos/pandas/pandas/tests/computation/test_eval.py,1894,1900,True,17789015e72de9ba80fd6aab8b7cf543
3378,/app/Repos/pandas/pandas/tests/plotting/test_converter.py,34,49,/app/Repos/pandas/pandas/tests/plotting/test_converter.py,49,62,True,54fcb5e4c4bfddf42db332ae3daeee0a
3379,/app/Repos/pandas/pandas/tests/frame/test_operators.py,52,62,/app/Repos/pandas/pandas/tests/frame/test_operators.py,90,100,True,97e86a8a3c509d60cd3a0df5a6fc065c
3380,/app/Repos/pandas/pandas/tests/frame/test_operators.py,154,197,/app/Repos/pandas/pandas/tests/frame/test_operators.py,163,170,True,98761ca7c4c2fe8b6dd9e5d444bb0458
3381,/app/Repos/pandas/pandas/tests/frame/test_operators.py,156,163,/app/Repos/pandas/pandas/tests/frame/test_operators.py,163,170,True,27acbeff5cdd4c04b7e2aab7c2833ef0
3382,/app/Repos/pandas/pandas/tests/arithmetic/test_period.py,200,231,/app/Repos/pandas/pandas/tests/arithmetic/test_timedelta64.py,48,78,True,cab9180a512309f62bcaba6f675aab84
3383,/app/Repos/pandas/pandas/tests/frame/test_operators.py,487,523,/app/Repos/pandas/pandas/tests/frame/test_operators.py,494,516,True,096099f56ead55c1301078c452f89f55
3384,/app/Repos/pandas/pandas/tests/arithmetic/test_period.py,363,376,/app/Repos/pandas/pandas/tests/arithmetic/test_timedelta64.py,365,380,True,fc5356aa1e17ab12e470e0c3c8b138da
3385,/app/Repos/pandas/pandas/tests/test_strings.py,921,1073,/app/Repos/pandas/pandas/tests/test_strings.py,1073,1116,True,5d5ab3d660f542f2bb0106c3f8305be2
3386,/app/Repos/pandas/pandas/tests/test_resample.py,1509,1525,/app/Repos/pandas/pandas/tests/test_resample.py,1581,1590,True,b74ff93cf2a0d11479572f6f9d553c7e
3387,/app/Repos/pandas/pandas/tests/frame/test_to_csv.py,481,643,/app/Repos/pandas/pandas/tests/frame/test_to_csv.py,535,546,True,5f7ec29815601be870b9d973b450fddf
3388,/app/Repos/pandas/pandas/tests/indexing/common.py,178,198,/app/Repos/pandas/pandas/tests/indexing/common.py,178,198,True,54b46a56b60b531195a5c4dcee30e2bc
3389,/app/Repos/pandas/pandas/tests/test_strings.py,921,1073,/app/Repos/pandas/pandas/tests/test_strings.py,1116,1168,True,daf3798e7c990d54e46e7f7b4e157122
3390,/app/Repos/pandas/pandas/tests/test_strings.py,921,1073,/app/Repos/pandas/pandas/tests/test_strings.py,1168,1225,True,0000f3a881b515ceba450dc449feb9e7
3391,/app/Repos/pandas/pandas/tests/test_strings.py,1041,1059,/app/Repos/pandas/pandas/tests/test_strings.py,1168,1225,True,2a17725993aed73517b5483059907cad
3392,/app/Repos/pandas/pandas/tests/test_strings.py,921,1073,/app/Repos/pandas/pandas/tests/test_strings.py,1200,1218,True,0cf229c57acc6f0a458053342f669857
3393,/app/Repos/pandas/pandas/tests/test_strings.py,1041,1059,/app/Repos/pandas/pandas/tests/test_strings.py,1200,1218,True,5d3dc8c4c271b19bc0b20b55b705b3a4
3394,/app/Repos/pandas/pandas/tests/test_strings.py,1168,1225,/app/Repos/pandas/pandas/tests/test_strings.py,1200,1218,True,2d4a071f1821fac8e2ee6eceab4ddb51
3395,/app/Repos/pandas/pandas/tests/plotting/test_datetimelike.py,345,392,/app/Repos/pandas/pandas/tests/plotting/test_datetimelike.py,348,376,True,cbf034969fbb8c89895ea436b11f1c80
3396,/app/Repos/pandas/pandas/tests/frame/test_reshape.py,29,65,/app/Repos/pandas/pandas/tests/frame/test_subclass.py,459,477,True,afed8744f6ca6545f3931ac0bfd18c4c
3397,/app/Repos/pandas/pandas/tests/test_strings.py,1225,1234,/app/Repos/pandas/pandas/tests/test_strings.py,1339,1359,True,e88c233968f9793fe32e511b2e58d271
3398,/app/Repos/pandas/pandas/tests/frame/test_reshape.py,85,119,/app/Repos/pandas/pandas/tests/frame/test_subclass.py,459,477,True,b6dd3963b6627b4ad765e9f6fe9322b9
3399,/app/Repos/pandas/pandas/tests/test_strings.py,1339,1359,/app/Repos/pandas/pandas/tests/test_strings.py,1359,1373,True,c3f596b686cc8badae201633460580b4
3400,/app/Repos/pandas/pandas/tests/plotting/test_datetimelike.py,492,502,/app/Repos/pandas/pandas/tests/plotting/test_datetimelike.py,537,552,True,871f21b45b15b2ac22e765261d941acf
3401,/app/Repos/pandas/pandas/tests/plotting/test_datetimelike.py,524,537,/app/Repos/pandas/pandas/tests/plotting/test_datetimelike.py,537,552,True,a5139a2122e28916611a4b3ed86490d3
3402,/app/Repos/pandas/pandas/tests/plotting/test_datetimelike.py,716,725,/app/Repos/pandas/pandas/tests/plotting/test_datetimelike.py,725,734,True,3e912feea7d20b394b9f48e961ddf360
3403,/app/Repos/pandas/pandas/tests/test_strings.py,1471,1498,/app/Repos/pandas/pandas/tests/test_strings.py,1498,1531,True,12b4f3e1fb70aaf8186b517e1f5d2ba2
3404,/app/Repos/pandas/pandas/tests/test_strings.py,1674,1695,/app/Repos/pandas/pandas/tests/test_strings.py,1695,1712,True,3c0e7253e41bcb50cb3ee809debcb898
3405,/app/Repos/pandas/pandas/tests/test_resample.py,2785,2797,/app/Repos/pandas/pandas/tests/test_resample.py,2797,2809,True,7ba78fbaba4271a638cad6484175d87b
3406,/app/Repos/pandas/pandas/tests/frame/test_reshape.py,638,794,/app/Repos/pandas/pandas/tests/indexes/multi/test_contains.py,18,29,True,8c422fd068a8c675ea022ea3985d2ab1
3407,/app/Repos/pandas/pandas/tests/test_strings.py,679,723,/app/Repos/pandas/pandas/tests/test_strings.py,1757,1781,True,fd80eba6cc87c4a27395757ae0417195
3408,/app/Repos/pandas/pandas/tests/frame/test_period.py,44,128,/app/Repos/pandas/pandas/tests/indexes/period/test_tools.py,58,104,True,23c1f48cdf2bd92ddc228fd5e44ee2ed
3409,/app/Repos/pandas/pandas/tests/io/json/test_normalize.py,178,193,/app/Repos/pandas/pandas/tests/io/json/test_normalize.py,193,208,True,d9838cdf4b660e403bc60bde353887f2
3410,/app/Repos/pandas/pandas/tests/groupby/test_groupby.py,291,342,/app/Repos/pandas/pandas/tests/groupby/test_groupby.py,306,314,True,e8504ce63ebcfeedd0d69f1203a26e38
3411,/app/Repos/pandas/pandas/tests/groupby/test_groupby.py,295,306,/app/Repos/pandas/pandas/tests/groupby/test_groupby.py,306,314,True,6b94cecff7f7d7eb6cf8355a5da6b0a8
3412,/app/Repos/pandas/pandas/tests/test_strings.py,1781,1827,/app/Repos/pandas/pandas/tests/test_strings.py,1827,1847,True,3bf5ebd4e46be5cc561cabf72e42039e
3413,/app/Repos/pandas/pandas/tests/test_strings.py,1757,1781,/app/Repos/pandas/pandas/tests/test_strings.py,1910,1968,True,0a8496bcc9c06d3dbf6842e1b0eb15fc
3414,/app/Repos/pandas/pandas/tests/test_strings.py,603,632,/app/Repos/pandas/pandas/tests/test_strings.py,1910,1968,True,2c05f6162bfddd26c2886075ec1d9b17
3415,/app/Repos/pandas/pandas/tests/test_strings.py,1910,1968,/app/Repos/pandas/pandas/tests/test_strings.py,1968,1994,True,5b3b781c546ad214c48e65e92aa48481
3416,/app/Repos/pandas/pandas/tests/arrays/sparse/test_libsparse.py,538,553,/app/Repos/pandas/pandas/tests/arrays/sparse/test_libsparse.py,540,551,True,f2e9d8c028b8b55462d02f769a759de7
3417,/app/Repos/pandas/pandas/tests/frame/test_arithmetic.py,274,283,/app/Repos/pandas/pandas/tests/frame/test_arithmetic.py,283,297,True,432bebdcbca89f32453220b9448587ad
3418,/app/Repos/pandas/pandas/tests/arrays/categorical/test_repr.py,244,273,/app/Repos/pandas/pandas/tests/arrays/categorical/test_repr.py,273,302,True,9d63237218c16e7156e0cee5ed37283c
3419,/app/Repos/pandas/pandas/tests/arrays/categorical/test_repr.py,150,210,/app/Repos/pandas/pandas/tests/arrays/categorical/test_repr.py,273,302,True,a3df964016319f125db0f65f71137401
3420,/app/Repos/pandas/pandas/tests/arithmetic/test_period.py,920,943,/app/Repos/pandas/pandas/tests/indexes/period/test_arithmetic.py,15,28,True,da1d701557dc362b327a25db369c59eb
3421,/app/Repos/pandas/pandas/tests/arrays/categorical/test_repr.py,210,244,/app/Repos/pandas/pandas/tests/arrays/categorical/test_repr.py,273,302,True,b85bd5665252f5792c1d48d455fc415c
3422,/app/Repos/pandas/pandas/tests/arrays/categorical/test_repr.py,273,302,/app/Repos/pandas/pandas/tests/arrays/categorical/test_repr.py,475,489,True,ec83a66eb7c53f44763ff9ba1cc73e41
3423,/app/Repos/pandas/pandas/tests/arrays/categorical/test_repr.py,436,475,/app/Repos/pandas/pandas/tests/arrays/categorical/test_repr.py,475,489,True,2f508c92a7727613c815c8532ca5c631
3424,/app/Repos/pandas/pandas/tests/arrays/categorical/test_repr.py,386,406,/app/Repos/pandas/pandas/tests/arrays/categorical/test_repr.py,475,489,True,6130a28731261516666e84364b5cfbeb
3425,/app/Repos/pandas/pandas/tests/test_strings.py,1910,1968,/app/Repos/pandas/pandas/tests/test_strings.py,2043,2095,True,cab28163dbad192bdfec59064875f20d
3426,/app/Repos/pandas/pandas/tests/arrays/categorical/test_repr.py,406,436,/app/Repos/pandas/pandas/tests/arrays/categorical/test_repr.py,475,489,True,6d59bfc90bb59b2f1035c1800d9636ee
3427,/app/Repos/pandas/pandas/tests/test_strings.py,1757,1781,/app/Repos/pandas/pandas/tests/test_strings.py,2043,2095,True,c0a59d17676abe68024b341b1e37612a
3428,/app/Repos/pandas/pandas/tests/test_strings.py,603,632,/app/Repos/pandas/pandas/tests/test_strings.py,2043,2095,True,b1560494fec59272ef589b8903fb3bc3
3429,/app/Repos/pandas/pandas/tests/arithmetic/test_period.py,25,32,/app/Repos/pandas/pandas/tests/indexes/period/test_construction.py,117,154,True,5cda9714ba19d4bb7ef52a4c4bd91628
3430,/app/Repos/pandas/pandas/tests/groupby/test_transform.py,327,337,/app/Repos/pandas/pandas/tests/groupby/test_transform.py,377,421,True,3688a9c072512c58b88a09ef72fc3f4a
3431,/app/Repos/pandas/pandas/tests/test_strings.py,1712,1732,/app/Repos/pandas/pandas/tests/test_strings.py,2174,2220,True,1985c0a012a8cda48d95f3392df6ad98
3432,/app/Repos/pandas/pandas/tests/test_strings.py,2174,2220,/app/Repos/pandas/pandas/tests/test_strings.py,2220,2269,True,941ae2030d6d3669288375819250e8c8
3433,/app/Repos/pandas/pandas/tests/indexing/test_scalar.py,13,40,/app/Repos/pandas/pandas/tests/indexing/test_scalar.py,14,23,True,c521378261868ad77954b56bd0da9841
3434,/app/Repos/pandas/pandas/tests/indexing/test_scalar.py,13,40,/app/Repos/pandas/pandas/tests/indexing/test_scalar.py,40,67,True,2adbc8d88134107187a1daf40fd18554
3435,/app/Repos/pandas/pandas/tests/indexing/test_scalar.py,14,23,/app/Repos/pandas/pandas/tests/indexing/test_scalar.py,40,67,True,47d35a07c916aa27b48f708860a77a1c
3436,/app/Repos/pandas/pandas/tests/indexing/test_scalar.py,13,40,/app/Repos/pandas/pandas/tests/indexing/test_scalar.py,41,50,True,81d5c319069d5ff2c4409a64db2dcd78
3437,/app/Repos/pandas/pandas/tests/indexing/test_scalar.py,14,23,/app/Repos/pandas/pandas/tests/indexing/test_scalar.py,41,50,True,53c5bc9f3f243f83f15ccb1ec545177f
3438,/app/Repos/pandas/pandas/tests/indexing/test_scalar.py,40,67,/app/Repos/pandas/pandas/tests/indexing/test_scalar.py,41,50,True,d08788d2c7ffaf4eea46e9f1bb6c2014
3439,/app/Repos/pandas/pandas/tests/groupby/test_function.py,719,725,/app/Repos/pandas/pandas/tests/groupby/test_function.py,719,725,True,465aa47d2bee6ded10f2ef8a3f4a8f56
3440,/app/Repos/pandas/pandas/tests/arithmetic/test_period.py,509,518,/app/Repos/pandas/pandas/tests/indexes/timedeltas/test_arithmetic.py,130,137,True,3413db9775ca2622079391642ad64f4e
3441,/app/Repos/pandas/pandas/tests/arithmetic/test_period.py,518,530,/app/Repos/pandas/pandas/tests/indexes/timedeltas/test_arithmetic.py,130,137,True,7ded82ed303bbe678763c1c529d21a91
3442,/app/Repos/pandas/pandas/tests/arithmetic/test_period.py,425,458,/app/Repos/pandas/pandas/tests/indexes/datetimes/test_arithmetic.py,57,68,True,d2aded480a9ca19180d670650b4d03ec
3443,/app/Repos/pandas/pandas/tests/arithmetic/test_period.py,509,518,/app/Repos/pandas/pandas/tests/indexes/timedeltas/test_arithmetic.py,143,149,True,9db34da5d79afdaf0212f4e97c8c0b18
3444,/app/Repos/pandas/pandas/tests/arithmetic/test_period.py,518,530,/app/Repos/pandas/pandas/tests/indexes/timedeltas/test_arithmetic.py,143,149,True,c2bcb97c92dfc9d8e5fe4a2771e7b377
3445,/app/Repos/pandas/pandas/tests/test_strings.py,921,1073,/app/Repos/pandas/pandas/tests/test_strings.py,2604,2618,True,b440bab9146c35cab33f30a2f7336a7d
3446,/app/Repos/pandas/pandas/tests/arrays/categorical/test_algos.py,65,74,/app/Repos/pandas/pandas/tests/indexes/test_base.py,1742,1751,True,18c91d0e37a31376abca4cee0b3a4cd6
3447,/app/Repos/pandas/pandas/tests/test_strings.py,1757,1781,/app/Repos/pandas/pandas/tests/test_strings.py,2618,2660,True,ecbfea980b9a4ae6c23b76c15156d0a8
3448,/app/Repos/pandas/pandas/tests/test_resample.py,138,155,/app/Repos/pandas/pandas/tests/test_window.py,70,87,True,b1798d97b28ede6ca4df8710f8ceb42e
3449,/app/Repos/pandas/pandas/tests/groupby/test_grouping.py,26,37,/app/Repos/pandas/pandas/tests/test_window.py,87,98,True,3f70f9597c28f1199c72dd2955845b5d
3450,/app/Repos/pandas/pandas/tests/test_resample.py,155,166,/app/Repos/pandas/pandas/tests/test_window.py,87,98,True,417646344c06d599d68015d07739d49a
3451,/app/Repos/pandas/pandas/tests/test_strings.py,1910,1968,/app/Repos/pandas/pandas/tests/test_strings.py,2713,2736,True,aaa7e5cac12304641f38bc7fbbebf389
3452,/app/Repos/pandas/pandas/tests/frame/test_reshape.py,806,861,/app/Repos/pandas/pandas/tests/frame/test_reshape.py,808,833,True,a87cd7516f046a3069a9cb5dea348922
3453,/app/Repos/pandas/pandas/tests/test_strings.py,2043,2095,/app/Repos/pandas/pandas/tests/test_strings.py,2713,2736,True,8811e70407b9947d4cebac93410c56f9
3454,/app/Repos/pandas/pandas/tests/arrays/categorical/test_constructors.py,409,421,/app/Repos/pandas/pandas/tests/arrays/categorical/test_constructors.py,462,478,True,93414eac67050600bde1075761a542cf
3455,/app/Repos/pandas/pandas/tests/test_strings.py,1712,1732,/app/Repos/pandas/pandas/tests/test_strings.py,2808,2845,True,fc05489b8478a3335e8a6869c2cb05f7
3456,/app/Repos/pandas/pandas/tests/arrays/categorical/test_repr.py,386,406,/app/Repos/pandas/pandas/tests/arrays/categorical/test_repr.py,436,475,True,55935d03adc2d45e0db71d72fd361d28
3457,/app/Repos/pandas/pandas/tests/arrays/categorical/test_repr.py,406,436,/app/Repos/pandas/pandas/tests/arrays/categorical/test_repr.py,436,475,True,b0952432bf1aee0675c073e14b3032d1
3458,/app/Repos/pandas/pandas/tests/arrays/categorical/test_constructors.py,236,245,/app/Repos/pandas/pandas/tests/indexes/test_category.py,195,235,True,9177dd418068eaf2b67d8bb9bdf6f1f0
3459,/app/Repos/pandas/pandas/tests/plotting/test_frame.py,2487,2510,/app/Repos/pandas/pandas/tests/plotting/test_hist_method.py,54,60,True,d0c452aa3aa5f5ab50e6bed46205bc64
3460,/app/Repos/pandas/pandas/tests/plotting/test_frame.py,2750,2795,/app/Repos/pandas/pandas/tests/plotting/test_hist_method.py,54,60,True,a31354ab439c4f9b1664c7153f725d9d
3461,/app/Repos/pandas/pandas/tests/plotting/test_frame.py,2795,2918,/app/Repos/pandas/pandas/tests/plotting/test_hist_method.py,54,60,True,b646468cc1c42aff9853340d4cd3f1f4
3462,/app/Repos/pandas/pandas/tests/arrays/categorical/test_analytics.py,242,257,/app/Repos/pandas/pandas/tests/indexes/test_category.py,263,302,True,144df201d5d5ea18f4db5d3331a1dda3
3463,/app/Repos/pandas/pandas/tests/frame/test_arithmetic.py,472,492,/app/Repos/pandas/pandas/tests/frame/test_arithmetic.py,519,545,True,ac02770a92259fe11ab0bbf53ec70531
3464,/app/Repos/pandas/pandas/tests/arithmetic/test_period.py,836,847,/app/Repos/pandas/pandas/tests/indexes/period/test_ops.py,409,424,True,50c4e5c6f21fc37747e3fd67befa362c
3465,/app/Repos/pandas/pandas/tests/plotting/test_frame.py,535,581,/app/Repos/pandas/pandas/tests/plotting/test_hist_method.py,60,69,True,5b72f1ab84f5db4f43038c40a0818b0b
3466,/app/Repos/pandas/pandas/tests/groupby/aggregate/test_cython.py,139,159,/app/Repos/pandas/pandas/tests/groupby/test_function.py,439,470,True,45f0def5af761b823679951540c72517
3467,/app/Repos/pandas/pandas/tests/groupby/test_function.py,711,719,/app/Repos/pandas/pandas/tests/groupby/test_function.py,711,719,True,96c81082c04095ae4d2a4b3027adf7f2
3468,/app/Repos/pandas/pandas/tests/groupby/test_function.py,787,825,/app/Repos/pandas/pandas/tests/groupby/test_function.py,793,804,True,b3760c9ce13aaf23f769a428c906aba2
3469,/app/Repos/pandas/pandas/tests/plotting/test_boxplot_method.py,206,230,/app/Repos/pandas/pandas/tests/plotting/test_hist_method.py,317,332,True,c363e048177570ea1db7d1501cf5c656
3470,/app/Repos/pandas/pandas/tests/arithmetic/test_period.py,617,643,/app/Repos/pandas/pandas/tests/arithmetic/test_period.py,679,691,True,6f0879dd5346fddb5186270e2645e26e
3471,/app/Repos/pandas/pandas/tests/arithmetic/test_period.py,667,679,/app/Repos/pandas/pandas/tests/arithmetic/test_period.py,679,691,True,cba13f089845d347c39067705a5b43fa
3472,/app/Repos/pandas/pandas/tests/arithmetic/test_period.py,643,667,/app/Repos/pandas/pandas/tests/arithmetic/test_period.py,679,691,True,6362b6edbebccf8dc7eced0dfd9db73a
3473,/app/Repos/pandas/pandas/tests/arithmetic/test_period.py,323,339,/app/Repos/pandas/pandas/tests/arithmetic/test_period.py,679,691,True,8ef728694f58e2e50391cf6796a2bfb6
3474,/app/Repos/pandas/pandas/tests/arithmetic/test_period.py,749,764,/app/Repos/pandas/pandas/tests/arithmetic/test_period.py,774,789,True,59dc0c03e38303db93d82f637f4079e6
3475,/app/Repos/pandas/pandas/tests/arithmetic/test_period.py,691,704,/app/Repos/pandas/pandas/tests/arithmetic/test_period.py,774,789,True,83bc1e9d54cc938359c6691131d0ebbb
3476,/app/Repos/pandas/pandas/tests/arithmetic/test_period.py,716,727,/app/Repos/pandas/pandas/tests/arithmetic/test_period.py,774,789,True,3346d07a04d10e41e1301b1a5fa3f955
3477,/app/Repos/pandas/pandas/tests/plotting/test_frame.py,592,652,/app/Repos/pandas/pandas/tests/plotting/test_hist_method.py,381,401,True,73af2ed0579e1f4683189b8852865ac3
3478,/app/Repos/pandas/pandas/tests/plotting/test_boxplot_method.py,341,383,/app/Repos/pandas/pandas/tests/plotting/test_hist_method.py,381,401,True,1a236cf87a032cf805e3665f6bfca4ca
3479,/app/Repos/pandas/pandas/tests/dtypes/test_cast.py,403,412,/app/Repos/pandas/pandas/tests/dtypes/test_cast.py,412,422,True,bd2da3ccd6751f0e89efcce6d6af3ffb
3480,/app/Repos/pandas/pandas/tests/tslibs/test_period_asfreq.py,56,64,/app/Repos/pandas/pandas/tests/tslibs/test_period_asfreq.py,64,83,True,92ea74975807c0bd82634253420f5d82
3481,/app/Repos/pandas/pandas/tests/indexing/test_chaining_and_caching.py,422,432,/app/Repos/pandas/pandas/tests/indexing/test_indexing.py,131,220,True,13ac685e85e992557cbaddd1fadfc2dd
3482,/app/Repos/pandas/pandas/tests/arrays/categorical/test_analytics.py,257,294,/app/Repos/pandas/pandas/tests/test_base.py,993,1001,True,cb68262251339ffa51937b3a20708845
3483,/app/Repos/pandas/pandas/tests/test_resample.py,2983,2990,/app/Repos/pandas/pandas/tests/test_window.py,3203,3208,True,c1db570efc4e7ab55f0054d08e2f2f18
3484,/app/Repos/pandas/pandas/tests/test_resample.py,3031,3045,/app/Repos/pandas/pandas/tests/test_window.py,3219,3237,True,fdec01cb48369b915794415e734dcbbd
3485,/app/Repos/pandas/pandas/tests/test_resample.py,3091,3131,/app/Repos/pandas/pandas/tests/test_window.py,3251,3270,True,e7a9d07250a55028e9325783f0d146d4
3486,/app/Repos/pandas/pandas/tests/test_resample.py,3091,3131,/app/Repos/pandas/pandas/tests/test_window.py,3321,3340,True,dd481fad923cdb1acd183d8f8b5a9acd
1845,/app/Repos/pandas/pandas/tests/indexes/test_base.py,2190,2202,/app/Repos/pandas/pandas/tests/indexes/test_base.py,2190,2202,False,c8b8b3bc4af9c9445f98ac8adc8dfc0d
3487,/app/Repos/pandas/pandas/tests/arrays/categorical/test_analytics.py,309,315,/app/Repos/pandas/pandas/tests/arrays/categorical/test_operators.py,19,123,True,d6221e943ca7b37f7e8cb9779dcaad8e
3488,/app/Repos/pandas/pandas/tests/test_strings.py,2347,2372,/app/Repos/pandas/pandas/tests/test_strings.py,2401,2422,True,cd89f9ed078342c1f39b38caba6ebe20
3489,/app/Repos/pandas/pandas/tests/test_strings.py,2698,2713,/app/Repos/pandas/pandas/tests/test_strings.py,2736,2752,True,cc74d3bd32b61cdff1ce0b71e75631a5
3490,/app/Repos/pandas/pandas/tests/test_strings.py,2434,2458,/app/Repos/pandas/pandas/tests/test_strings.py,2579,2604,True,d765a15af504cc663910e4f6df0aaeb8
3491,/app/Repos/pandas/pandas/tests/test_strings.py,2994,3004,/app/Repos/pandas/pandas/tests/test_strings.py,3004,3024,True,c2a6c731bb8c9e2053c3550ff1736b0d
3492,/app/Repos/pandas/pandas/tests/test_strings.py,2752,2767,/app/Repos/pandas/pandas/tests/test_strings.py,2767,2782,True,1495141280559ac3d91a50893e1e7a75
3493,/app/Repos/pandas/pandas/tests/frame/test_dtypes.py,159,169,/app/Repos/pandas/pandas/tests/frame/test_dtypes.py,169,188,True,3535bd2a3a2df88b8f0f60c0727fac5a
3494,/app/Repos/pandas/pandas/tests/frame/test_dtypes.py,115,159,/app/Repos/pandas/pandas/tests/frame/test_dtypes.py,250,270,True,505959f0bf99c8027b1758bd52461a60
3495,/app/Repos/pandas/pandas/tests/frame/test_dtypes.py,115,159,/app/Repos/pandas/pandas/tests/frame/test_dtypes.py,337,350,True,c4ee3afaabba14fa263b876eaee13698
3496,/app/Repos/pandas/pandas/tests/frame/test_dtypes.py,159,169,/app/Repos/pandas/pandas/tests/frame/test_dtypes.py,313,330,True,004c2adcd6cd6d191dd288937f0c5eba
3497,/app/Repos/pandas/pandas/tests/frame/test_dtypes.py,115,159,/app/Repos/pandas/pandas/tests/frame/test_dtypes.py,270,296,True,4ba34167e8a15051afb8f8b7a234ce55
3498,/app/Repos/pandas/pandas/tests/frame/test_dtypes.py,159,169,/app/Repos/pandas/pandas/tests/frame/test_dtypes.py,250,270,True,e48d0fdb78d923667b25c68f0d7da6f2
3499,/app/Repos/pandas/pandas/tests/frame/test_dtypes.py,159,169,/app/Repos/pandas/pandas/tests/frame/test_dtypes.py,337,350,True,c2d41ce723e322273309368743e5698d
3500,/app/Repos/pandas/pandas/tests/frame/test_dtypes.py,159,169,/app/Repos/pandas/pandas/tests/frame/test_dtypes.py,270,296,True,68f30a2d1956dae53d83837218ede391
3501,/app/Repos/pandas/pandas/tests/frame/test_dtypes.py,169,188,/app/Repos/pandas/pandas/tests/frame/test_dtypes.py,313,330,True,57c1eee5a2dc2b22d4f3b8f3d66bd2fb
3502,/app/Repos/pandas/pandas/tests/frame/test_dtypes.py,159,169,/app/Repos/pandas/pandas/tests/frame/test_dtypes.py,296,313,True,983d95c3f0f30f9dd8d02efaca35b6be
3503,/app/Repos/pandas/pandas/tests/frame/test_dtypes.py,169,188,/app/Repos/pandas/pandas/tests/frame/test_dtypes.py,337,350,True,50353759873e81a4a2cfc18682703240
3504,/app/Repos/pandas/pandas/tests/frame/test_dtypes.py,188,223,/app/Repos/pandas/pandas/tests/frame/test_dtypes.py,250,270,True,773adb83ab7a4bea351264a1939b77b2
3505,/app/Repos/pandas/pandas/tests/frame/test_dtypes.py,188,223,/app/Repos/pandas/pandas/tests/frame/test_dtypes.py,270,296,True,33d17e8903946f175e376b54999afe59
3506,/app/Repos/pandas/pandas/tests/frame/test_dtypes.py,223,250,/app/Repos/pandas/pandas/tests/frame/test_dtypes.py,270,296,True,e86dc2b9d6e4716fd3806db62e94bef3
3507,/app/Repos/pandas/pandas/tests/frame/test_dtypes.py,250,270,/app/Repos/pandas/pandas/tests/frame/test_dtypes.py,270,296,True,0d046399ef7d5a272e3779e18f3ea095
3508,/app/Repos/pandas/pandas/tests/frame/test_dtypes.py,223,250,/app/Repos/pandas/pandas/tests/frame/test_dtypes.py,250,270,True,59c0617e70b3c91f40e44a06199aaee3
3509,/app/Repos/pandas/pandas/tests/frame/test_dtypes.py,188,223,/app/Repos/pandas/pandas/tests/frame/test_dtypes.py,337,350,True,e65739ec0a2eed1eae324e996c139a2e
3510,/app/Repos/pandas/pandas/tests/frame/test_dtypes.py,223,250,/app/Repos/pandas/pandas/tests/frame/test_dtypes.py,337,350,True,810e5bbfcbe0062ad3b13b31f008db6f
3511,/app/Repos/pandas/pandas/tests/frame/test_dtypes.py,270,296,/app/Repos/pandas/pandas/tests/frame/test_dtypes.py,337,350,True,35f65e54f1c4ae5477e3997d94bc8e40
3512,/app/Repos/pandas/pandas/tests/frame/test_dtypes.py,313,330,/app/Repos/pandas/pandas/tests/frame/test_dtypes.py,337,350,True,805bb3c78c558a48f896df5d9873ec71
3513,/app/Repos/pandas/pandas/tests/frame/test_dtypes.py,330,337,/app/Repos/pandas/pandas/tests/frame/test_dtypes.py,337,350,True,2684349cd24ea52257c2326cfeb74a0a
3514,/app/Repos/pandas/pandas/tests/frame/test_dtypes.py,296,313,/app/Repos/pandas/pandas/tests/frame/test_dtypes.py,337,350,True,32e9f0af312370e1e6370f458866abcb
3515,/app/Repos/pandas/pandas/tests/frame/test_dtypes.py,115,159,/app/Repos/pandas/pandas/tests/frame/test_dtypes.py,223,250,True,51a54c2a18b38b7e7175245b46700f9d
3516,/app/Repos/pandas/pandas/tests/frame/test_dtypes.py,115,159,/app/Repos/pandas/pandas/tests/frame/test_dtypes.py,379,391,True,e1f5bff5a352bb74d2f586571ef81af9
3517,/app/Repos/pandas/pandas/tests/frame/test_dtypes.py,159,169,/app/Repos/pandas/pandas/tests/frame/test_dtypes.py,379,391,True,53b001b64344be21b66fdb33b287a596
3518,/app/Repos/pandas/pandas/tests/frame/test_dtypes.py,159,169,/app/Repos/pandas/pandas/tests/frame/test_dtypes.py,223,250,True,e50024788e08648cd8c44a959339e2d5
3519,/app/Repos/pandas/pandas/tests/frame/test_dtypes.py,721,737,/app/Repos/pandas/pandas/tests/frame/test_dtypes.py,751,763,True,6065b7883fdd2f8b941daf8574a0b3ad
3520,/app/Repos/pandas/pandas/tests/frame/test_dtypes.py,169,188,/app/Repos/pandas/pandas/tests/frame/test_dtypes.py,379,391,True,776803d590260acbdb8a94ed4f922be3
3521,/app/Repos/pandas/pandas/tests/frame/test_dtypes.py,721,737,/app/Repos/pandas/pandas/tests/frame/test_dtypes.py,775,787,True,7ec690aabead4d2e1ae92a0232649ab2
3522,/app/Repos/pandas/pandas/tests/frame/test_dtypes.py,737,751,/app/Repos/pandas/pandas/tests/frame/test_dtypes.py,751,763,True,90e48b845109ca0eb5bd16d81c794991
3523,/app/Repos/pandas/pandas/tests/frame/test_dtypes.py,737,751,/app/Repos/pandas/pandas/tests/frame/test_dtypes.py,775,787,True,15f1283d732879f9e0bf827370885d33
3524,/app/Repos/pandas/pandas/tests/frame/test_dtypes.py,188,223,/app/Repos/pandas/pandas/tests/frame/test_dtypes.py,379,391,True,05d538b88b1edbb0f721320915f89161
3525,/app/Repos/pandas/pandas/tests/frame/test_dtypes.py,751,763,/app/Repos/pandas/pandas/tests/frame/test_dtypes.py,775,787,True,418366a2b21f1da334e21f91bf2a0f48
3526,/app/Repos/pandas/pandas/tests/frame/test_dtypes.py,763,775,/app/Repos/pandas/pandas/tests/frame/test_dtypes.py,775,787,True,f7e7bd6c566991c1e58a61605ac93781
3527,/app/Repos/pandas/pandas/tests/plotting/test_series.py,690,700,/app/Repos/pandas/pandas/tests/plotting/test_series.py,700,708,True,fc86e6621974c302583c1502dfd0b4b0
3528,/app/Repos/pandas/pandas/tests/frame/test_dtypes.py,223,250,/app/Repos/pandas/pandas/tests/frame/test_dtypes.py,379,391,True,a7d6e5ad7895e06513013c6f7d51b825
3529,/app/Repos/pandas/pandas/tests/frame/test_dtypes.py,250,270,/app/Repos/pandas/pandas/tests/frame/test_dtypes.py,379,391,True,3846cb83c204098f310af7924b9bfa8c
3530,/app/Repos/pandas/pandas/tests/frame/test_dtypes.py,188,223,/app/Repos/pandas/pandas/tests/frame/test_dtypes.py,223,250,True,a265309c443b087204782ef1ab33dba1
3531,/app/Repos/pandas/pandas/tests/frame/test_dtypes.py,270,296,/app/Repos/pandas/pandas/tests/frame/test_dtypes.py,379,391,True,af67c7c8addd423d9b6bb0f1dca6acec
3532,/app/Repos/pandas/pandas/tests/frame/test_dtypes.py,313,330,/app/Repos/pandas/pandas/tests/frame/test_dtypes.py,379,391,True,48186eafc9da5484cc4ac8ea893dd912
3533,/app/Repos/pandas/pandas/tests/frame/test_dtypes.py,330,337,/app/Repos/pandas/pandas/tests/frame/test_dtypes.py,379,391,True,356b1494d2b7ac5c5eb039992f4d6c12
3534,/app/Repos/pandas/pandas/tests/frame/test_dtypes.py,337,350,/app/Repos/pandas/pandas/tests/frame/test_dtypes.py,379,391,True,2f4737ac7c9d9ed72006acc928c62fff
3535,/app/Repos/pandas/pandas/tests/plotting/test_series.py,97,112,/app/Repos/pandas/pandas/tests/plotting/test_series.py,112,147,True,d49dbc73f9dea52962cb21107cf92f3f
3536,/app/Repos/pandas/pandas/tests/frame/test_dtypes.py,296,313,/app/Repos/pandas/pandas/tests/frame/test_dtypes.py,379,391,True,9d69d079385d7041aa6fd90c246d1625
3537,/app/Repos/pandas/pandas/tests/plotting/test_series.py,349,356,/app/Repos/pandas/pandas/tests/plotting/test_series.py,397,403,True,02ebc1337e7e698562276770f6fcd461
3538,/app/Repos/pandas/pandas/tests/plotting/test_series.py,356,371,/app/Repos/pandas/pandas/tests/plotting/test_series.py,397,403,True,cae542104decfea4c0acb0137900b86a
3539,/app/Repos/pandas/pandas/tests/plotting/test_series.py,690,700,/app/Repos/pandas/pandas/tests/plotting/test_series.py,708,717,True,fd24941e1338402fec2b24bc6737dcb9
3540,/app/Repos/pandas/pandas/tests/frame/test_dtypes.py,670,693,/app/Repos/pandas/pandas/tests/frame/test_dtypes.py,693,712,True,aace2269b84cf6f44162f6e1a28badaf
3541,/app/Repos/pandas/pandas/tests/arrays/sparse/test_arithmetics.py,336,350,/app/Repos/pandas/pandas/tests/arrays/sparse/test_arithmetics.py,350,366,True,22719a747de2682ad3dccf7ce565450f
3542,/app/Repos/pandas/pandas/tests/arrays/sparse/test_arithmetics.py,177,194,/app/Repos/pandas/pandas/tests/arrays/sparse/test_arithmetics.py,194,211,True,cdef1513c661803ea7da49c8ed93a89b
3543,/app/Repos/pandas/pandas/tests/groupby/test_bin_groupby.py,16,33,/app/Repos/pandas/pandas/tests/groupby/test_bin_groupby.py,33,50,True,f698bdc33b9e6a7267cb79713776080e
3544,/app/Repos/pandas/pandas/tests/groupby/test_filters.py,11,30,/app/Repos/pandas/pandas/tests/groupby/test_filters.py,30,49,True,1ccd21838220a683319e857954f53f51
3545,/app/Repos/pandas/pandas/tests/arrays/sparse/test_arithmetics.py,506,514,/app/Repos/pandas/pandas/tests/arrays/sparse/test_arithmetics.py,514,522,True,ed3eb034c79401a69c74696be7ecd449
3546,/app/Repos/pandas/pandas/tests/sparse/frame/test_indexing.py,10,38,/app/Repos/pandas/pandas/tests/sparse/frame/test_indexing.py,38,73,True,efdbc3781aedeb2c8a69151fbf955324
3547,/app/Repos/pandas/pandas/tests/groupby/conftest.py,18,27,/app/Repos/pandas/pandas/tests/groupby/conftest.py,52,63,True,2b1ed394f7c6ebda2df8101ad3e43a16
3548,/app/Repos/pandas/pandas/tests/groupby/test_filters.py,319,360,/app/Repos/pandas/pandas/tests/groupby/test_filters.py,401,442,True,f46c72d607b1392ac558ad569d177bb9
3549,/app/Repos/pandas/pandas/tests/arrays/sparse/test_arithmetics.py,19,76,/app/Repos/pandas/pandas/tests/arrays/sparse/test_arithmetics.py,82,125,True,88cd236772f6322e241474e04015aa5a
3550,/app/Repos/pandas/pandas/tests/groupby/test_filters.py,133,154,/app/Repos/pandas/pandas/tests/groupby/test_filters.py,154,167,True,b3b9fc6d670deb550213f237b629eda3
3551,/app/Repos/pandas/pandas/tests/groupby/test_filters.py,360,401,/app/Repos/pandas/pandas/tests/groupby/test_filters.py,401,442,True,b4e3cf1ca28d050bab9498c32056d739
3552,/app/Repos/pandas/pandas/tests/arrays/sparse/test_arithmetics.py,158,177,/app/Repos/pandas/pandas/tests/arrays/sparse/test_arithmetics.py,254,276,True,4bd626e9ca7ea18260751411963676e1
3553,/app/Repos/pandas/pandas/tests/arrays/sparse/test_arithmetics.py,211,233,/app/Repos/pandas/pandas/tests/arrays/sparse/test_arithmetics.py,254,276,True,d41af9b548c9e8a199873835a2d74842
3554,/app/Repos/pandas/pandas/tests/groupby/conftest.py,18,27,/app/Repos/pandas/pandas/tests/groupby/test_whitelist.py,117,126,True,afef1002431c162ccf95bc302334fda7
3555,/app/Repos/pandas/pandas/tests/groupby/conftest.py,52,63,/app/Repos/pandas/pandas/tests/groupby/test_whitelist.py,117,126,True,71bf4535c28863ef6d60d1b2a976e3eb
3556,/app/Repos/pandas/pandas/tests/arrays/sparse/test_arithmetics.py,139,158,/app/Repos/pandas/pandas/tests/arrays/sparse/test_arithmetics.py,211,233,True,5f03c39dcc5592e7b63422c720ac6272
3557,/app/Repos/pandas/pandas/tests/arrays/sparse/test_array.py,102,134,/app/Repos/pandas/pandas/tests/arrays/sparse/test_array.py,151,159,True,9c359b70a404bc5409ab737553d9efe9
3558,/app/Repos/pandas/pandas/tests/arrays/sparse/test_arithmetics.py,233,254,/app/Repos/pandas/pandas/tests/arrays/sparse/test_arithmetics.py,254,276,True,4b0235b3a941abe9a84472a421050c89
3559,/app/Repos/pandas/pandas/tests/arrays/sparse/test_array.py,134,151,/app/Repos/pandas/pandas/tests/arrays/sparse/test_array.py,151,159,True,58f155ab75fb209b3ed36da6294ffbb1
3560,/app/Repos/pandas/pandas/tests/groupby/test_filters.py,319,360,/app/Repos/pandas/pandas/tests/groupby/test_filters.py,442,486,True,91a3418ce867534153758530e52bc212
3561,/app/Repos/pandas/pandas/tests/groupby/test_filters.py,360,401,/app/Repos/pandas/pandas/tests/groupby/test_filters.py,442,486,True,a7608715c6c851f941de3da810e65ba7
3562,/app/Repos/pandas/pandas/tests/groupby/test_filters.py,401,442,/app/Repos/pandas/pandas/tests/groupby/test_filters.py,442,486,True,d7ff41a21e0301514a4b21d231de65d4
3563,/app/Repos/pandas/pandas/tests/arrays/sparse/test_array.py,235,242,/app/Repos/pandas/pandas/tests/arrays/sparse/test_array.py,252,259,True,853937e00653092196f07357022e5ddb
3564,/app/Repos/pandas/pandas/tests/groupby/test_filters.py,167,220,/app/Repos/pandas/pandas/tests/groupby/test_whitelist.py,126,136,True,c593df6411abb55399eb3e4c497c18bd
3565,/app/Repos/pandas/pandas/tests/arrays/sparse/test_array.py,374,390,/app/Repos/pandas/pandas/tests/arrays/sparse/test_array.py,403,420,True,73d3b6ef3476ff1dd78950cae4016aa1
3566,/app/Repos/pandas/pandas/tests/arrays/sparse/test_arithmetics.py,177,194,/app/Repos/pandas/pandas/tests/arrays/sparse/test_arithmetics.py,211,233,True,6dae4bca08cd1f27aa1c2410e36ff934
3567,/app/Repos/pandas/pandas/tests/arrays/sparse/test_arithmetics.py,194,211,/app/Repos/pandas/pandas/tests/arrays/sparse/test_arithmetics.py,254,276,True,7ed4cd22f5ddcf769fd390a69c2bf642
3568,/app/Repos/pandas/pandas/tests/arrays/sparse/test_array.py,843,855,/app/Repos/pandas/pandas/tests/arrays/sparse/test_array.py,908,917,True,1efdc44d93a719887699621ceed4914a
3569,/app/Repos/pandas/pandas/tests/arrays/sparse/test_array.py,855,875,/app/Repos/pandas/pandas/tests/arrays/sparse/test_array.py,908,917,True,11a1d58155439751eade5a29446fe329
3570,/app/Repos/pandas/pandas/tests/plotting/test_series.py,349,356,/app/Repos/pandas/pandas/tests/plotting/test_series.py,509,573,True,7e01cd04d8e4f398380ea0f22bf8214b
3571,/app/Repos/pandas/pandas/tests/arithmetic/test_datetime64.py,247,279,/app/Repos/pandas/pandas/tests/arithmetic/test_datetime64.py,297,304,True,5b84537a40107c010d2c5a8ab4079db4
3572,/app/Repos/pandas/pandas/tests/groupby/test_bin_groupby.py,86,120,/app/Repos/pandas/pandas/tests/groupby/test_bin_groupby.py,87,116,True,d5119673b98e7ef0d030b1623f62a838
3573,/app/Repos/pandas/pandas/tests/arrays/sparse/test_arithmetics.py,311,336,/app/Repos/pandas/pandas/tests/arrays/sparse/test_arithmetics.py,366,395,True,a2dbef05e528a53c2486705b7c259909
3574,/app/Repos/pandas/pandas/tests/arrays/sparse/test_array.py,676,736,/app/Repos/pandas/pandas/tests/arrays/sparse/test_array.py,736,750,True,f779e494514c9060d084def244b88f64
3575,/app/Repos/pandas/pandas/tests/frame/test_dtypes.py,115,159,/app/Repos/pandas/pandas/tests/frame/test_dtypes.py,159,169,True,3d1f4346932304f41b652194cb51461f
3576,/app/Repos/pandas/pandas/tests/groupby/test_filters.py,68,80,/app/Repos/pandas/pandas/tests/groupby/test_filters.py,80,93,True,5ae10cd0b27c71d7fb59be14f64902dd
3577,/app/Repos/pandas/pandas/tests/arrays/sparse/test_arithmetics.py,139,158,/app/Repos/pandas/pandas/tests/arrays/sparse/test_arithmetics.py,366,395,True,723d2db0db007268d08feb4fef83a2a7
3578,/app/Repos/pandas/pandas/tests/arrays/sparse/test_array.py,772,798,/app/Repos/pandas/pandas/tests/arrays/sparse/test_array.py,818,843,True,77cabcd409847cb18056bb623b39a0d2
3579,/app/Repos/pandas/pandas/tests/arrays/sparse/test_array.py,798,818,/app/Repos/pandas/pandas/tests/arrays/sparse/test_array.py,818,843,True,7f4e35baa02fa05d2afaaebe1d529811
3580,/app/Repos/pandas/pandas/tests/arrays/sparse/test_array.py,855,875,/app/Repos/pandas/pandas/tests/arrays/sparse/test_array.py,917,934,True,da507af0362b062dd2fdfed1f714ee46
3581,/app/Repos/pandas/pandas/tests/arrays/sparse/test_array.py,908,917,/app/Repos/pandas/pandas/tests/arrays/sparse/test_array.py,917,934,True,9c4bbfd3dad17f4986b7949ed6d348be
3582,/app/Repos/pandas/pandas/tests/frame/test_alter_axes.py,44,52,/app/Repos/pandas/pandas/tests/frame/test_alter_axes.py,1199,1239,True,46f044e0a0b6c1c796f1a3047139608b
3583,/app/Repos/pandas/pandas/tests/groupby/conftest.py,7,18,/app/Repos/pandas/pandas/tests/groupby/test_whitelist.py,194,208,True,11c25da62927a4afb376d3918eb46d7b
3584,/app/Repos/pandas/pandas/tests/groupby/test_whitelist.py,106,117,/app/Repos/pandas/pandas/tests/groupby/test_whitelist.py,194,208,True,c0bc9d510da2d19e53f2572c30b0585d
3585,/app/Repos/pandas/pandas/tests/indexing/interval/test_interval_new.py,150,215,/app/Repos/pandas/pandas/tests/indexing/interval/test_interval_new.py,215,227,True,8d98453f5908e26cc7b04ce602f876a1
3586,/app/Repos/pandas/pandas/tests/arithmetic/test_datetime64.py,1174,1195,/app/Repos/pandas/pandas/tests/arithmetic/test_datetime64.py,1195,1220,True,fa677f81998e1770868ad12dc9009069
3587,/app/Repos/pandas/pandas/tests/plotting/test_series.py,469,509,/app/Repos/pandas/pandas/tests/plotting/test_series.py,509,573,True,fb4c7a7d83e27689228204205ac0b95c
3588,/app/Repos/pandas/pandas/tests/arrays/sparse/test_array.py,188,204,/app/Repos/pandas/pandas/tests/arrays/sparse/test_array.py,204,215,True,5927f987ea1cb7d36a511844a41b40d9
3589,/app/Repos/pandas/pandas/tests/arithmetic/test_datetime64.py,247,279,/app/Repos/pandas/pandas/tests/arithmetic/test_datetime64.py,304,311,True,6a202b1662905d53d25c7a75a90987a2
3590,/app/Repos/pandas/pandas/tests/arrays/sparse/test_arithmetics.py,211,233,/app/Repos/pandas/pandas/tests/arrays/sparse/test_arithmetics.py,366,395,True,1dbc44360748302a365104a24f706a8b
3591,/app/Repos/pandas/pandas/tests/arithmetic/test_datetime64.py,297,304,/app/Repos/pandas/pandas/tests/arithmetic/test_datetime64.py,304,311,True,5fff3f3ec217d1434cae4638dc41e986
3592,/app/Repos/pandas/pandas/tests/arithmetic/test_datetime64.py,1327,1339,/app/Repos/pandas/pandas/tests/arithmetic/test_datetime64.py,1339,1354,True,1ed6d38cad03e92e8e8ac5068216a1dd
3593,/app/Repos/pandas/pandas/tests/frame/test_dtypes.py,721,737,/app/Repos/pandas/pandas/tests/frame/test_dtypes.py,763,775,True,15185492d549dfab0c32f93795484aaf
3594,/app/Repos/pandas/pandas/tests/arrays/sparse/test_arithmetics.py,233,254,/app/Repos/pandas/pandas/tests/arrays/sparse/test_arithmetics.py,366,395,True,56c6ece2aedb7f1a689967c99c37f488
3595,/app/Repos/pandas/pandas/tests/frame/test_dtypes.py,737,751,/app/Repos/pandas/pandas/tests/frame/test_dtypes.py,763,775,True,a6ab43203168cfe8d3aac2db767cd9ab
3596,/app/Repos/pandas/pandas/tests/frame/test_dtypes.py,751,763,/app/Repos/pandas/pandas/tests/frame/test_dtypes.py,763,775,True,a0ed1f738a381ac2ef04c3d23f07425d
3597,/app/Repos/pandas/pandas/tests/arrays/sparse/test_array.py,843,855,/app/Repos/pandas/pandas/tests/arrays/sparse/test_array.py,855,875,True,cff67d6a4e14ce722360a87825c603dd
3598,/app/Repos/pandas/pandas/tests/arrays/sparse/test_arithmetics.py,254,276,/app/Repos/pandas/pandas/tests/arrays/sparse/test_arithmetics.py,366,395,True,e772c3f2409d04b5153e16f3501eac0f
3599,/app/Repos/pandas/pandas/tests/generic/test_frame.py,91,164,/app/Repos/pandas/pandas/tests/generic/test_frame.py,143,155,True,22e88fa3a8a01e3f66ca80f364aed1d0
3600,/app/Repos/pandas/pandas/tests/generic/test_frame.py,120,133,/app/Repos/pandas/pandas/tests/generic/test_frame.py,143,155,True,251b25799ef5bca746797824827e961c
3601,/app/Repos/pandas/pandas/tests/arithmetic/test_datetime64.py,790,803,/app/Repos/pandas/pandas/tests/arithmetic/test_datetime64.py,803,819,True,3d75e23e3ed5b2e981243ea854f26ef7
3602,/app/Repos/pandas/pandas/tests/arrays/sparse/test_array.py,1112,1130,/app/Repos/pandas/pandas/tests/arrays/sparse/test_array.py,1130,1136,True,9113e6af59c5631c4209ff60a2f58d46
3603,/app/Repos/pandas/pandas/tests/sparse/frame/test_indexing.py,38,73,/app/Repos/pandas/pandas/tests/sparse/frame/test_indexing.py,91,114,True,650780ef324caef285ce7dbaa3af51d0
3604,/app/Repos/pandas/pandas/tests/arrays/sparse/test_arithmetics.py,276,311,/app/Repos/pandas/pandas/tests/arrays/sparse/test_arithmetics.py,366,395,True,0c8174ef4f0b4e9a33da3dd95dfd7599
3605,/app/Repos/pandas/pandas/tests/sparse/frame/test_indexing.py,73,91,/app/Repos/pandas/pandas/tests/sparse/frame/test_indexing.py,91,114,True,fc8438e135efe5888a57e2b297e4bfbe
3606,/app/Repos/pandas/pandas/tests/frame/test_alter_axes.py,962,996,/app/Repos/pandas/pandas/tests/frame/test_alter_axes.py,1003,1010,True,4397ad8d082865eb491dea21bbb16b4b
3607,/app/Repos/pandas/pandas/tests/arithmetic/test_datetime64.py,1093,1105,/app/Repos/pandas/pandas/tests/arithmetic/test_datetime64.py,1105,1119,True,54ad254b43d03a61017a0d5c0c9a47bc
3608,/app/Repos/pandas/pandas/tests/frame/test_alter_axes.py,1112,1119,/app/Repos/pandas/pandas/tests/frame/test_alter_axes.py,1119,1127,True,4a8651b052f694117720f094387ec7f6
3609,/app/Repos/pandas/pandas/tests/test_multilevel.py,157,181,/app/Repos/pandas/pandas/tests/test_multilevel.py,158,176,True,9e3ccbf1c3173b19f02ae4bf864765bb
3610,/app/Repos/pandas/pandas/tests/arithmetic/test_datetime64.py,1174,1195,/app/Repos/pandas/pandas/tests/arithmetic/test_datetime64.py,1220,1243,True,7e8c287eb28e788256cca1f7f3cd4cee
3611,/app/Repos/pandas/pandas/tests/groupby/test_filters.py,49,59,/app/Repos/pandas/pandas/tests/groupby/test_filters.py,59,68,True,74250a525306268d071a0d695e66ad95
3612,/app/Repos/pandas/pandas/tests/arithmetic/test_datetime64.py,311,326,/app/Repos/pandas/pandas/tests/arithmetic/test_datetime64.py,576,604,True,dd312462f83dd60fe15d3a2dd8e09f10
3613,/app/Repos/pandas/pandas/tests/arithmetic/test_datetime64.py,545,569,/app/Repos/pandas/pandas/tests/arithmetic/test_datetime64.py,576,604,True,59ad5f3c0f04b5410ac3a1b7721fb593
3614,/app/Repos/pandas/pandas/tests/test_algos.py,30,51,/app/Repos/pandas/pandas/tests/test_algos.py,51,64,True,c00c225f9f7abd1ce1c0d6a9e8cd71e3
3615,/app/Repos/pandas/pandas/tests/arithmetic/test_datetime64.py,1136,1148,/app/Repos/pandas/pandas/tests/arithmetic/test_datetime64.py,1148,1156,True,2392c041eccbd5019bd148a1df6848ea
3616,/app/Repos/pandas/pandas/tests/arithmetic/test_datetime64.py,279,297,/app/Repos/pandas/pandas/tests/arithmetic/test_datetime64.py,1295,1305,True,783f8943722d924e6ece0628a31620c5
3617,/app/Repos/pandas/pandas/tests/arithmetic/test_datetime64.py,311,326,/app/Repos/pandas/pandas/tests/arithmetic/test_datetime64.py,1295,1305,True,0a4d9d962fa2fa971772410cd622066b
3618,/app/Repos/pandas/pandas/tests/groupby/test_filters.py,319,360,/app/Repos/pandas/pandas/tests/groupby/test_filters.py,486,527,True,1808b3fbe050583edf6ad318413fa41e
3619,/app/Repos/pandas/pandas/tests/groupby/test_filters.py,360,401,/app/Repos/pandas/pandas/tests/groupby/test_filters.py,486,527,True,b0f0c77e3478971447bfc502a7932c53
3620,/app/Repos/pandas/pandas/tests/groupby/test_filters.py,401,442,/app/Repos/pandas/pandas/tests/groupby/test_filters.py,486,527,True,de9190442902122806ba369577cad987
3621,/app/Repos/pandas/pandas/tests/groupby/test_filters.py,442,486,/app/Repos/pandas/pandas/tests/groupby/test_filters.py,486,527,True,e4200642d8e0ccc841259601ff9f5dd4
3622,/app/Repos/pandas/pandas/tests/arrays/sparse/test_arithmetics.py,276,311,/app/Repos/pandas/pandas/tests/arrays/sparse/test_arithmetics.py,311,336,True,0e1b37568246cf5a118c126e68d6ed40
3623,/app/Repos/pandas/pandas/tests/groupby/conftest.py,7,18,/app/Repos/pandas/pandas/tests/test_multilevel.py,30,64,True,da4b8ddbfcb368c26fc3a5bf8802367c
3624,/app/Repos/pandas/pandas/tests/groupby/test_whitelist.py,106,117,/app/Repos/pandas/pandas/tests/test_multilevel.py,30,64,True,1328dad62e31780e60efa95d295fadcc
3625,/app/Repos/pandas/pandas/tests/arithmetic/test_datetime64.py,1643,1659,/app/Repos/pandas/pandas/tests/arithmetic/test_datetime64.py,1679,1691,True,d504d62588f3c9ab86ae0212b2c5e157
3626,/app/Repos/pandas/pandas/tests/groupby/test_whitelist.py,194,208,/app/Repos/pandas/pandas/tests/test_multilevel.py,30,64,True,32d56813a7b96e85460de378bcff119b
3627,/app/Repos/pandas/pandas/tests/arithmetic/test_datetime64.py,1659,1679,/app/Repos/pandas/pandas/tests/arithmetic/test_datetime64.py,1679,1691,True,0107a3facef8d529de445cd754faf53d
3628,/app/Repos/pandas/pandas/tests/indexing/test_datetime.py,208,232,/app/Repos/pandas/pandas/tests/indexing/test_datetime.py,232,260,True,3e18968ad48c1222248a9ccf3588c718
3629,/app/Repos/pandas/pandas/tests/arrays/sparse/test_array.py,263,294,/app/Repos/pandas/pandas/tests/arrays/sparse/test_array.py,294,328,True,717f0d8378872e548f37e0529b884b52
3630,/app/Repos/pandas/pandas/tests/test_algos.py,676,688,/app/Repos/pandas/pandas/tests/test_algos.py,729,738,True,1d3d76b1506e1abc7e2dc07c1515290f
3631,/app/Repos/pandas/pandas/tests/test_algos.py,355,379,/app/Repos/pandas/pandas/tests/test_algos.py,379,398,True,af7a871ed065c57f973c9ac3c1205e8e
3632,/app/Repos/pandas/pandas/tests/sparse/frame/conftest.py,61,73,/app/Repos/pandas/pandas/tests/sparse/frame/conftest.py,98,111,True,67a87f11342dead2cea2848faa56cff2
3633,/app/Repos/pandas/pandas/tests/sparse/frame/conftest.py,73,86,/app/Repos/pandas/pandas/tests/sparse/frame/conftest.py,98,111,True,32146be74ea347ac6de15133b7b4d582
3634,/app/Repos/pandas/pandas/tests/sparse/frame/conftest.py,86,98,/app/Repos/pandas/pandas/tests/sparse/frame/conftest.py,98,111,True,8562f689af05134b0ef0ad24e34ddb74
3635,/app/Repos/pandas/pandas/tests/groupby/test_whitelist.py,208,242,/app/Repos/pandas/pandas/tests/test_multilevel.py,1413,1427,True,ce2dc19bc81d1c6a070e27fa8d14fa1a
3636,/app/Repos/pandas/pandas/tests/arrays/sparse/test_array.py,607,657,/app/Repos/pandas/pandas/tests/arrays/sparse/test_array.py,625,653,True,1af410d735ecd33210fff5bef7583257
3637,/app/Repos/pandas/pandas/tests/frame/test_alter_axes.py,52,76,/app/Repos/pandas/pandas/tests/frame/test_alter_axes.py,93,109,True,9a4d164cf083ea1b6c2fc33daf9d007f
3638,/app/Repos/pandas/pandas/tests/test_multilevel.py,138,157,/app/Repos/pandas/pandas/tests/test_multilevel.py,1504,1513,True,6394a1c2e51aaa06e0821df17b0a0027
3639,/app/Repos/pandas/pandas/tests/frame/test_alter_axes.py,76,93,/app/Repos/pandas/pandas/tests/frame/test_alter_axes.py,93,109,True,8cce58586b03443f08776e06fcdfee4b
3640,/app/Repos/pandas/pandas/tests/arrays/sparse/test_arithmetics.py,211,233,/app/Repos/pandas/pandas/tests/arrays/sparse/test_arithmetics.py,311,336,True,6cff313a4b739b5080ad117f359e5f05
3641,/app/Repos/pandas/pandas/tests/arithmetic/test_datetime64.py,108,121,/app/Repos/pandas/pandas/tests/arithmetic/test_datetime64.py,178,190,True,79db8463673d1c8d80a03d5e554ec09f
3642,/app/Repos/pandas/pandas/tests/test_algos.py,1135,1152,/app/Repos/pandas/pandas/tests/test_algos.py,1168,1183,True,be0776f2696be55ee30e506b4c1c8a9b
3643,/app/Repos/pandas/pandas/tests/test_algos.py,1428,1444,/app/Repos/pandas/pandas/tests/test_algos.py,1432,1441,True,7f3ec1dfddfebdad807d21b1a0e591b6
3644,/app/Repos/pandas/pandas/tests/arrays/sparse/test_arithmetics.py,19,76,/app/Repos/pandas/pandas/tests/arrays/sparse/test_arithmetics.py,125,139,True,524dd81f21692fea957c4745c8c15e43
3645,/app/Repos/pandas/pandas/tests/test_algos.py,1152,1168,/app/Repos/pandas/pandas/tests/test_algos.py,1168,1183,True,7e34680faa442ca5c4c1c609c33622cd
3646,/app/Repos/pandas/pandas/tests/arrays/sparse/test_arithmetics.py,82,125,/app/Repos/pandas/pandas/tests/arrays/sparse/test_arithmetics.py,125,139,True,39c4c73e464742854d73aae3324bdaeb
3647,/app/Repos/pandas/pandas/tests/test_algos.py,398,403,/app/Repos/pandas/pandas/tests/test_algos.py,1293,1298,True,95c4bac6bb63f7eb8e73d4cb82c71960
3648,/app/Repos/pandas/pandas/tests/test_algos.py,1511,1529,/app/Repos/pandas/pandas/tests/test_algos.py,1529,1547,True,262b7eb300b282c846eb555b26bd0687
3649,/app/Repos/pandas/pandas/tests/arrays/sparse/test_arithmetics.py,254,276,/app/Repos/pandas/pandas/tests/arrays/sparse/test_arithmetics.py,311,336,True,09690418b6fd7921cbfafa56a83e029c
3650,/app/Repos/pandas/pandas/tests/test_algos.py,230,240,/app/Repos/pandas/pandas/tests/test_algos.py,260,271,True,d2ea36d2efa4f22eab5601f087b7cbfa
3651,/app/Repos/pandas/pandas/tests/test_algos.py,398,403,/app/Repos/pandas/pandas/tests/test_algos.py,1800,1809,True,03675d41deb226954ee1834ce668672b
3652,/app/Repos/pandas/pandas/tests/test_algos.py,240,250,/app/Repos/pandas/pandas/tests/test_algos.py,260,271,True,75dca959c4531c48dc3b055af38712b6
3653,/app/Repos/pandas/pandas/tests/test_algos.py,250,260,/app/Repos/pandas/pandas/tests/test_algos.py,260,271,True,23adc5888bf58f26f1cffc070872ac23
3654,/app/Repos/pandas/pandas/tests/test_algos.py,1293,1298,/app/Repos/pandas/pandas/tests/test_algos.py,1800,1809,True,59809d2344738e70ebaf7259fa3a468e
3655,/app/Repos/pandas/pandas/tests/test_algos.py,1451,1458,/app/Repos/pandas/pandas/tests/test_algos.py,1800,1809,True,0f1e1abbf9204420453c46fa95edbb33
3656,/app/Repos/pandas/pandas/tests/arrays/sparse/test_arithmetics.py,233,254,/app/Repos/pandas/pandas/tests/arrays/sparse/test_arithmetics.py,311,336,True,7a7de35d2b23a9ba52756c6cf5181dc2
3657,/app/Repos/pandas/pandas/tests/scalar/timedelta/test_arithmetic.py,60,88,/app/Repos/pandas/pandas/tests/scalar/timedelta/test_arithmetic.py,88,96,True,d8f117d3a14516f0cdce563ebd488b05
3658,/app/Repos/pandas/pandas/tests/frame/test_alter_axes.py,522,541,/app/Repos/pandas/pandas/tests/frame/test_alter_axes.py,1104,1112,True,249a15c59a4c33014436c9f04a4ec573
3659,/app/Repos/pandas/pandas/tests/test_algos.py,540,552,/app/Repos/pandas/pandas/tests/test_algos.py,755,778,True,8af15e2f7b702297ad98f41b1a94833c
3660,/app/Repos/pandas/pandas/tests/frame/test_alter_axes.py,44,52,/app/Repos/pandas/pandas/tests/frame/test_alter_axes.py,1239,1257,True,9991ce56b1ab439dbc6b03c701b6021c
3661,/app/Repos/pandas/pandas/tests/frame/test_alter_axes.py,1199,1239,/app/Repos/pandas/pandas/tests/frame/test_alter_axes.py,1239,1257,True,1d0920fca024cf72ff66ea26cdfcd4ec
3662,/app/Repos/pandas/pandas/tests/arrays/categorical/test_indexing.py,126,139,/app/Repos/pandas/pandas/tests/arrays/categorical/test_indexing.py,139,148,True,920409c4dc673e524493224dff1068cb
3663,/app/Repos/pandas/pandas/tests/scalar/timedelta/test_arithmetic.py,626,644,/app/Repos/pandas/pandas/tests/scalar/timedelta/test_arithmetic.py,660,667,True,f7f70fb6766f16452e2b54614c74a2cb
3664,/app/Repos/pandas/pandas/tests/arrays/sparse/test_arithmetics.py,211,233,/app/Repos/pandas/pandas/tests/arrays/sparse/test_arithmetics.py,233,254,True,e478b77ea152be2e97cda125d94b7819
3665,/app/Repos/pandas/pandas/tests/test_algos.py,852,865,/app/Repos/pandas/pandas/tests/test_algos.py,865,892,True,89280ca0c8edc3fa5ed01d2fe7039f38
3666,/app/Repos/pandas/pandas/tests/arithmetic/test_datetime64.py,1174,1195,/app/Repos/pandas/pandas/tests/arithmetic/test_datetime64.py,1243,1275,True,5900a2e357e4ddbc4bccae6d2c3268da
3667,/app/Repos/pandas/pandas/tests/arithmetic/test_datetime64.py,1195,1220,/app/Repos/pandas/pandas/tests/arithmetic/test_datetime64.py,1243,1275,True,56fbf4a090c4810f04ee7222ff4cf723
3668,/app/Repos/pandas/pandas/tests/arithmetic/test_datetime64.py,1220,1243,/app/Repos/pandas/pandas/tests/arithmetic/test_datetime64.py,1243,1275,True,bd70cb11f0d9bf918066ada6a4c2f4ea
3669,/app/Repos/pandas/pandas/tests/arrays/sparse/test_arithmetics.py,366,395,/app/Repos/pandas/pandas/tests/arrays/sparse/test_arithmetics.py,395,426,True,98d1ad3d20114f586de144c2f11ad73b
3670,/app/Repos/pandas/pandas/tests/frame/test_missing.py,661,669,/app/Repos/pandas/pandas/tests/frame/test_missing.py,683,689,True,e9b63672917b64bf3dbe7360064deb6e
3671,/app/Repos/pandas/pandas/tests/scalar/period/test_asfreq.py,53,121,/app/Repos/pandas/pandas/tests/scalar/period/test_asfreq.py,121,181,True,da6cec37c22b0c54ab0449ad3c17e053
3672,/app/Repos/pandas/pandas/tests/arrays/sparse/test_arithmetics.py,311,336,/app/Repos/pandas/pandas/tests/arrays/sparse/test_arithmetics.py,395,426,True,50932572228cb9db2141ea25aa808056
3673,/app/Repos/pandas/pandas/tests/scalar/timedelta/test_arithmetic.py,612,626,/app/Repos/pandas/pandas/tests/scalar/timedelta/test_arithmetic.py,644,653,True,f3a319083253b71c7f616962f13e6372
3674,/app/Repos/pandas/pandas/tests/frame/test_dtypes.py,159,169,/app/Repos/pandas/pandas/tests/generic/test_frame.py,176,222,True,3f05af3b2c7f31bfc14cd2c935bda895
3675,/app/Repos/pandas/pandas/tests/scalar/timedelta/test_arithmetic.py,626,644,/app/Repos/pandas/pandas/tests/scalar/timedelta/test_arithmetic.py,644,653,True,d8e16cdc21499be8641429d2c5bcdf0a
3676,/app/Repos/pandas/pandas/tests/arrays/test_datetimelike.py,108,120,/app/Repos/pandas/pandas/tests/arrays/test_datetimelike.py,120,131,True,bbba1c15f56ee3e3cf2e8eab02364b34
3677,/app/Repos/pandas/pandas/tests/arrays/test_datetimelike.py,108,120,/app/Repos/pandas/pandas/tests/arrays/test_datetimelike.py,168,179,True,035163b0f0aa0790ea5267e803a9ac73
3678,/app/Repos/pandas/pandas/tests/arrays/test_datetimelike.py,120,131,/app/Repos/pandas/pandas/tests/arrays/test_datetimelike.py,168,179,True,df3fc36184664981a59b8e9ef3bb4830
3679,/app/Repos/pandas/pandas/tests/test_algos.py,1202,1217,/app/Repos/pandas/pandas/tests/test_algos.py,1224,1240,True,6859f22a899cab4ff233308572c4fbe6
3680,/app/Repos/pandas/pandas/tests/test_algos.py,1444,1451,/app/Repos/pandas/pandas/tests/test_algos.py,1451,1458,True,93a50e3b8f29804bc759438ad67c1101
3681,/app/Repos/pandas/pandas/tests/arrays/sparse/test_arithmetics.py,158,177,/app/Repos/pandas/pandas/tests/arrays/sparse/test_arithmetics.py,395,426,True,9b062dd27e1bc4a45e88b3da4a6d922a
3682,/app/Repos/pandas/pandas/tests/frame/test_alter_axes.py,26,35,/app/Repos/pandas/pandas/tests/frame/test_alter_axes.py,35,44,True,d7047eb4fe5c323a34fd51f5a4b03d16
3683,/app/Repos/pandas/pandas/tests/scalar/timedelta/test_arithmetic.py,88,96,/app/Repos/pandas/pandas/tests/scalar/timedelta/test_arithmetic.py,110,118,True,51fc82758ca5708a53414d301699978d
3684,/app/Repos/pandas/pandas/tests/frame/test_dtypes.py,379,391,/app/Repos/pandas/pandas/tests/generic/test_frame.py,176,222,True,21ccf61897d5c2e84927cc1db5d2dc96
3685,/app/Repos/pandas/pandas/tests/scalar/timedelta/test_arithmetic.py,96,103,/app/Repos/pandas/pandas/tests/scalar/timedelta/test_arithmetic.py,110,118,True,5e8081bbac36866780cf8607632ad12b
3686,/app/Repos/pandas/pandas/tests/scalar/timedelta/test_arithmetic.py,103,110,/app/Repos/pandas/pandas/tests/scalar/timedelta/test_arithmetic.py,110,118,True,7eb6a653154b854018c9db4e3513a7b7
3687,/app/Repos/pandas/pandas/tests/computation/test_eval.py,488,513,/app/Repos/pandas/pandas/tests/computation/test_eval.py,513,538,True,a491437f3b503c4a956ddad9c47bfcec
3688,/app/Repos/pandas/pandas/tests/test_multilevel.py,605,621,/app/Repos/pandas/pandas/tests/test_multilevel.py,2570,2578,True,944dba5cf11b95025a4c968801585936
3689,/app/Repos/pandas/pandas/tests/scalar/timedelta/test_arithmetic.py,203,212,/app/Repos/pandas/pandas/tests/scalar/timedelta/test_arithmetic.py,233,243,True,5399fa5ac2fe092a350e2697f20458a3
3690,/app/Repos/pandas/pandas/tests/computation/test_eval.py,406,445,/app/Repos/pandas/pandas/tests/computation/test_eval.py,513,538,True,662a21fedecb00dc9f2b4a068b8516eb
3691,/app/Repos/pandas/pandas/tests/sparse/frame/conftest.py,61,73,/app/Repos/pandas/pandas/tests/sparse/frame/conftest.py,73,86,True,6e29608eec60989bec82d4aaf031d660
3692,/app/Repos/pandas/pandas/tests/scalar/timedelta/test_arithmetic.py,363,372,/app/Repos/pandas/pandas/tests/scalar/timedelta/test_arithmetic.py,431,446,True,54b96404d5ecce08da005efb1ccaddc2
3693,/app/Repos/pandas/pandas/tests/computation/test_eval.py,445,488,/app/Repos/pandas/pandas/tests/computation/test_eval.py,513,538,True,f92e1e869a64b66dfe78a67f94a73e0d
3694,/app/Repos/pandas/pandas/tests/scalar/timedelta/test_arithmetic.py,593,612,/app/Repos/pandas/pandas/tests/scalar/timedelta/test_arithmetic.py,673,689,True,63ac3b769876f68496912d14e0a74423
3695,/app/Repos/pandas/pandas/tests/computation/test_eval.py,821,827,/app/Repos/pandas/pandas/tests/computation/test_eval.py,845,858,True,182cbd58401cefb32a837311c5d3d57d
3696,/app/Repos/pandas/pandas/tests/plotting/common.py,456,498,/app/Repos/pandas/pandas/tests/plotting/common.py,461,468,True,b113ed11b80df221895c043080ff1f7e
3697,/app/Repos/pandas/pandas/tests/arrays/sparse/test_arithmetics.py,211,233,/app/Repos/pandas/pandas/tests/arrays/sparse/test_arithmetics.py,395,426,True,3397abcf296b82597f45da57e6fb8f86
3698,/app/Repos/pandas/pandas/tests/test_algos.py,230,240,/app/Repos/pandas/pandas/tests/test_algos.py,240,250,True,ff80b4386ac8aca7e1a3fb2f40395d98
3699,/app/Repos/pandas/pandas/tests/computation/test_eval.py,1305,1332,/app/Repos/pandas/pandas/tests/computation/test_eval.py,1332,1351,True,abf0842c65ec1537d21dde39b8da557c
3700,/app/Repos/pandas/pandas/tests/test_algos.py,291,304,/app/Repos/pandas/pandas/tests/test_algos.py,304,322,True,0f75dcc1270e147304add4ef337bc2dc
3701,/app/Repos/pandas/pandas/tests/computation/test_eval.py,1421,1431,/app/Repos/pandas/pandas/tests/computation/test_eval.py,1431,1437,True,fd0975ce2a2f4bd8fa4b478cdf5f57ae
3702,/app/Repos/pandas/pandas/tests/arrays/sparse/test_arithmetics.py,233,254,/app/Repos/pandas/pandas/tests/arrays/sparse/test_arithmetics.py,395,426,True,26f8605dc3bacdf3f4a983cd70b25b23
3703,/app/Repos/pandas/pandas/tests/plotting/test_groupby.py,54,63,/app/Repos/pandas/pandas/tests/plotting/test_groupby.py,63,76,True,d7d88a160374ad78e5dcdc60a50ae638
3704,/app/Repos/pandas/pandas/tests/computation/test_eval.py,1529,1535,/app/Repos/pandas/pandas/tests/computation/test_eval.py,1547,1553,True,0e4c81894876310a638d12a4fee292d1
3705,/app/Repos/pandas/pandas/tests/computation/test_eval.py,1535,1541,/app/Repos/pandas/pandas/tests/computation/test_eval.py,1547,1553,True,bb87dcba51a1c1350b93eb5bb32f07ce
3706,/app/Repos/pandas/pandas/tests/computation/test_eval.py,1541,1547,/app/Repos/pandas/pandas/tests/computation/test_eval.py,1547,1553,True,63475807e73cb1adcd909eb7efd7bec6
3707,/app/Repos/pandas/pandas/tests/computation/test_eval.py,617,629,/app/Repos/pandas/pandas/tests/computation/test_eval.py,1547,1553,True,2ecf321886b4604709e1096addaba794
3708,/app/Repos/pandas/pandas/tests/arrays/sparse/test_array.py,934,965,/app/Repos/pandas/pandas/tests/arrays/sparse/test_array.py,965,979,True,6e396c78d6692961ba1266a66dd7c282
3709,/app/Repos/pandas/pandas/tests/indexing/test_categorical.py,437,445,/app/Repos/pandas/pandas/tests/indexing/test_categorical.py,445,454,True,b9bbbc19ee2c063db7429609eb31444e
3710,/app/Repos/pandas/pandas/tests/arrays/sparse/test_arithmetics.py,254,276,/app/Repos/pandas/pandas/tests/arrays/sparse/test_arithmetics.py,395,426,True,5528439267d824b4d66447a157dca3cc
3711,/app/Repos/pandas/pandas/tests/arrays/categorical/test_indexing.py,49,59,/app/Repos/pandas/pandas/tests/indexing/test_categorical.py,465,480,True,bfe3972f70bafa87f6285a9462e3b4e4
3712,/app/Repos/pandas/pandas/tests/computation/test_eval.py,406,445,/app/Repos/pandas/pandas/tests/computation/test_eval.py,488,513,True,17e458f83e5edd3679537f423c40f819
3713,/app/Repos/pandas/pandas/tests/computation/test_eval.py,445,488,/app/Repos/pandas/pandas/tests/computation/test_eval.py,488,513,True,4e8ab824a58930c46747482b3da890a4
3714,/app/Repos/pandas/pandas/tests/arrays/sparse/test_arithmetics.py,276,311,/app/Repos/pandas/pandas/tests/arrays/sparse/test_arithmetics.py,395,426,True,8817036043bf3a0eeaa41d31b6c4210a
3715,/app/Repos/pandas/pandas/tests/arrays/sparse/test_arithmetics.py,522,531,/app/Repos/pandas/pandas/tests/arrays/sparse/test_arithmetics.py,531,539,True,c23899cdcddc8e867315a4518d844c78
3716,/app/Repos/pandas/pandas/tests/computation/test_eval.py,130,138,/app/Repos/pandas/pandas/tests/computation/test_eval.py,717,727,True,640a87aec7eef52f5bc8bff856fe8a4b
3717,/app/Repos/pandas/pandas/tests/computation/test_eval.py,821,827,/app/Repos/pandas/pandas/tests/computation/test_eval.py,827,845,True,a58be4d3538bbabc753b2f73445946ce
3718,/app/Repos/pandas/pandas/tests/computation/test_eval.py,879,905,/app/Repos/pandas/pandas/tests/computation/test_eval.py,906,924,True,34a2b5eaa13a437f6a80b0dcdbadb464
3719,/app/Repos/pandas/pandas/tests/test_algos.py,1135,1152,/app/Repos/pandas/pandas/tests/test_algos.py,1183,1202,True,41e0723bce02cffd41a27fec10cb8920
3720,/app/Repos/pandas/pandas/tests/computation/test_eval.py,880,898,/app/Repos/pandas/pandas/tests/computation/test_eval.py,906,924,True,7f193436e83b4ce899026fcf8b1435ec
3721,/app/Repos/pandas/pandas/tests/computation/test_eval.py,905,941,/app/Repos/pandas/pandas/tests/computation/test_eval.py,906,924,True,4097a6e6325beb58dcd1a977fece002e
3722,/app/Repos/pandas/pandas/tests/test_algos.py,1152,1168,/app/Repos/pandas/pandas/tests/test_algos.py,1183,1202,True,7973aea5a6b60b9f4fc25ac0e86bf2cf
3723,/app/Repos/pandas/pandas/tests/arithmetic/test_datetime64.py,1053,1063,/app/Repos/pandas/pandas/tests/arithmetic/test_datetime64.py,1072,1081,True,fa81fb796b8083cb21cb9ac122f2062c
3724,/app/Repos/pandas/pandas/tests/arithmetic/test_datetime64.py,1063,1072,/app/Repos/pandas/pandas/tests/arithmetic/test_datetime64.py,1072,1081,True,f396656632a1d29ecd7f82fec7b7787b
3725,/app/Repos/pandas/pandas/tests/test_algos.py,1168,1183,/app/Repos/pandas/pandas/tests/test_algos.py,1183,1202,True,437586553de17e87d7c380a8f45eb003
3726,/app/Repos/pandas/pandas/tests/arithmetic/test_datetime64.py,1148,1156,/app/Repos/pandas/pandas/tests/arithmetic/test_datetime64.py,1164,1174,True,7185bb29722b10463537f5066d38fea6
3727,/app/Repos/pandas/pandas/tests/arithmetic/test_datetime64.py,1156,1164,/app/Repos/pandas/pandas/tests/arithmetic/test_datetime64.py,1164,1174,True,2bc47f38bb367fc66ec30d15e8d56bac
3728,/app/Repos/pandas/pandas/tests/arithmetic/test_datetime64.py,1136,1148,/app/Repos/pandas/pandas/tests/arithmetic/test_datetime64.py,1164,1174,True,f322a2d589f7f7a5a2f53599ae2279fd
1281,/app/Repos/pandas/pandas/tests/arrays/categorical/test_missing.py,52,59,/app/Repos/pandas/pandas/tests/arrays/categorical/test_missing.py,52,59,False,fe0e5fe168230e56074f6e562123e722
3729,/app/Repos/pandas/pandas/tests/arithmetic/test_datetime64.py,1295,1305,/app/Repos/pandas/pandas/tests/arithmetic/test_datetime64.py,1315,1327,True,f88668543fe1b1900e2c79632834079e
3730,/app/Repos/pandas/pandas/tests/computation/test_eval.py,858,879,/app/Repos/pandas/pandas/tests/computation/test_eval.py,968,1013,True,c8f54648a7c6fe43e2f07cc0fe6be9c4
3731,/app/Repos/pandas/pandas/tests/computation/test_eval.py,1529,1535,/app/Repos/pandas/pandas/tests/computation/test_eval.py,1541,1547,True,2db87ac96d54e36fa21605e72af0d706
3732,/app/Repos/pandas/pandas/tests/scalar/timedelta/test_arithmetic.py,60,88,/app/Repos/pandas/pandas/tests/scalar/timedelta/test_arithmetic.py,96,103,True,f2fd55a220bdf84e3bbe04e0ee54c450
3733,/app/Repos/pandas/pandas/tests/computation/test_eval.py,1535,1541,/app/Repos/pandas/pandas/tests/computation/test_eval.py,1541,1547,True,ff0db4aa015a824d88742e4b29b50d90
3734,/app/Repos/pandas/pandas/tests/scalar/timedelta/test_arithmetic.py,88,96,/app/Repos/pandas/pandas/tests/scalar/timedelta/test_arithmetic.py,96,103,True,86ce6e1c985e268aaad85a8068f0de6f
3735,/app/Repos/pandas/pandas/tests/computation/test_eval.py,827,845,/app/Repos/pandas/pandas/tests/computation/test_eval.py,968,1013,True,ad1edde76123f215b79d147c1b511028
3736,/app/Repos/pandas/pandas/tests/computation/test_eval.py,1625,1635,/app/Repos/pandas/pandas/tests/computation/test_eval.py,1635,1647,True,aa962c578e15b881cf95f1778262cec9
3737,/app/Repos/pandas/pandas/tests/scalar/timedelta/test_arithmetic.py,212,224,/app/Repos/pandas/pandas/tests/scalar/timedelta/test_arithmetic.py,224,233,True,4a0ce9c0e5b99b7342f1accd1cf86058
3738,/app/Repos/pandas/pandas/tests/arithmetic/test_datetime64.py,1659,1679,/app/Repos/pandas/pandas/tests/arithmetic/test_datetime64.py,1707,1735,True,43e20f75dccfcd28dec9e43d2aaa1527
3739,/app/Repos/pandas/pandas/tests/arithmetic/test_datetime64.py,1691,1707,/app/Repos/pandas/pandas/tests/arithmetic/test_datetime64.py,1707,1735,True,dbc85415591c18bb9beb30769e776284
3740,/app/Repos/pandas/pandas/tests/scalar/timedelta/test_arithmetic.py,363,372,/app/Repos/pandas/pandas/tests/scalar/timedelta/test_arithmetic.py,404,421,True,3087e87550e34fcb1e6d6fd5a653f98b
3741,/app/Repos/pandas/pandas/tests/test_config.py,130,143,/app/Repos/pandas/pandas/tests/test_config.py,143,162,True,8301382798cec49185303e196d7411d8
3742,/app/Repos/pandas/pandas/tests/test_config.py,130,143,/app/Repos/pandas/pandas/tests/test_config.py,171,186,True,e6272936151db06c6df832b127391d0d
3743,/app/Repos/pandas/pandas/tests/arithmetic/test_datetime64.py,1643,1659,/app/Repos/pandas/pandas/tests/arithmetic/test_datetime64.py,1707,1735,True,d3f54f78731d117f963a315520844c95
3744,/app/Repos/pandas/pandas/tests/scalar/timedelta/test_arithmetic.py,327,339,/app/Repos/pandas/pandas/tests/scalar/timedelta/test_arithmetic.py,551,568,True,b4f2addb8028fe6489d5a95042b3a0e3
3745,/app/Repos/pandas/pandas/tests/arithmetic/test_object.py,92,109,/app/Repos/pandas/pandas/tests/arithmetic/test_object.py,109,126,True,691d1015a786f732635270d3e8b6cced
3746,/app/Repos/pandas/pandas/tests/test_config.py,143,162,/app/Repos/pandas/pandas/tests/test_config.py,171,186,True,3e9f5086c740b26cf11a251f264e3902
3747,/app/Repos/pandas/pandas/tests/arithmetic/test_datetime64.py,1679,1691,/app/Repos/pandas/pandas/tests/arithmetic/test_datetime64.py,1707,1735,True,427dd41962f321c73d2d0f424b2e3eb1
3748,/app/Repos/pandas/pandas/tests/indexing/interval/test_interval_new.py,91,150,/app/Repos/pandas/pandas/tests/indexing/interval/test_interval_new.py,150,215,True,c42cef498c1ea00693f6fb4b97262c14
3749,/app/Repos/pandas/pandas/tests/computation/test_eval.py,1366,1374,/app/Repos/pandas/pandas/tests/computation/test_eval.py,1374,1388,True,5f2f41371d32ceda0acb1ffb26b7a2a9
3750,/app/Repos/pandas/pandas/tests/test_config.py,130,143,/app/Repos/pandas/pandas/tests/test_config.py,208,227,True,f70a490f4b539764e72a32c973516445
3751,/app/Repos/pandas/pandas/tests/test_config.py,143,162,/app/Repos/pandas/pandas/tests/test_config.py,208,227,True,73724ca266607ba4d477ce1fe7c57386
3752,/app/Repos/pandas/pandas/tests/test_config.py,171,186,/app/Repos/pandas/pandas/tests/test_config.py,208,227,True,15fa704950a58d37fc03ca1376a16825
3753,/app/Repos/pandas/pandas/tests/computation/test_eval.py,1104,1112,/app/Repos/pandas/pandas/tests/computation/test_eval.py,1571,1584,True,3ff4378c4e38a7e0d36d9abc00852db1
3754,/app/Repos/pandas/pandas/tests/computation/test_eval.py,1112,1120,/app/Repos/pandas/pandas/tests/computation/test_eval.py,1571,1584,True,5c54e342ac8d1b5533de2e6868094301
3755,/app/Repos/pandas/pandas/tests/computation/test_eval.py,1559,1571,/app/Repos/pandas/pandas/tests/computation/test_eval.py,1571,1584,True,3666a45419996ac2db456e6c573c0105
3756,/app/Repos/pandas/pandas/tests/test_config.py,130,143,/app/Repos/pandas/pandas/tests/test_config.py,227,243,True,7ef4211c57505ed6d6391f4c74c4599e
3757,/app/Repos/pandas/pandas/tests/test_config.py,143,162,/app/Repos/pandas/pandas/tests/test_config.py,227,243,True,962c4dfcad9a06a9824d35496ce74006
3758,/app/Repos/pandas/pandas/tests/arrays/sparse/test_array.py,65,71,/app/Repos/pandas/pandas/tests/arrays/sparse/test_array.py,71,77,True,bcc5509c57b91010863db647f2b31951
3759,/app/Repos/pandas/pandas/tests/test_config.py,171,186,/app/Repos/pandas/pandas/tests/test_config.py,227,243,True,0a293bd8cb6af6d3ba487e3c1a824c44
3760,/app/Repos/pandas/pandas/tests/test_config.py,208,227,/app/Repos/pandas/pandas/tests/test_config.py,227,243,True,9428b9de816e0454ed22e6db9a8d203c
3370,/app/Repos/pandas/pandas/tests/generic/test_frame.py,91,164,/app/Repos/pandas/pandas/tests/generic/test_frame.py,91,164,False,807b88b7589ec73ab70b0ce37af61df4
3370,/app/Repos/pandas/pandas/tests/generic/test_frame.py,91,164,/app/Repos/pandas/pandas/tests/generic/test_frame.py,91,164,False,807b88b7589ec73ab70b0ce37af61df4
3370,/app/Repos/pandas/pandas/tests/generic/test_frame.py,91,164,/app/Repos/pandas/pandas/tests/generic/test_frame.py,91,164,False,807b88b7589ec73ab70b0ce37af61df4
3761,/app/Repos/pandas/pandas/tests/arrays/test_integer.py,356,372,/app/Repos/pandas/pandas/tests/arrays/test_integer.py,372,390,True,f8e13e7ec89bb780a39a8007e6b2586b
3762,/app/Repos/pandas/pandas/tests/test_config.py,130,143,/app/Repos/pandas/pandas/tests/test_config.py,243,310,True,e1f8c013a61b58f0fb4c299d353027a3
3763,/app/Repos/pandas/pandas/tests/arrays/sparse/test_array.py,263,294,/app/Repos/pandas/pandas/tests/arrays/sparse/test_array.py,328,346,True,eab8eb07c5ed3441f39cc015c80ff4dc
3764,/app/Repos/pandas/pandas/tests/generic/test_label_or_level_utils.py,303,314,/app/Repos/pandas/pandas/tests/generic/test_label_or_level_utils.py,380,399,True,881ff61d85cc1ab7a4212f2b517308f1
3765,/app/Repos/pandas/pandas/tests/scalar/interval/test_interval.py,50,55,/app/Repos/pandas/pandas/tests/scalar/interval/test_interval.py,55,66,True,1c483baec4f4ba816f248e244ca0620b
3766,/app/Repos/pandas/pandas/tests/arrays/test_integer.py,569,581,/app/Repos/pandas/pandas/tests/arrays/test_integer.py,581,590,True,e803b8770f48e5bd27c724ac797ba4bc
3767,/app/Repos/pandas/pandas/tests/test_multilevel.py,528,562,/app/Repos/pandas/pandas/tests/test_multilevel.py,562,576,True,903b7171668019a4b782fd2f0f0a2762
3768,/app/Repos/pandas/pandas/tests/scalar/interval/test_interval.py,112,133,/app/Repos/pandas/pandas/tests/scalar/interval/test_interval.py,133,151,True,bc6a9e1d6daeb49c4646978023c92dab
3769,/app/Repos/pandas/pandas/tests/test_config.py,227,243,/app/Repos/pandas/pandas/tests/test_config.py,243,310,True,93bbeeb56de4f8f1588e61999fbd8484
3770,/app/Repos/pandas/pandas/tests/scalar/interval/test_interval.py,112,133,/app/Repos/pandas/pandas/tests/scalar/interval/test_interval.py,151,173,True,93e0ae9e745507ee82c56c20a918ce4f
3771,/app/Repos/pandas/pandas/tests/scalar/interval/test_interval.py,133,151,/app/Repos/pandas/pandas/tests/scalar/interval/test_interval.py,151,173,True,40f916100e701185ab10408a8e1c874f
3772,/app/Repos/pandas/pandas/tests/scalar/interval/test_interval.py,112,133,/app/Repos/pandas/pandas/tests/scalar/interval/test_interval.py,173,191,True,4478f2eb3f5c19bf31bc766fd54b68d4
3773,/app/Repos/pandas/pandas/tests/scalar/interval/test_interval.py,133,151,/app/Repos/pandas/pandas/tests/scalar/interval/test_interval.py,173,191,True,dcd6619be19c735f44098e20214933c5
3774,/app/Repos/pandas/pandas/tests/scalar/interval/test_interval.py,151,173,/app/Repos/pandas/pandas/tests/scalar/interval/test_interval.py,173,191,True,e76510fdfbf405a8790bb0289ebf020d
3775,/app/Repos/pandas/pandas/tests/scalar/interval/test_interval.py,112,133,/app/Repos/pandas/pandas/tests/scalar/interval/test_interval.py,191,209,True,d7ed92b6fc93087ccc2acd1e53e1be6b
3776,/app/Repos/pandas/pandas/tests/scalar/interval/test_interval.py,151,173,/app/Repos/pandas/pandas/tests/scalar/interval/test_interval.py,191,209,True,e95ff2d85aa3814bf78100b70f35573e
3777,/app/Repos/pandas/pandas/tests/scalar/interval/test_interval.py,173,191,/app/Repos/pandas/pandas/tests/scalar/interval/test_interval.py,191,209,True,c72ca8da80e1ae62388ced14c2b737d6
3778,/app/Repos/pandas/pandas/tests/indexes/multi/test_get_set.py,68,81,/app/Repos/pandas/pandas/tests/indexes/multi/test_get_set.py,96,120,True,238bba871f34969d33e814b3ecf7eda4
3779,/app/Repos/pandas/pandas/tests/scalar/interval/test_interval.py,133,151,/app/Repos/pandas/pandas/tests/scalar/interval/test_interval.py,191,209,True,c2783b55d1f52c3f54f4be020c25b65a
3780,/app/Repos/pandas/pandas/tests/scalar/period/test_asfreq.py,181,226,/app/Repos/pandas/pandas/tests/scalar/period/test_asfreq.py,352,397,True,41f6f4f5e049f18565e755c883c332c7
3781,/app/Repos/pandas/pandas/tests/arrays/sparse/test_array.py,294,328,/app/Repos/pandas/pandas/tests/arrays/sparse/test_array.py,328,346,True,3e3002720f226de7badde33c9b20efd0
3782,/app/Repos/pandas/pandas/tests/indexes/multi/test_get_set.py,81,96,/app/Repos/pandas/pandas/tests/indexes/multi/test_get_set.py,96,120,True,3402cdcccc44a44c4ef4f6c698bc5351
1839,/app/Repos/pandas/pandas/tests/indexes/multi/test_format.py,23,29,/app/Repos/pandas/pandas/tests/indexes/multi/test_format.py,23,29,False,e215f8820eed4591ce6a5d845b7132dc
3783,/app/Repos/pandas/pandas/tests/test_multilevel.py,1215,1246,/app/Repos/pandas/pandas/tests/test_multilevel.py,1218,1224,True,6eb6ba611ac25da04c75a0f00cc47d58
1839,/app/Repos/pandas/pandas/tests/indexes/multi/test_format.py,23,29,/app/Repos/pandas/pandas/tests/indexes/multi/test_format.py,23,29,False,e215f8820eed4591ce6a5d845b7132dc
3784,/app/Repos/pandas/pandas/tests/frame/test_alter_axes.py,660,700,/app/Repos/pandas/pandas/tests/indexes/multi/test_format.py,23,29,True,396b8d3c9e4b829e2df07a2ba27b0729
1839,/app/Repos/pandas/pandas/tests/indexes/multi/test_format.py,23,29,/app/Repos/pandas/pandas/tests/indexes/multi/test_format.py,23,29,False,e215f8820eed4591ce6a5d845b7132dc
1839,/app/Repos/pandas/pandas/tests/indexes/multi/test_format.py,23,29,/app/Repos/pandas/pandas/tests/indexes/multi/test_format.py,23,29,False,e215f8820eed4591ce6a5d845b7132dc
1839,/app/Repos/pandas/pandas/tests/indexes/multi/test_format.py,23,29,/app/Repos/pandas/pandas/tests/indexes/multi/test_format.py,23,29,False,e215f8820eed4591ce6a5d845b7132dc
1839,/app/Repos/pandas/pandas/tests/indexes/multi/test_format.py,23,29,/app/Repos/pandas/pandas/tests/indexes/multi/test_format.py,23,29,False,e215f8820eed4591ce6a5d845b7132dc
3785,/app/Repos/pandas/pandas/tests/test_algos.py,865,892,/app/Repos/pandas/pandas/tests/test_algos.py,892,901,True,cf6b9aa4f1054457bb44e214545af4aa
3786,/app/Repos/pandas/pandas/tests/indexes/multi/test_format.py,23,29,/app/Repos/pandas/pandas/tests/indexes/multi/test_format.py,44,53,True,e26fe2675e2f05b19f23c8829c2599e9
3787,/app/Repos/pandas/pandas/tests/frame/test_alter_axes.py,660,700,/app/Repos/pandas/pandas/tests/indexes/multi/test_format.py,44,53,True,eaa00c7c6c1d2ac8508ff43a10ab9446
3788,/app/Repos/pandas/pandas/tests/frame/test_alter_axes.py,122,155,/app/Repos/pandas/pandas/tests/frame/test_alter_axes.py,218,232,True,433a727cf1cfdf692b4da088023b8369
3789,/app/Repos/pandas/pandas/tests/scalar/period/test_asfreq.py,226,333,/app/Repos/pandas/pandas/tests/scalar/period/test_asfreq.py,352,397,True,c30271511c4f5583575a2de4e15b01f3
3790,/app/Repos/pandas/pandas/tests/frame/test_alter_axes.py,155,184,/app/Repos/pandas/pandas/tests/frame/test_alter_axes.py,218,232,True,579f6d59e6d53e96eec4531a6ccaad88
3791,/app/Repos/pandas/pandas/tests/arrays/test_integer.py,636,660,/app/Repos/pandas/pandas/tests/arrays/test_integer.py,660,683,True,a0612e18b629d5331bfb8cb2ae9c823b
3792,/app/Repos/pandas/pandas/tests/frame/test_alter_axes.py,184,218,/app/Repos/pandas/pandas/tests/frame/test_alter_axes.py,218,232,True,863e7f9ac44ab44f78df05b6a494b785
3793,/app/Repos/pandas/pandas/tests/indexes/multi/test_format.py,53,60,/app/Repos/pandas/pandas/tests/indexes/multi/test_format.py,113,123,True,e41afa55bbce6c8aa29382d7f142aa6b
3794,/app/Repos/pandas/pandas/tests/indexes/multi/test_format.py,103,113,/app/Repos/pandas/pandas/tests/indexes/multi/test_format.py,113,123,True,735ce0443f47133ffabaa72ffd5a0d90
3795,/app/Repos/pandas/pandas/tests/arithmetic/test_datetime64.py,297,304,/app/Repos/pandas/pandas/tests/arithmetic/test_datetime64.py,311,326,True,5444af54a867799471c3c3db44d3d928
3796,/app/Repos/pandas/pandas/tests/arithmetic/test_datetime64.py,304,311,/app/Repos/pandas/pandas/tests/arithmetic/test_datetime64.py,311,326,True,7dba6c16beb684abac024b79cd98c677
3797,/app/Repos/pandas/pandas/tests/indexes/interval/test_interval.py,245,273,/app/Repos/pandas/pandas/tests/indexes/interval/test_interval.py,273,352,True,e137438d2ca459c6e29f75b9271618d2
3798,/app/Repos/pandas/pandas/tests/arithmetic/test_datetime64.py,279,297,/app/Repos/pandas/pandas/tests/arithmetic/test_datetime64.py,311,326,True,8ccfbc850b3482978193cdaf6d96a75c
3799,/app/Repos/pandas/pandas/tests/tslibs/test_array_to_datetime.py,55,72,/app/Repos/pandas/pandas/tests/tslibs/test_array_to_datetime.py,136,145,True,4d0af47e11d0de116dc8bd18b9b012d3
3800,/app/Repos/pandas/pandas/tests/indexes/interval/test_interval.py,402,425,/app/Repos/pandas/pandas/tests/indexes/interval/test_interval.py,402,425,True,c0b63f0ae8b4c07183ee2d8dbe6186ca
3801,/app/Repos/pandas/pandas/tests/tslibs/test_array_to_datetime.py,121,136,/app/Repos/pandas/pandas/tests/tslibs/test_array_to_datetime.py,136,145,True,01994cb9cdce63a75cff9844d9d178f1
3802,/app/Repos/pandas/pandas/tests/tslibs/test_array_to_datetime.py,55,72,/app/Repos/pandas/pandas/tests/tslibs/test_array_to_datetime.py,145,163,True,3017137cc1874bc5f318a1e841975c8d
3803,/app/Repos/pandas/pandas/tests/tslibs/test_array_to_datetime.py,136,145,/app/Repos/pandas/pandas/tests/tslibs/test_array_to_datetime.py,145,163,True,1a1efc64cb9250b593e1e964b0464058
3804,/app/Repos/pandas/pandas/tests/test_multilevel.py,1763,1778,/app/Repos/pandas/pandas/tests/test_multilevel.py,1778,1808,True,6379378d8f9cc56fdd7230adc86b08ae
3805,/app/Repos/pandas/pandas/tests/indexes/multi/test_sorting.py,12,36,/app/Repos/pandas/pandas/tests/indexes/multi/test_sorting.py,42,64,True,adbba7c2b1c19ed0a7f6e6c8ba8db441
3806,/app/Repos/pandas/pandas/tests/indexing/common.py,198,306,/app/Repos/pandas/pandas/tests/indexing/common.py,200,264,True,201ecf4287733e211a1ff140d74b77fc
3807,/app/Repos/pandas/pandas/tests/indexing/common.py,198,306,/app/Repos/pandas/pandas/tests/indexing/common.py,206,215,True,4bc320fd19e9d5e10e04d6f3792f7b89
3808,/app/Repos/pandas/pandas/tests/indexing/common.py,200,264,/app/Repos/pandas/pandas/tests/indexing/common.py,206,215,True,7b78cdd7b00885cb6e3fde81481ef79f
3809,/app/Repos/pandas/pandas/tests/indexes/interval/test_interval.py,507,527,/app/Repos/pandas/pandas/tests/indexes/interval/test_interval.py,527,549,True,9282438484a2c118ea77a546845ce53d
3810,/app/Repos/pandas/pandas/tests/sparse/frame/test_indexing.py,10,38,/app/Repos/pandas/pandas/tests/sparse/series/test_indexing.py,10,38,True,cb10d13fc33401bf796fefc0ca03394a
3811,/app/Repos/pandas/pandas/tests/sparse/frame/test_indexing.py,38,73,/app/Repos/pandas/pandas/tests/sparse/series/test_indexing.py,10,38,True,b9a412bc09672f49639f3dc0d5cdd45b
3812,/app/Repos/pandas/pandas/tests/frame/test_subclass.py,162,187,/app/Repos/pandas/pandas/tests/frame/test_subclass.py,187,214,True,97758330fc19547f37dc4bfd3a6accaa
3813,/app/Repos/pandas/pandas/tests/indexes/interval/test_interval.py,499,507,/app/Repos/pandas/pandas/tests/indexes/interval/test_interval.py,596,606,True,63c903949b6a9c0bfd960ebdc15f7bc2
3814,/app/Repos/pandas/pandas/tests/sparse/frame/test_indexing.py,10,38,/app/Repos/pandas/pandas/tests/sparse/series/test_indexing.py,38,73,True,ada0e13997d1ed719eeccd0c77d8a6b6
3815,/app/Repos/pandas/pandas/tests/indexes/interval/test_interval.py,527,549,/app/Repos/pandas/pandas/tests/indexes/interval/test_interval.py,606,623,True,f9d5cf49aeb80e04d060061c5b8b88ef
3816,/app/Repos/pandas/pandas/tests/sparse/frame/test_indexing.py,38,73,/app/Repos/pandas/pandas/tests/sparse/series/test_indexing.py,38,73,True,3e5604a6af314832dd4e1764d8fab0ef
3817,/app/Repos/pandas/pandas/tests/sparse/series/test_indexing.py,10,38,/app/Repos/pandas/pandas/tests/sparse/series/test_indexing.py,38,73,True,f3536220d7a65a0db0b23a756d9a5132
3818,/app/Repos/pandas/pandas/tests/arithmetic/test_datetime64.py,1643,1659,/app/Repos/pandas/pandas/tests/arithmetic/test_datetime64.py,1659,1679,True,e46e2031757138f0f521372c493da124
3819,/app/Repos/pandas/pandas/tests/indexes/interval/test_interval.py,507,527,/app/Repos/pandas/pandas/tests/indexes/interval/test_interval.py,623,657,True,12d16281b23f8f18694b54bc83a66428
3820,/app/Repos/pandas/pandas/tests/frame/test_subclass.py,93,129,/app/Repos/pandas/pandas/tests/frame/test_subclass.py,253,266,True,a3c283ccc679285ff32c93a534e5f2e5
3821,/app/Repos/pandas/pandas/tests/sparse/frame/test_indexing.py,73,91,/app/Repos/pandas/pandas/tests/sparse/series/test_indexing.py,73,91,True,1f63140c9968f5200b64fef2a701bb11
3822,/app/Repos/pandas/pandas/tests/sparse/frame/test_indexing.py,91,114,/app/Repos/pandas/pandas/tests/sparse/series/test_indexing.py,73,91,True,6b50d5c3406afd4a58ebdda2bd17078f
3823,/app/Repos/pandas/pandas/tests/sparse/series/test_indexing.py,10,38,/app/Repos/pandas/pandas/tests/sparse/series/test_indexing.py,73,91,True,e3e5450d0bdb04f54a4caccdbea66e6e
3824,/app/Repos/pandas/pandas/tests/sparse/frame/test_indexing.py,91,114,/app/Repos/pandas/pandas/tests/sparse/series/test_indexing.py,91,114,True,11dd0be8072f5487a0f2435421928745
3825,/app/Repos/pandas/pandas/tests/sparse/series/test_indexing.py,38,73,/app/Repos/pandas/pandas/tests/sparse/series/test_indexing.py,91,114,True,2179202bfc21e30d52bbd7a5af15de65
3826,/app/Repos/pandas/pandas/tests/sparse/frame/test_indexing.py,73,91,/app/Repos/pandas/pandas/tests/sparse/series/test_indexing.py,91,114,True,be84e3a312a2d0af6ab8fc3c366e129d
3827,/app/Repos/pandas/pandas/tests/sparse/series/test_indexing.py,73,91,/app/Repos/pandas/pandas/tests/sparse/series/test_indexing.py,91,114,True,f831193a83dc3461f7b1fc7cbd4d9091
3828,/app/Repos/pandas/pandas/tests/indexes/interval/test_interval.py,657,675,/app/Repos/pandas/pandas/tests/indexes/interval/test_interval.py,675,697,True,49c56830c1a62e40761e13354609b8fb
3829,/app/Repos/pandas/pandas/tests/scalar/period/test_asfreq.py,53,121,/app/Repos/pandas/pandas/tests/scalar/period/test_asfreq.py,181,226,True,025925ac8f57eb4eca679042ce88779a
3830,/app/Repos/pandas/pandas/tests/frame/test_subclass.py,266,317,/app/Repos/pandas/pandas/tests/frame/test_subclass.py,317,368,True,f24ec4a49608c6b10e6b517a0243dd7d
3831,/app/Repos/pandas/pandas/tests/indexes/interval/test_interval.py,755,779,/app/Repos/pandas/pandas/tests/indexes/interval/test_interval.py,779,804,True,487b06175d9836dd3228c6c5b6dc51ac
3832,/app/Repos/pandas/pandas/tests/frame/test_dtypes.py,159,169,/app/Repos/pandas/pandas/tests/generic/test_frame.py,222,264,True,8c9edd67e7cb10078d7b37893807e2e0
3833,/app/Repos/pandas/pandas/tests/frame/test_subclass.py,253,266,/app/Repos/pandas/pandas/tests/frame/test_subclass.py,368,381,True,919afb6c9509311791b8d12cdca41504
3834,/app/Repos/pandas/pandas/tests/arithmetic/test_datetime64.py,326,356,/app/Repos/pandas/pandas/tests/arithmetic/test_timedelta64.py,48,78,True,7f381a16eebc4f83f78a4684f9ea02bb
3835,/app/Repos/pandas/pandas/tests/indexes/interval/test_interval.py,755,779,/app/Repos/pandas/pandas/tests/indexes/interval/test_interval.py,804,819,True,c5d7f8bf2332c2828b0a37e06283a551
3836,/app/Repos/pandas/pandas/tests/indexes/interval/test_interval.py,779,804,/app/Repos/pandas/pandas/tests/indexes/interval/test_interval.py,804,819,True,dcc16ffd855b70e922cc65dce29ba1e2
3837,/app/Repos/pandas/pandas/tests/frame/test_subclass.py,93,129,/app/Repos/pandas/pandas/tests/frame/test_subclass.py,368,381,True,063c972c621dfaa68e190468c8a620ef
3838,/app/Repos/pandas/pandas/tests/indexes/interval/test_interval.py,804,819,/app/Repos/pandas/pandas/tests/indexes/interval/test_interval.py,819,836,True,4dbb9d71481e128478efbbf14af91334
3839,/app/Repos/pandas/pandas/tests/scalar/period/test_asfreq.py,121,181,/app/Repos/pandas/pandas/tests/scalar/period/test_asfreq.py,181,226,True,4620f5855026c15f9aae933f82079567
3840,/app/Repos/pandas/pandas/tests/frame/test_subclass.py,266,317,/app/Repos/pandas/pandas/tests/frame/test_subclass.py,381,420,True,02706fa0932040233f1bb473620f585a
3841,/app/Repos/pandas/pandas/tests/frame/test_dtypes.py,379,391,/app/Repos/pandas/pandas/tests/generic/test_frame.py,222,264,True,e98bc30511dcb4fe9a0ac601ebc6209e
3842,/app/Repos/pandas/pandas/tests/indexes/interval/test_interval.py,234,245,/app/Repos/pandas/pandas/tests/indexes/interval/test_interval.py,960,980,True,4209d0d526f0599fdb82fd6a454cfa37
3843,/app/Repos/pandas/pandas/tests/arithmetic/test_datetime64.py,356,445,/app/Repos/pandas/pandas/tests/arithmetic/test_timedelta64.py,78,119,True,3b23d1f7ec71724e16e2f4fb0c235d1e
3844,/app/Repos/pandas/pandas/tests/generic/test_frame.py,176,222,/app/Repos/pandas/pandas/tests/generic/test_frame.py,222,264,True,2289f066fe4b83b40e59a54968de0c95
3845,/app/Repos/pandas/pandas/tests/frame/test_subclass.py,381,420,/app/Repos/pandas/pandas/tests/frame/test_subclass.py,420,459,True,3dfa99c5fd6902a820b5c6e411cd26f8
3846,/app/Repos/pandas/pandas/tests/arithmetic/conftest.py,112,123,/app/Repos/pandas/pandas/tests/arithmetic/conftest.py,123,136,True,7872ccc2580810b32b431cc863296925
3847,/app/Repos/pandas/pandas/tests/indexes/interval/test_interval.py,1078,1091,/app/Repos/pandas/pandas/tests/indexes/interval/test_interval.py,1091,1117,True,1b2418061d9ccb718a66b4dab4762538
3848,/app/Repos/pandas/pandas/tests/indexes/interval/test_interval.py,1117,1126,/app/Repos/pandas/pandas/tests/indexes/interval/test_interval.py,1126,1137,True,3258ab15c1b7ba820a0744541fa2f8f5
3849,/app/Repos/pandas/pandas/tests/sparse/frame/conftest.py,61,73,/app/Repos/pandas/pandas/tests/sparse/frame/conftest.py,86,98,True,341c210fe549b11c3711e3a74ad66524
3850,/app/Repos/pandas/pandas/tests/sparse/frame/conftest.py,73,86,/app/Repos/pandas/pandas/tests/sparse/frame/conftest.py,86,98,True,acc9ec824b85b528ada8b502c13567b3
3851,/app/Repos/pandas/pandas/tests/frame/test_subclass.py,477,496,/app/Repos/pandas/pandas/tests/frame/test_subclass.py,520,575,True,3820efc8907a2cd2f3c066fa783a9251
3852,/app/Repos/pandas/pandas/tests/arithmetic/test_object.py,34,49,/app/Repos/pandas/pandas/tests/arithmetic/test_object.py,49,74,True,c6a83872340288474cf4f77bdbb4cf50
3853,/app/Repos/pandas/pandas/tests/test_multilevel.py,754,782,/app/Repos/pandas/pandas/tests/test_multilevel.py,755,763,True,6b6e0d40173537703e8033a527cc57e8
3854,/app/Repos/pandas/pandas/tests/generic/test_label_or_level_utils.py,79,93,/app/Repos/pandas/pandas/tests/generic/test_label_or_level_utils.py,252,266,True,6f6d3eff022fb69a5024e6a17e9e42e8
3855,/app/Repos/pandas/pandas/tests/generic/test_label_or_level_utils.py,93,113,/app/Repos/pandas/pandas/tests/generic/test_label_or_level_utils.py,266,279,True,edfe37e35793c0f1f01502bef819ccea
3856,/app/Repos/pandas/pandas/tests/generic/test_label_or_level_utils.py,166,191,/app/Repos/pandas/pandas/tests/generic/test_label_or_level_utils.py,266,279,True,43445f03addf81b69cd3ce3e28287fe0
3857,/app/Repos/pandas/pandas/tests/arithmetic/test_datetime64.py,1548,1582,/app/Repos/pandas/pandas/tests/arithmetic/test_timedelta64.py,141,161,True,bfe2fc97fef29771bbb054bc8e64225b
3858,/app/Repos/pandas/pandas/tests/generic/test_label_or_level_utils.py,113,126,/app/Repos/pandas/pandas/tests/generic/test_label_or_level_utils.py,303,314,True,24759a5e3682e275708842b755784333
3859,/app/Repos/pandas/pandas/tests/indexes/multi/test_get_set.py,56,68,/app/Repos/pandas/pandas/tests/indexing/test_multiindex.py,489,590,True,12c24a545769e77a3d21dc6e8360a9de
3860,/app/Repos/pandas/pandas/tests/scalar/period/test_asfreq.py,524,577,/app/Repos/pandas/pandas/tests/scalar/period/test_asfreq.py,577,628,True,c1560c60302c09dbed7290c0695ba1ea
3861,/app/Repos/pandas/pandas/tests/generic/test_label_or_level_utils.py,79,93,/app/Repos/pandas/pandas/tests/generic/test_label_or_level_utils.py,361,380,True,1d0cc2e5180df0baedf33202fb6b076b
3862,/app/Repos/pandas/pandas/tests/generic/test_label_or_level_utils.py,252,266,/app/Repos/pandas/pandas/tests/generic/test_label_or_level_utils.py,361,380,True,a067fce2406fdc66934cc57bfc6094ab
3863,/app/Repos/pandas/pandas/tests/arithmetic/test_datetime64.py,1032,1040,/app/Repos/pandas/pandas/tests/arithmetic/test_timedelta64.py,365,380,True,587e286c99c7e44dd0125ec95b2d491d
3864,/app/Repos/pandas/pandas/tests/test_algos.py,230,240,/app/Repos/pandas/pandas/tests/test_algos.py,250,260,True,c14c01fd49b777f7fd92b3a43f4b7e02
3865,/app/Repos/pandas/pandas/tests/frame/test_dtypes.py,858,882,/app/Repos/pandas/pandas/tests/indexing/test_multiindex.py,739,748,True,0bbb5dac03b513f2585506403f45bb67
3866,/app/Repos/pandas/pandas/tests/test_strings.py,2315,2347,/app/Repos/pandas/pandas/tests/test_strings.py,2372,2401,True,8a1e34820e917831ed4fecc986e053d6
3867,/app/Repos/pandas/pandas/tests/scalar/period/test_asfreq.py,181,226,/app/Repos/pandas/pandas/tests/scalar/period/test_asfreq.py,397,471,True,5b2ff23a94e1050f7223c6e4f580a3f8
3868,/app/Repos/pandas/pandas/tests/plotting/test_series.py,349,356,/app/Repos/pandas/pandas/tests/plotting/test_series.py,356,371,True,1af5e5cf021c36af5a1f66b75e683012
3869,/app/Repos/pandas/pandas/tests/indexes/multi/test_format.py,44,53,/app/Repos/pandas/pandas/tests/indexes/multi/test_indexing.py,259,289,True,0ff1a21108f6910813b1e3dd7bf3abfc
3870,/app/Repos/pandas/pandas/tests/frame/test_missing.py,631,641,/app/Repos/pandas/pandas/tests/sparse/frame/test_frame.py,50,59,True,8857f3a0e22ba8faa7b6935c4e7e55c5
3871,/app/Repos/pandas/pandas/tests/computation/test_eval.py,406,445,/app/Repos/pandas/pandas/tests/computation/test_eval.py,538,559,True,91da7644724e7b722c477b2be67f91c0
3872,/app/Repos/pandas/pandas/tests/arithmetic/test_datetime64.py,1395,1410,/app/Repos/pandas/pandas/tests/arithmetic/test_timedelta64.py,380,394,True,5636d0553e088206cbfd2cce8d490908
3873,/app/Repos/pandas/pandas/tests/scalar/period/test_asfreq.py,352,397,/app/Repos/pandas/pandas/tests/scalar/period/test_asfreq.py,397,471,True,8dbcf875207f0151b2e06cc891dcf2ee
3874,/app/Repos/pandas/pandas/tests/plotting/test_series.py,349,356,/app/Repos/pandas/pandas/tests/plotting/test_series.py,469,509,True,50fe1505b2f2d731b50a1897e4fa1031
3875,/app/Repos/pandas/pandas/tests/arrays/categorical/test_warnings.py,9,19,/app/Repos/pandas/pandas/tests/indexes/test_base.py,2190,2202,True,0efb5fe7085244104d5f778cebef87d2
3876,/app/Repos/pandas/pandas/tests/frame/test_alter_axes.py,1089,1104,/app/Repos/pandas/pandas/tests/groupby/test_categorical.py,607,635,True,ad4514f45a4726a3358a77c67d437e9a
3877,/app/Repos/pandas/pandas/tests/computation/test_eval.py,488,513,/app/Repos/pandas/pandas/tests/computation/test_eval.py,538,559,True,d5bfd990ca0c5e3f87711e5c5f437529
3878,/app/Repos/pandas/pandas/tests/arithmetic/test_datetime64.py,1040,1053,/app/Repos/pandas/pandas/tests/arithmetic/test_timedelta64.py,411,421,True,fa4a0764839a7f76ded51737a8e0a2de
3879,/app/Repos/pandas/pandas/tests/frame/test_missing.py,473,489,/app/Repos/pandas/pandas/tests/frame/test_missing.py,489,507,True,2e1bb2f017697493f8a13aef665f2b95
3880,/app/Repos/pandas/pandas/tests/plotting/test_series.py,678,690,/app/Repos/pandas/pandas/tests/plotting/test_series.py,690,700,True,06cb67fb2b6fac2fb15e223bd62b2288
3881,/app/Repos/pandas/pandas/tests/indexes/test_base.py,2444,2450,/app/Repos/pandas/pandas/tests/indexes/test_base.py,2444,2450,True,10824b9b80ef31058518383415767e1a
3882,/app/Repos/pandas/pandas/tests/plotting/test_hist_method.py,30,54,/app/Repos/pandas/pandas/tests/plotting/test_hist_method.py,30,54,True,588843848f079083d083ac215b0b5403
3883,/app/Repos/pandas/pandas/tests/computation/test_eval.py,445,488,/app/Repos/pandas/pandas/tests/computation/test_eval.py,538,559,True,7e9e8200eaf2aff66ee0dacaf63b6520
3884,/app/Repos/pandas/pandas/tests/arithmetic/test_datetime64.py,1707,1735,/app/Repos/pandas/pandas/tests/arithmetic/test_timedelta64.py,890,925,True,9fab585b2d1972eb59681f66491e5d41
3885,/app/Repos/pandas/pandas/tests/scalar/timestamp/test_comparisons.py,92,113,/app/Repos/pandas/pandas/tests/scalar/timestamp/test_comparisons.py,134,155,True,d26a7005d10ce8f1668f29a1ca29fa61
3886,/app/Repos/pandas/pandas/tests/plotting/test_series.py,836,842,/app/Repos/pandas/pandas/tests/plotting/test_series.py,842,849,True,b779f1753fff1ac8f0b59945810412fd
3887,/app/Repos/pandas/pandas/tests/arithmetic/test_datetime64.py,445,485,/app/Repos/pandas/pandas/tests/indexes/test_base.py,2472,2493,True,c7e894252297815771c7c8e669e8bb3d
3888,/app/Repos/pandas/pandas/tests/plotting/test_hist_method.py,54,60,/app/Repos/pandas/pandas/tests/plotting/test_hist_method.py,54,60,True,16e05686fd11a0d6f454126ed570e4cd
3889,/app/Repos/pandas/pandas/tests/computation/test_eval.py,513,538,/app/Repos/pandas/pandas/tests/computation/test_eval.py,538,559,True,a84b954ecae19158f45afd1bfe139c70
3890,/app/Repos/pandas/pandas/tests/indexes/interval/test_interval.py,173,186,/app/Repos/pandas/pandas/tests/indexes/period/test_indexing.py,195,208,True,b719f40160ee8ac21672b85ca2137486
3891,/app/Repos/pandas/pandas/tests/scalar/timestamp/test_comparisons.py,113,134,/app/Repos/pandas/pandas/tests/scalar/timestamp/test_comparisons.py,134,155,True,5a4f8e45c8253a55d88481a70d12910e
3892,/app/Repos/pandas/pandas/tests/arrays/sparse/test_arithmetics.py,139,158,/app/Repos/pandas/pandas/tests/arrays/sparse/test_arithmetics.py,158,177,True,dd4844019268a384373ab83ef76d43f8
3893,/app/Repos/pandas/pandas/tests/arithmetic/conftest.py,82,96,/app/Repos/pandas/pandas/tests/indexes/timedeltas/test_arithmetic.py,18,26,True,f498e81f74d1e2aac09c5500799c5d32
3888,/app/Repos/pandas/pandas/tests/plotting/test_hist_method.py,54,60,/app/Repos/pandas/pandas/tests/plotting/test_hist_method.py,54,60,False,16e05686fd11a0d6f454126ed570e4cd
3894,/app/Repos/pandas/pandas/tests/computation/test_eval.py,249,269,/app/Repos/pandas/pandas/tests/computation/test_eval.py,727,733,True,d003abc7486d7f9165a6ea550629ad4d
1297,/app/Repos/pandas/pandas/tests/indexes/test_base.py,1742,1751,/app/Repos/pandas/pandas/tests/indexes/test_base.py,1742,1751,False,540b66c1cda5f146a196e4181a8360af
3895,/app/Repos/pandas/pandas/tests/arrays/test_datetimelike.py,72,81,/app/Repos/pandas/pandas/tests/arrays/test_datetimelike.py,142,150,True,f34722ca9044c7621fbc45d8cafff69a
3896,/app/Repos/pandas/pandas/tests/groupby/test_filters.py,319,360,/app/Repos/pandas/pandas/tests/groupby/test_filters.py,360,401,True,12ddc5a7296df68bc2c39bf0dfd8cfe3
3897,/app/Repos/pandas/pandas/tests/arithmetic/test_numeric.py,390,413,/app/Repos/pandas/pandas/tests/arithmetic/test_numeric.py,390,413,True,6e923c8379b8c0b99d9c57e709ac5b99
3888,/app/Repos/pandas/pandas/tests/plotting/test_hist_method.py,54,60,/app/Repos/pandas/pandas/tests/plotting/test_hist_method.py,54,60,False,16e05686fd11a0d6f454126ed570e4cd
3898,/app/Repos/pandas/pandas/tests/computation/test_eval.py,827,845,/app/Repos/pandas/pandas/tests/computation/test_eval.py,941,968,True,6cfb5576c25c8f5f6efc744b22601526
3899,/app/Repos/pandas/pandas/tests/indexes/multi/test_equivalence.py,90,132,/app/Repos/pandas/pandas/tests/indexes/multi/test_equivalence.py,90,132,True,6cae0988fde41d9f2bedef0548915959
3900,/app/Repos/pandas/pandas/tests/arrays/test_datetimelike.py,108,120,/app/Repos/pandas/pandas/tests/arrays/test_datetimelike.py,223,232,True,ccf1a8e3268a4fceff6e22dbad30bc0f
3901,/app/Repos/pandas/pandas/tests/groupby/conftest.py,7,18,/app/Repos/pandas/pandas/tests/groupby/test_whitelist.py,106,117,True,7fac508bc63ee0cda8489475f27a1d42
3897,/app/Repos/pandas/pandas/tests/arithmetic/test_numeric.py,390,413,/app/Repos/pandas/pandas/tests/arithmetic/test_numeric.py,390,413,False,6e923c8379b8c0b99d9c57e709ac5b99
3902,/app/Repos/pandas/pandas/tests/plotting/test_hist_method.py,60,69,/app/Repos/pandas/pandas/tests/plotting/test_hist_method.py,60,69,True,4b13d5172da9275bab981a0c665a9227
3903,/app/Repos/pandas/pandas/tests/computation/test_eval.py,880,898,/app/Repos/pandas/pandas/tests/computation/test_eval.py,941,968,True,9c022fa0f249be2ccf14bc745f56db51
3904,/app/Repos/pandas/pandas/tests/arrays/test_datetimelike.py,120,131,/app/Repos/pandas/pandas/tests/arrays/test_datetimelike.py,223,232,True,5b6e59600b64d423d6dda42bc4351cc5
3905,/app/Repos/pandas/pandas/tests/arrays/sparse/test_array.py,102,134,/app/Repos/pandas/pandas/tests/arrays/sparse/test_array.py,134,151,True,31e8f176df602cf93d8e890138a800d9
3906,/app/Repos/pandas/pandas/tests/indexes/interval/test_interval.py,173,186,/app/Repos/pandas/pandas/tests/indexes/test_category.py,314,328,True,0db577b9afeebc587eb5e98381901a74
3902,/app/Repos/pandas/pandas/tests/plotting/test_hist_method.py,60,69,/app/Repos/pandas/pandas/tests/plotting/test_hist_method.py,60,69,False,4b13d5172da9275bab981a0c665a9227
3907,/app/Repos/pandas/pandas/tests/computation/test_eval.py,906,924,/app/Repos/pandas/pandas/tests/computation/test_eval.py,941,968,True,80a00da1ce4f430a30bfc0d08a3cc6c0
3908,/app/Repos/pandas/pandas/tests/arrays/test_datetimelike.py,168,179,/app/Repos/pandas/pandas/tests/arrays/test_datetimelike.py,223,232,True,c2da02bdf50c493ec03e04e7c61ef72b
3909,/app/Repos/pandas/pandas/tests/frame/test_alter_axes.py,52,76,/app/Repos/pandas/pandas/tests/frame/test_alter_axes.py,76,93,True,697c28f02d6ca58aa6518a2896c318d0
3910,/app/Repos/pandas/pandas/tests/generic/test_frame.py,34,40,/app/Repos/pandas/pandas/tests/generic/test_series.py,39,45,True,54ca76f6c8dae75aac7beaa046595057
3911,/app/Repos/pandas/pandas/tests/plotting/test_hist_method.py,69,115,/app/Repos/pandas/pandas/tests/plotting/test_hist_method.py,69,115,True,d96a8a1ad55b054e973928be71e4be5a
3912,/app/Repos/pandas/pandas/tests/computation/test_eval.py,1305,1332,/app/Repos/pandas/pandas/tests/computation/test_eval.py,1351,1366,True,239ef1de18877330881385695d931e1b
3913,/app/Repos/pandas/pandas/tests/arrays/test_datetimelike.py,212,223,/app/Repos/pandas/pandas/tests/arrays/test_datetimelike.py,223,232,True,b8d65eac22706be7f00b90f760581dc1
3914,/app/Repos/pandas/pandas/tests/arrays/sparse/test_array.py,752,772,/app/Repos/pandas/pandas/tests/arrays/sparse/test_array.py,798,818,True,86745ef975db7136163ab069229eeed9
3915,/app/Repos/pandas/pandas/tests/generic/test_frame.py,83,91,/app/Repos/pandas/pandas/tests/generic/test_series.py,72,97,True,a988c44e569d9f415fbe2d22db0ba751
3911,/app/Repos/pandas/pandas/tests/plotting/test_hist_method.py,69,115,/app/Repos/pandas/pandas/tests/plotting/test_hist_method.py,69,115,False,d96a8a1ad55b054e973928be71e4be5a
3916,/app/Repos/pandas/pandas/tests/computation/test_eval.py,1332,1351,/app/Repos/pandas/pandas/tests/computation/test_eval.py,1351,1366,True,3a2aec6b48c725cc6120342dd36ceae7
3917,/app/Repos/pandas/pandas/tests/computation/test_eval.py,1225,1287,/app/Repos/pandas/pandas/tests/computation/test_eval.py,1264,1272,True,b176ea8258d37ae1d0149fab8f659704
3918,/app/Repos/pandas/pandas/tests/frame/test_alter_axes.py,122,155,/app/Repos/pandas/pandas/tests/frame/test_alter_axes.py,155,184,True,30b22cfe8d45414b8199183974021947
3919,/app/Repos/pandas/pandas/tests/generic/test_frame.py,120,133,/app/Repos/pandas/pandas/tests/generic/test_series.py,124,176,True,dd03897330ad0e56cf3e49fc1e7b590e
3920,/app/Repos/pandas/pandas/tests/plotting/test_hist_method.py,115,128,/app/Repos/pandas/pandas/tests/plotting/test_hist_method.py,115,128,True,1607837f49c7985db7179f6f7b1ba394
3921,/app/Repos/pandas/pandas/tests/computation/test_eval.py,1421,1431,/app/Repos/pandas/pandas/tests/computation/test_eval.py,1437,1443,True,71eff2a13d6a66c55b4922db822bbe5c
3922,/app/Repos/pandas/pandas/tests/computation/test_eval.py,1388,1402,/app/Repos/pandas/pandas/tests/computation/test_eval.py,1402,1410,True,1c3d911a4275dfc53ecd428c08d81fa6
3923,/app/Repos/pandas/pandas/tests/frame/test_alter_axes.py,1152,1190,/app/Repos/pandas/pandas/tests/frame/test_alter_axes.py,1190,1199,True,c3faa08c0f2dc1bf0c6d137795c10068
3924,/app/Repos/pandas/pandas/tests/generic/test_frame.py,143,155,/app/Repos/pandas/pandas/tests/generic/test_series.py,124,176,True,53663a3d535d8853429e662d610857dd
3925,/app/Repos/pandas/pandas/tests/plotting/test_hist_method.py,217,248,/app/Repos/pandas/pandas/tests/plotting/test_hist_method.py,217,248,True,1d6990988432cd99d032f0f66222d06a
3926,/app/Repos/pandas/pandas/tests/computation/test_eval.py,1431,1437,/app/Repos/pandas/pandas/tests/computation/test_eval.py,1437,1443,True,c1b20550fb05c436bbab770e9174fcfa
3927,/app/Repos/pandas/pandas/tests/computation/test_eval.py,1072,1078,/app/Repos/pandas/pandas/tests/computation/test_eval.py,1619,1625,True,5bee3014fcc559e2930707373bd26060
3928,/app/Repos/pandas/pandas/tests/arithmetic/test_datetime64.py,1053,1063,/app/Repos/pandas/pandas/tests/arithmetic/test_datetime64.py,1081,1093,True,96b8f07d931fc8f69a243e17b4653344
3929,/app/Repos/pandas/pandas/tests/generic/test_frame.py,91,164,/app/Repos/pandas/pandas/tests/generic/test_series.py,154,166,True,d61c6bb8b55b7909826e82d635474bba
3930,/app/Repos/pandas/pandas/tests/plotting/test_hist_method.py,332,381,/app/Repos/pandas/pandas/tests/plotting/test_hist_method.py,332,381,True,6bbab9473fae22934e89d3ab7082b565
3931,/app/Repos/pandas/pandas/tests/computation/test_eval.py,1529,1535,/app/Repos/pandas/pandas/tests/computation/test_eval.py,1553,1559,True,3df29c00535f7eac78a391c5ed184547
3932,/app/Repos/pandas/pandas/tests/computation/test_eval.py,1693,1701,/app/Repos/pandas/pandas/tests/computation/test_eval.py,1701,1711,True,93c86002d29398ffc9f7ac8b85d7ee16
3933,/app/Repos/pandas/pandas/tests/arithmetic/test_datetime64.py,1063,1072,/app/Repos/pandas/pandas/tests/arithmetic/test_datetime64.py,1081,1093,True,44d96ecf9a05ac02ac4bdcb4ab7a6150
3934,/app/Repos/pandas/pandas/tests/generic/test_frame.py,120,133,/app/Repos/pandas/pandas/tests/generic/test_series.py,154,166,True,7291670e59b545c8d499e8918a44ed9d
3935,/app/Repos/pandas/pandas/plotting/_core.py,780,792,/app/Repos/pandas/pandas/plotting/_core.py,780,792,True,e81b33428a27c8695ee3711c12f3cd59
3936,/app/Repos/pandas/pandas/tests/computation/test_eval.py,1535,1541,/app/Repos/pandas/pandas/tests/computation/test_eval.py,1553,1559,True,1db94027735a0dce91339912108545c2
3937,/app/Repos/pandas/pandas/tests/frame/test_missing.py,473,489,/app/Repos/pandas/pandas/tests/sparse/frame/test_frame.py,777,800,True,ee41c6800662921ea895b8686efc6520
3938,/app/Repos/pandas/pandas/tests/arithmetic/test_datetime64.py,1072,1081,/app/Repos/pandas/pandas/tests/arithmetic/test_datetime64.py,1081,1093,True,057118ec98dd4426cd6b72d4dbb3f5a3
3939,/app/Repos/pandas/pandas/tests/generic/test_frame.py,143,155,/app/Repos/pandas/pandas/tests/generic/test_series.py,154,166,True,33fefbab418fc691b41c508584935a1b
3940,/app/Repos/pandas/pandas/tests/computation/test_eval.py,1541,1547,/app/Repos/pandas/pandas/tests/computation/test_eval.py,1553,1559,True,b453e276c95cacfda9dc4301b800eddb
3941,/app/Repos/pandas/pandas/tests/frame/test_missing.py,489,507,/app/Repos/pandas/pandas/tests/sparse/frame/test_frame.py,777,800,True,1e3cc174781d1995667306210910f49d
3942,/app/Repos/pandas/pandas/tests/arithmetic/test_datetime64.py,1305,1315,/app/Repos/pandas/pandas/tests/arithmetic/test_datetime64.py,1327,1339,True,2fbfc49adda567e2ccc5b3b9ec02f311
3943,/app/Repos/pandas/pandas/tests/computation/test_eval.py,1547,1553,/app/Repos/pandas/pandas/tests/computation/test_eval.py,1553,1559,True,28e8f1a3a196e800af93fee0636d489c
3944,/app/Repos/pandas/pandas/tests/frame/test_missing.py,473,489,/app/Repos/pandas/pandas/tests/sparse/frame/test_frame.py,800,827,True,55dc83d24ca58626e7b0afe7bc29fb0f
3945,/app/Repos/pandas/pandas/tests/generic/test_frame.py,91,164,/app/Repos/pandas/pandas/tests/generic/test_frame.py,120,133,True,1c5e794de91657486b88b8e2e84b3355
3946,/app/Repos/pandas/pandas/tests/computation/test_eval.py,617,629,/app/Repos/pandas/pandas/tests/computation/test_eval.py,1553,1559,True,a97d37e0ea3bc5fa2a71588e705294ef
3947,/app/Repos/pandas/pandas/tests/frame/test_missing.py,489,507,/app/Repos/pandas/pandas/tests/sparse/frame/test_frame.py,800,827,True,b6ad993b84ee7d1d685df7e3e79c6691
3948,/app/Repos/pandas/pandas/tests/arithmetic/conftest.py,146,158,/app/Repos/pandas/pandas/tests/arithmetic/conftest.py,158,172,True,bb644512a2840796d43d3b38d1b5dbad
3949,/app/Repos/pandas/pandas/tests/computation/test_eval.py,1647,1657,/app/Repos/pandas/pandas/tests/computation/test_eval.py,1657,1667,True,8085b092f4cb5aaa3fb38fdc7f86f874
3950,/app/Repos/pandas/pandas/tests/arrays/sparse/test_array.py,875,908,/app/Repos/pandas/pandas/tests/sparse/frame/test_frame.py,1287,1300,True,4f5cb8eb7e2aa7732adebfa7cf3ba685
3951,/app/Repos/pandas/pandas/tests/sparse/test_pivot.py,19,45,/app/Repos/pandas/pandas/tests/sparse/test_pivot.py,45,51,True,c9c3e161e639a22888a31f962aab5975
3952,/app/Repos/pandas/pandas/tests/arithmetic/conftest.py,146,158,/app/Repos/pandas/pandas/tests/arithmetic/test_timedelta64.py,1288,1320,True,4a1b876e060843b81bce72a949481c4c
3953,/app/Repos/pandas/pandas/tests/test_algos.py,676,688,/app/Repos/pandas/pandas/tests/test_algos.py,707,729,True,50419faa1825554c47890f45192d8b29
3954,/app/Repos/pandas/pandas/tests/indexes/multi/test_conversion.py,86,125,/app/Repos/pandas/pandas/tests/indexes/multi/test_conversion.py,86,125,True,fb26ac45683174671110441c5130ac58
3955,/app/Repos/pandas/pandas/tests/test_algos.py,1135,1152,/app/Repos/pandas/pandas/tests/test_algos.py,1152,1168,True,e986a9dcdcdb0b4b2c7b6c8ba1e3c871
3954,/app/Repos/pandas/pandas/tests/indexes/multi/test_conversion.py,86,125,/app/Repos/pandas/pandas/tests/indexes/multi/test_conversion.py,86,125,False,fb26ac45683174671110441c5130ac58
3956,/app/Repos/pandas/pandas/tests/test_algos.py,1250,1259,/app/Repos/pandas/pandas/tests/test_algos.py,1284,1293,True,e8dbcdf6862a63d7c47a92885d77a791
3957,/app/Repos/pandas/pandas/tests/indexes/common.py,497,523,/app/Repos/pandas/pandas/tests/indexes/common.py,497,523,True,45d5ad6eed0d75c523a1c55986db4853
3958,/app/Repos/pandas/pandas/tests/scalar/test_nat.py,277,287,/app/Repos/pandas/pandas/tests/scalar/timedelta/test_arithmetic.py,372,380,True,cbed87361d69e21644a92c80bd0f1888
3959,/app/Repos/pandas/pandas/tests/indexes/common.py,584,598,/app/Repos/pandas/pandas/tests/indexes/common.py,584,598,True,7b006d8a13d0cab1ff5e019692b9bbf5
3960,/app/Repos/pandas/pandas/tests/scalar/timedelta/test_arithmetic.py,404,421,/app/Repos/pandas/pandas/tests/scalar/timedelta/test_arithmetic.py,481,499,True,9862808843affde5b7e9cd2c920adcda
3961,/app/Repos/pandas/pandas/tests/arithmetic/test_datetime64.py,1119,1136,/app/Repos/pandas/pandas/tests/indexes/timedeltas/test_arithmetic.py,180,198,True,c449292c064541c7c5d062966d8700ea
3962,/app/Repos/pandas/pandas/tests/scalar/timedelta/test_arithmetic.py,431,446,/app/Repos/pandas/pandas/tests/scalar/timedelta/test_arithmetic.py,481,499,True,30b85de4176217749e3dd6f98b4624a3
1844,/app/Repos/pandas/pandas/tests/arrays/categorical/test_api.py,217,291,/app/Repos/pandas/pandas/tests/arrays/categorical/test_api.py,217,291,False,227718a8f0f4d637e8b1d5eaf11569ee
3963,/app/Repos/pandas/pandas/tests/scalar/timedelta/test_arithmetic.py,612,626,/app/Repos/pandas/pandas/tests/scalar/timedelta/test_arithmetic.py,626,644,True,816a5fd8d3bc16c9dcde7ee301ca431f
3964,/app/Repos/pandas/pandas/tests/arrays/categorical/test_api.py,291,321,/app/Repos/pandas/pandas/tests/arrays/categorical/test_api.py,291,321,True,db58185bfab736fa906776390bb9f1c3
3965,/app/Repos/pandas/pandas/tests/frame/test_alter_axes.py,343,363,/app/Repos/pandas/pandas/tests/test_multilevel.py,2246,2316,True,fced5274869e04681b69365dd245a630
3966,/app/Repos/pandas/pandas/tests/arrays/categorical/test_api.py,487,509,/app/Repos/pandas/pandas/tests/arrays/categorical/test_api.py,487,509,True,53ff98e66c7ff07f12b8144f16f5df84
3967,/app/Repos/pandas/pandas/tests/frame/test_missing.py,643,661,/app/Repos/pandas/pandas/tests/frame/test_missing.py,661,669,True,e3fa0fa8a735c97e4de7526e6e3254e8
3968,/app/Repos/pandas/pandas/tests/indexes/interval/test_interval.py,425,454,/app/Repos/pandas/pandas/tests/indexes/interval/test_interval_new.py,111,132,True,20fe9381ab3b7218e99be695d9dde8ef
3969,/app/Repos/pandas/pandas/tests/frame/test_missing.py,683,689,/app/Repos/pandas/pandas/tests/frame/test_missing.py,808,817,True,bdb5505f35ee29fa04e05333b52b28a0
3970,/app/Repos/pandas/pandas/tests/frame/test_dtypes.py,115,159,/app/Repos/pandas/pandas/tests/frame/test_dtypes.py,188,223,True,76fe7134e29ecc09bb034a04f92a02f0
3971,/app/Repos/pandas/pandas/tests/indexes/interval/test_interval_tree.py,25,33,/app/Repos/pandas/pandas/tests/indexes/interval/test_interval_tree.py,51,65,True,b27013aee268a9006ba59cd745bc8f60
3972,/app/Repos/pandas/pandas/tests/arrays/test_datetimelike.py,81,95,/app/Repos/pandas/pandas/tests/arrays/test_datetimelike.py,95,108,True,3823608a463939cd9fc09b74175d2e15
3973,/app/Repos/pandas/pandas/tests/computation/test_eval.py,406,445,/app/Repos/pandas/pandas/tests/computation/test_eval.py,445,488,True,7d404eba48f341efd3982ebc77519457
3974,/app/Repos/pandas/pandas/tests/computation/test_eval.py,784,806,/app/Repos/pandas/pandas/tests/computation/test_eval.py,821,827,True,843a3a9c2c076405b2c80374462f8040
3975,/app/Repos/pandas/pandas/tests/computation/test_eval.py,879,905,/app/Repos/pandas/pandas/tests/computation/test_eval.py,905,941,True,f364507d80997b7a676794164c892f64
3976,/app/Repos/pandas/pandas/tests/computation/test_eval.py,880,898,/app/Repos/pandas/pandas/tests/computation/test_eval.py,905,941,True,12a3de600cd80d92064e0021038811f8
3977,/app/Repos/pandas/pandas/tests/computation/test_eval.py,1225,1287,/app/Repos/pandas/pandas/tests/computation/test_eval.py,1294,1305,True,4f9af2b61863f574e9d30c8a401e54ad
3978,/app/Repos/pandas/pandas/tests/computation/test_eval.py,1402,1410,/app/Repos/pandas/pandas/tests/computation/test_eval.py,1410,1421,True,504a779dad82b8236ead91e550e382e7
3979,/app/Repos/pandas/pandas/tests/computation/test_eval.py,1529,1535,/app/Repos/pandas/pandas/tests/computation/test_eval.py,1535,1541,True,84350f9b2ed2f5ed4831e17d9e2e232f
3980,/app/Repos/pandas/pandas/tests/indexes/interval/test_interval.py,697,714,/app/Repos/pandas/pandas/tests/indexes/interval/test_interval_new.py,236,253,True,3772128050235b8ed4d8e2cd967dfc69
3981,/app/Repos/pandas/pandas/tests/indexes/interval/test_interval_new.py,236,253,/app/Repos/pandas/pandas/tests/indexes/interval/test_interval_new.py,236,253,True,44dbce11fbb0022c463a3521154fae5d
3982,/app/Repos/pandas/pandas/tests/indexes/interval/test_interval_new.py,253,272,/app/Repos/pandas/pandas/tests/indexes/interval/test_interval_new.py,253,272,True,35223839214d4f04bb14e83238ab44bc
3983,/app/Repos/pandas/pandas/tests/frame/test_dtypes.py,159,169,/app/Repos/pandas/pandas/tests/frame/test_dtypes.py,188,223,True,e3f11b414a219fc6c9e3cb8bea39c4b4
3984,/app/Repos/pandas/pandas/tests/indexes/multi/test_get_set.py,321,368,/app/Repos/pandas/pandas/tests/indexes/multi/test_integrity.py,196,215,True,61f4f50e3f4a8e4e219bc6b138a5abb6
3985,/app/Repos/pandas/pandas/tests/test_algos.py,240,250,/app/Repos/pandas/pandas/tests/test_algos.py,250,260,True,8579e4d3fe56163fb7d2a0e974b3a7c7
3986,/app/Repos/pandas/pandas/tests/computation/test_eval.py,1366,1374,/app/Repos/pandas/pandas/tests/generic/test_generic.py,549,583,True,1beb7f87ec81a8eab4fa698c3ccbb79f
3987,/app/Repos/pandas/pandas/tests/computation/test_eval.py,1894,1900,/app/Repos/pandas/pandas/tests/generic/test_generic.py,549,583,True,8fd7ce926e1367a0b381497d11e3e196
3988,/app/Repos/pandas/pandas/tests/generic/test_frame.py,176,222,/app/Repos/pandas/pandas/tests/generic/test_series.py,176,204,True,b93811c9686efa0add225750417b2937
3989,/app/Repos/pandas/pandas/tests/frame/test_dtypes.py,751,763,/app/Repos/pandas/pandas/tests/frame/test_dtypes.py,787,802,True,f55eea7fc4051992e40dde6e475a95cf
3990,/app/Repos/pandas/pandas/tests/test_algos.py,540,552,/app/Repos/pandas/pandas/tests/test_algos.py,552,570,True,063c9038be3c3ebf794aceeff67886bd
3991,/app/Repos/pandas/pandas/tests/test_algos.py,1337,1364,/app/Repos/pandas/pandas/tests/test_algos.py,1364,1401,True,c23fa178035f9431e3ff081f39bb7baf
3992,/app/Repos/pandas/pandas/tests/plotting/test_series.py,403,412,/app/Repos/pandas/pandas/tests/plotting/test_series.py,412,456,True,52ecb4d6b24b2581a9ed73fdb3bbcb12
3993,/app/Repos/pandas/pandas/tests/groupby/aggregate/test_aggregate.py,19,26,/app/Repos/pandas/pandas/tests/groupby/aggregate/test_aggregate.py,95,113,True,98b2b282675a3cb7079d3a0f78581144
3994,/app/Repos/pandas/pandas/tests/frame/test_alter_axes.py,1104,1112,/app/Repos/pandas/pandas/tests/indexing/test_indexing.py,131,220,True,2b59025559df1449c23bbd5fe6b0459c
3995,/app/Repos/pandas/pandas/tests/computation/test_eval.py,1199,1205,/app/Repos/pandas/pandas/tests/indexing/test_indexing.py,220,251,True,cca1f8a7e694a7949afa82dcabb1b03e
3996,/app/Repos/pandas/pandas/tests/frame/test_missing.py,631,641,/app/Repos/pandas/pandas/tests/sparse/series/test_series.py,889,897,True,3ff768947d03e5055c481eb228784d4a
3997,/app/Repos/pandas/pandas/tests/arrays/sparse/test_array.py,30,60,/app/Repos/pandas/pandas/tests/sparse/series/test_series.py,128,149,True,d2bed70ee6fd79657e98deacb6d07f57
3998,/app/Repos/pandas/pandas/tests/plotting/test_series.py,580,604,/app/Repos/pandas/pandas/tests/plotting/test_series.py,668,678,True,51a8f2b7f94f995ea5b1275372c04276
3999,/app/Repos/pandas/pandas/tests/plotting/test_series.py,651,668,/app/Repos/pandas/pandas/tests/plotting/test_series.py,668,678,True,9ede7bab5c66d8ae8f9e2b7eb8af7f0a
4000,/app/Repos/pandas/pandas/tests/arrays/sparse/test_array.py,102,134,/app/Repos/pandas/pandas/tests/sparse/series/test_series.py,173,182,True,cf75603d7d57a77669b641141c2cfea8
4001,/app/Repos/pandas/pandas/tests/arrays/sparse/test_array.py,30,60,/app/Repos/pandas/pandas/tests/sparse/series/test_series.py,173,182,True,af4753d9bf508d2dd06899ec4e40f718
4002,/app/Repos/pandas/pandas/tests/plotting/test_series.py,786,803,/app/Repos/pandas/pandas/tests/plotting/test_series.py,803,836,True,29eb9fd581ce153ed04e44b3af0df1b2
4003,/app/Repos/pandas/pandas/tests/computation/test_eval.py,1894,1900,/app/Repos/pandas/pandas/tests/test_base.py,993,1001,True,86ace47afdf17ca19ccb7f2bb0841eaa
4004,/app/Repos/pandas/pandas/tests/arrays/sparse/test_array.py,676,736,/app/Repos/pandas/pandas/tests/sparse/series/test_series.py,173,182,True,ff32019cc4073d085fe20c517e9702d8
4005,/app/Repos/pandas/pandas/tests/scalar/timedelta/test_arithmetic.py,60,88,/app/Repos/pandas/pandas/tests/scalar/timedelta/test_arithmetic.py,103,110,True,98b16d1965b28e47ac3b970fb47ae82d
4006,/app/Repos/pandas/pandas/tests/scalar/timedelta/test_arithmetic.py,88,96,/app/Repos/pandas/pandas/tests/scalar/timedelta/test_arithmetic.py,103,110,True,9be2de03e4b6e011d364f28759c04616
4007,/app/Repos/pandas/pandas/tests/scalar/timedelta/test_arithmetic.py,96,103,/app/Repos/pandas/pandas/tests/scalar/timedelta/test_arithmetic.py,103,110,True,18127b8f8a58cc2346f8dbdc3a1d2d6e
4008,/app/Repos/pandas/pandas/tests/sparse/frame/test_indexing.py,10,38,/app/Repos/pandas/pandas/tests/sparse/frame/test_indexing.py,73,91,True,32f753b26eff90f4cc25d571835b1e27
4009,/app/Repos/pandas/pandas/tests/test_multilevel.py,1763,1778,/app/Repos/pandas/pandas/tests/test_multilevel.py,1829,1852,True,cac1f263865acb51ed82022435d14202
4010,/app/Repos/pandas/pandas/tests/sparse/frame/test_indexing.py,38,73,/app/Repos/pandas/pandas/tests/sparse/frame/test_indexing.py,73,91,True,02b3aa6c44534189882dd2c8ccf9ae6a
4011,/app/Repos/pandas/pandas/tests/indexing/test_indexing.py,738,745,/app/Repos/pandas/pandas/tests/indexing/test_indexing.py,738,745,True,214645b4c1c8d3e2ee4145b4ae1acd25
4012,/app/Repos/pandas/pandas/tests/scalar/timedelta/test_arithmetic.py,644,653,/app/Repos/pandas/pandas/tests/scalar/timedelta/test_arithmetic.py,667,673,True,054961847b19d67b467ddffc6d3223a0
4013,/app/Repos/pandas/pandas/tests/indexing/test_indexing.py,753,761,/app/Repos/pandas/pandas/tests/indexing/test_indexing.py,753,761,True,73bee602ee8d558a9de4182a74e44bfa
4014,/app/Repos/pandas/pandas/tests/arrays/sparse/test_arithmetics.py,211,233,/app/Repos/pandas/pandas/tests/arrays/sparse/test_arithmetics.py,276,311,True,31188d0c45c16ccaf68dc72da8af8a5a
4015,/app/Repos/pandas/pandas/tests/test_multilevel.py,605,621,/app/Repos/pandas/pandas/tests/test_multilevel.py,2602,2623,True,e185f7c3ef9e6fbe9ed3dea66bda80de
4016,/app/Repos/pandas/pandas/tests/arrays/sparse/test_arithmetics.py,254,276,/app/Repos/pandas/pandas/tests/arrays/sparse/test_arithmetics.py,276,311,True,bebaa65809836af53a751c48e65e2a0e
4017,/app/Repos/pandas/pandas/tests/computation/test_eval.py,201,211,/app/Repos/pandas/pandas/tests/test_base.py,195,241,True,e56bd8b43910170389fc160f419bf756
4018,/app/Repos/pandas/pandas/tests/frame/test_missing.py,459,466,/app/Repos/pandas/pandas/tests/frame/test_missing.py,466,473,True,2cbd1e41e5797fabdd15de30a2e16a9c
4019,/app/Repos/pandas/pandas/tests/arrays/sparse/test_arithmetics.py,233,254,/app/Repos/pandas/pandas/tests/arrays/sparse/test_arithmetics.py,276,311,True,0af39267ffa8ca57eb46037fcd443988
4020,/app/Repos/pandas/pandas/tests/indexing/test_indexing_slow.py,15,86,/app/Repos/pandas/pandas/tests/indexing/test_indexing_slow.py,25,54,True,dbdacd8f83e96f233febe77d124fdcfb
4021,/app/Repos/pandas/pandas/tests/groupby/test_bin_groupby.py,86,120,/app/Repos/pandas/pandas/tests/groupby/test_bin_groupby.py,99,104,True,64a3a993f0d23dfdd35f11bc1d3d3b8e
4022,/app/Repos/pandas/pandas/tests/groupby/test_bin_groupby.py,87,116,/app/Repos/pandas/pandas/tests/groupby/test_bin_groupby.py,99,104,True,db41b0d4e474d0cfe022f15b05842b67
4023,/app/Repos/pandas/pandas/tests/sparse/test_groupby.py,11,22,/app/Repos/pandas/pandas/tests/sparse/test_groupby.py,11,22,True,bacf22a11f8ee29ab864bf034453cce8
4024,/app/Repos/pandas/pandas/tests/groupby/conftest.py,18,27,/app/Repos/pandas/pandas/tests/sparse/test_groupby.py,11,22,True,a2c2b399c3798f19c309b192487b0ec5
4025,/app/Repos/pandas/pandas/tests/groupby/conftest.py,52,63,/app/Repos/pandas/pandas/tests/sparse/test_groupby.py,11,22,True,e786bffca0ced31bfd9eddea557cefb0
4026,/app/Repos/pandas/pandas/tests/groupby/test_whitelist.py,117,126,/app/Repos/pandas/pandas/tests/sparse/test_groupby.py,11,22,True,06f33fdc6236b14f2161e6a04fd1b160
4027,/app/Repos/pandas/pandas/tests/groupby/test_filters.py,535,550,/app/Repos/pandas/pandas/tests/groupby/test_filters.py,550,565,True,b891f4c87185953970c764ba1904778a
4028,/app/Repos/pandas/pandas/tests/scalar/timedelta/test_timedelta.py,81,100,/app/Repos/pandas/pandas/tests/scalar/timedelta/test_timedelta.py,81,100,True,52e0e0f85a2486496f6d07b2c967c798
4029,/app/Repos/pandas/pandas/tests/sparse/frame/conftest.py,86,98,/app/Repos/pandas/pandas/tests/sparse/frame/test_apply.py,29,39,True,e9bf0a378231ed40ae3f19ee1ea520ba
4030,/app/Repos/pandas/pandas/tests/sparse/frame/conftest.py,98,111,/app/Repos/pandas/pandas/tests/sparse/frame/test_apply.py,29,39,True,ac727fb5abfa0b3b3975ae4539393889
4031,/app/Repos/pandas/pandas/tests/sparse/frame/conftest.py,73,86,/app/Repos/pandas/pandas/tests/sparse/frame/test_apply.py,29,39,True,2abc907f1886069b31b921730e9294f1
4032,/app/Repos/pandas/pandas/tests/indexing/interval/test_interval_new.py,150,215,/app/Repos/pandas/pandas/tests/indexing/interval/test_interval_new.py,227,247,True,c0abcf449c7dbcc54fdab42ec3eb4419
4033,/app/Repos/pandas/pandas/tests/indexing/interval/test_interval_new.py,215,227,/app/Repos/pandas/pandas/tests/indexing/interval/test_interval_new.py,227,247,True,2adb25f1c16e68daf7c4ef0b6d9a53de
4034,/app/Repos/pandas/pandas/tests/arrays/test_datetimelike.py,13,30,/app/Repos/pandas/pandas/tests/arrays/test_datetimelike.py,30,47,True,cfaef122600a229aaca4e893c0a5e664
4035,/app/Repos/pandas/pandas/tests/arrays/test_datetimelike.py,72,81,/app/Repos/pandas/pandas/tests/arrays/test_datetimelike.py,191,199,True,930f1cfad7dcf277166421af381fe656
4036,/app/Repos/pandas/pandas/tests/arrays/test_datetimelike.py,142,150,/app/Repos/pandas/pandas/tests/arrays/test_datetimelike.py,191,199,True,6e48a1fe781d492949b2dd280feef61f
4037,/app/Repos/pandas/pandas/tests/arrays/sparse/test_array.py,752,772,/app/Repos/pandas/pandas/tests/arrays/sparse/test_array.py,772,798,True,4d5c58c82bbb122f683fdc7a434718a2
4038,/app/Repos/pandas/pandas/tests/frame/test_alter_axes.py,433,459,/app/Repos/pandas/pandas/tests/indexes/period/test_period.py,286,297,True,b50f4d263b1a3009f9e37349fb201bd0
4039,/app/Repos/pandas/pandas/tests/indexes/period/test_period.py,286,297,/app/Repos/pandas/pandas/tests/indexes/period/test_period.py,286,297,True,9029043a53e9d8922e5e4bc2c986a24a
4040,/app/Repos/pandas/pandas/tests/computation/test_eval.py,280,292,/app/Repos/pandas/pandas/tests/computation/test_eval.py,345,363,True,253a5f0a7c9a479635f601d41158a735
4041,/app/Repos/pandas/pandas/tests/indexing/interval/test_interval.py,15,34,/app/Repos/pandas/pandas/tests/indexing/interval/test_interval.py,15,34,True,9debb2d9dd49a828c27a7dd57c4de1b1
4042,/app/Repos/pandas/pandas/tests/computation/test_eval.py,538,559,/app/Repos/pandas/pandas/tests/computation/test_eval.py,559,580,True,5091da3d6661e497ebbba338e3eed972
4043,/app/Repos/pandas/pandas/tests/computation/test_eval.py,513,538,/app/Repos/pandas/pandas/tests/computation/test_eval.py,559,580,True,292a392d9883811e94a33c3bf9dbb6de
4044,/app/Repos/pandas/pandas/tests/computation/test_eval.py,406,445,/app/Repos/pandas/pandas/tests/computation/test_eval.py,559,580,True,af4d270c6b416fd4fc0045ef98df1399
4045,/app/Repos/pandas/pandas/tests/indexing/interval/test_interval.py,87,124,/app/Repos/pandas/pandas/tests/indexing/interval/test_interval.py,87,124,True,7f3e394c5b7b7571f6baf476fef539ae
4046,/app/Repos/pandas/pandas/tests/computation/test_eval.py,445,488,/app/Repos/pandas/pandas/tests/computation/test_eval.py,559,580,True,66e0c2b759c1736b5013c2b3d03e2a3f
4047,/app/Repos/pandas/pandas/tests/computation/test_eval.py,488,513,/app/Repos/pandas/pandas/tests/computation/test_eval.py,559,580,True,0b932501973198a6c75784a3133e2ddb
4048,/app/Repos/pandas/pandas/tests/arithmetic/test_datetime64.py,1063,1072,/app/Repos/pandas/pandas/tests/indexes/datetimes/test_ops.py,164,204,True,438fb0b80a32e27f7563582e8b2ba6ca
4049,/app/Repos/pandas/pandas/tests/arithmetic/test_datetime64.py,1081,1093,/app/Repos/pandas/pandas/tests/indexes/datetimes/test_ops.py,164,204,True,1e90325aa068b97e1975ed631360dccf
4050,/app/Repos/pandas/pandas/tests/computation/test_eval.py,307,319,/app/Repos/pandas/pandas/tests/computation/test_eval.py,741,751,True,3154ec18bba04bd95fcf177cc007412c
4051,/app/Repos/pandas/pandas/tests/arithmetic/test_datetime64.py,1053,1063,/app/Repos/pandas/pandas/tests/indexes/datetimes/test_ops.py,164,204,True,75581c2a29b162aea6dca8b18b429478
4052,/app/Repos/pandas/pandas/tests/computation/test_eval.py,280,292,/app/Repos/pandas/pandas/tests/computation/test_eval.py,741,751,True,959333fefcec8a4f95c8d52629d12036
4053,/app/Repos/pandas/pandas/tests/arithmetic/test_datetime64.py,1072,1081,/app/Repos/pandas/pandas/tests/indexes/datetimes/test_ops.py,164,204,True,ec5ec785e72285b6a8eb38e2a12fafb7
4054,/app/Repos/pandas/pandas/tests/indexing/interval/test_interval.py,124,144,/app/Repos/pandas/pandas/tests/indexing/interval/test_interval.py,124,144,True,a0c2879b8c44b78e5b0328e07bf1eed1
4055,/app/Repos/pandas/pandas/tests/computation/test_eval.py,345,363,/app/Repos/pandas/pandas/tests/computation/test_eval.py,741,751,True,8012b679dbb7741571408feee595ac91
4056,/app/Repos/pandas/pandas/tests/arithmetic/test_datetime64.py,1053,1063,/app/Repos/pandas/pandas/tests/arithmetic/test_datetime64.py,1063,1072,True,ae997cd2ef4ee29de58beddceeb04dcf
4057,/app/Repos/pandas/pandas/tests/arithmetic/test_datetime64.py,1148,1156,/app/Repos/pandas/pandas/tests/arithmetic/test_datetime64.py,1156,1164,True,0372546433112d31d10a1345f677e6ef
4058,/app/Repos/pandas/pandas/tests/arithmetic/test_datetime64.py,1136,1148,/app/Repos/pandas/pandas/tests/arithmetic/test_datetime64.py,1156,1164,True,62e152fbaf18acd6cf03afcf110f0236
4059,/app/Repos/pandas/pandas/tests/arithmetic/test_datetime64.py,1093,1105,/app/Repos/pandas/pandas/tests/arithmetic/test_datetime64.py,1305,1315,True,49d41dc8bdeff44bb32ee44551223f15
4060,/app/Repos/pandas/pandas/tests/indexing/interval/test_interval.py,144,182,/app/Repos/pandas/pandas/tests/indexing/interval/test_interval.py,144,182,True,ead5c83b50a78030c31693d968394262
4061,/app/Repos/pandas/pandas/tests/arithmetic/test_datetime64.py,892,924,/app/Repos/pandas/pandas/tests/arithmetic/test_datetime64.py,1458,1516,True,8af17ddf94b4709c852834e91e9dc068
4062,/app/Repos/pandas/pandas/tests/indexes/interval/test_interval.py,173,186,/app/Repos/pandas/pandas/tests/indexes/test_numeric.py,81,93,True,219e91515aefc41f24f7ede5185827b9
4060,/app/Repos/pandas/pandas/tests/indexing/interval/test_interval.py,144,182,/app/Repos/pandas/pandas/tests/indexing/interval/test_interval.py,144,182,False,ead5c83b50a78030c31693d968394262
4063,/app/Repos/pandas/pandas/tests/arithmetic/test_datetime64.py,1659,1679,/app/Repos/pandas/pandas/tests/arithmetic/test_datetime64.py,1691,1707,True,ba61a7895ef9a060746d8275c462901c
4064,/app/Repos/pandas/pandas/tests/indexes/interval/test_interval.py,191,234,/app/Repos/pandas/pandas/tests/indexes/test_numeric.py,93,101,True,51e91e221e05e698759246912246e271
4065,/app/Repos/pandas/pandas/tests/arithmetic/test_datetime64.py,1643,1659,/app/Repos/pandas/pandas/tests/arithmetic/test_datetime64.py,1691,1707,True,4d281e8c84e1d7674d5dd3795d55d0a4
4066,/app/Repos/pandas/pandas/tests/arithmetic/test_datetime64.py,1679,1691,/app/Repos/pandas/pandas/tests/arithmetic/test_datetime64.py,1691,1707,True,5ebacba1e1956626662889ae265f6f90
4067,/app/Repos/pandas/pandas/tests/indexing/interval/test_interval.py,182,196,/app/Repos/pandas/pandas/tests/indexing/interval/test_interval.py,182,196,True,5ba89cc0659855dc0b5b938967efa6c1
4068,/app/Repos/pandas/pandas/tests/computation/test_eval.py,827,845,/app/Repos/pandas/pandas/tests/computation/test_eval.py,858,879,True,f3f9e68176a6ec8f5a2b9ae323d7a57d
4067,/app/Repos/pandas/pandas/tests/indexing/interval/test_interval.py,182,196,/app/Repos/pandas/pandas/tests/indexing/interval/test_interval.py,182,196,False,5ba89cc0659855dc0b5b938967efa6c1
4067,/app/Repos/pandas/pandas/tests/indexing/interval/test_interval.py,182,196,/app/Repos/pandas/pandas/tests/indexing/interval/test_interval.py,182,196,False,5ba89cc0659855dc0b5b938967efa6c1
4069,/app/Repos/pandas/pandas/tests/computation/test_eval.py,821,827,/app/Repos/pandas/pandas/tests/computation/test_eval.py,858,879,True,8518608d8738b9a904ec1e5428446815
4070,/app/Repos/pandas/pandas/tests/indexing/interval/test_interval.py,196,217,/app/Repos/pandas/pandas/tests/indexing/interval/test_interval.py,196,217,True,941d2fcb3aef755c0662d5b40fce8dea
4071,/app/Repos/pandas/pandas/tests/computation/test_eval.py,1104,1112,/app/Repos/pandas/pandas/tests/computation/test_eval.py,1112,1120,True,9dca41cbecd16915d41ddeb8772580c1
4070,/app/Repos/pandas/pandas/tests/indexing/interval/test_interval.py,196,217,/app/Repos/pandas/pandas/tests/indexing/interval/test_interval.py,196,217,False,941d2fcb3aef755c0662d5b40fce8dea
4070,/app/Repos/pandas/pandas/tests/indexing/interval/test_interval.py,196,217,/app/Repos/pandas/pandas/tests/indexing/interval/test_interval.py,196,217,False,941d2fcb3aef755c0662d5b40fce8dea
4072,/app/Repos/pandas/pandas/tests/groupby/conftest.py,18,27,/app/Repos/pandas/pandas/tests/sparse/test_pivot.py,8,19,True,c9a7e7f1597067c074e8c3d6cb966746
4073,/app/Repos/pandas/pandas/tests/computation/test_eval.py,1305,1332,/app/Repos/pandas/pandas/tests/computation/test_eval.py,1366,1374,True,400dbab1c3bb450df3e882cfcdf141bd
4074,/app/Repos/pandas/pandas/tests/groupby/conftest.py,52,63,/app/Repos/pandas/pandas/tests/sparse/test_pivot.py,8,19,True,9e072316d8b98428e44de8de4093bbd8
4075,/app/Repos/pandas/pandas/tests/groupby/test_whitelist.py,117,126,/app/Repos/pandas/pandas/tests/sparse/test_pivot.py,8,19,True,8b1791dc68f59f518d98afcfe7232d0d
4076,/app/Repos/pandas/pandas/tests/indexing/interval/test_interval.py,217,228,/app/Repos/pandas/pandas/tests/indexing/interval/test_interval.py,217,228,True,2127829df4357876c5654dad9d1657a7
4076,/app/Repos/pandas/pandas/tests/indexing/interval/test_interval.py,217,228,/app/Repos/pandas/pandas/tests/indexing/interval/test_interval.py,217,228,False,2127829df4357876c5654dad9d1657a7
4077,/app/Repos/pandas/pandas/tests/computation/test_eval.py,1112,1120,/app/Repos/pandas/pandas/tests/computation/test_eval.py,1559,1571,True,6d243f92098a632326d0c4549cd6984f
4078,/app/Repos/pandas/pandas/tests/computation/test_eval.py,1104,1112,/app/Repos/pandas/pandas/tests/computation/test_eval.py,1559,1571,True,c990257c798aeb4510c6cbb5f733808c
4076,/app/Repos/pandas/pandas/tests/indexing/interval/test_interval.py,217,228,/app/Repos/pandas/pandas/tests/indexing/interval/test_interval.py,217,228,False,2127829df4357876c5654dad9d1657a7
4079,/app/Repos/pandas/pandas/tests/test_multilevel.py,114,126,/app/Repos/pandas/pandas/tests/test_multilevel.py,126,138,True,e4401c8aaea8b1adecd9c3fa064368ed
4080,/app/Repos/pandas/pandas/tests/computation/test_eval.py,1647,1657,/app/Repos/pandas/pandas/tests/computation/test_eval.py,1667,1679,True,2262f65cbbe7ac0d0b7260fc0c1ee1d7
4081,/app/Repos/pandas/pandas/tests/frame/test_alter_axes.py,1190,1199,/app/Repos/pandas/pandas/tests/indexing/interval/test_interval.py,238,268,True,3c4c8c58526e45618332b9635410c8b6
4082,/app/Repos/pandas/pandas/tests/computation/test_eval.py,1657,1667,/app/Repos/pandas/pandas/tests/computation/test_eval.py,1667,1679,True,96ed1f3ac0ad4f00f6f90039b0aab8f5
4083,/app/Repos/pandas/pandas/tests/test_algos.py,230,240,/app/Repos/pandas/pandas/tests/test_algos.py,271,282,True,426d9e276d6f274fd3a3d41cd4bf5e84
4084,/app/Repos/pandas/pandas/tests/test_algos.py,260,271,/app/Repos/pandas/pandas/tests/test_algos.py,271,282,True,82d8ddd41effc51844ff6a0a78f6d472
4085,/app/Repos/pandas/pandas/tests/test_multilevel.py,1413,1427,/app/Repos/pandas/pandas/tests/test_multilevel.py,1427,1465,True,58c99428814cf2ac7a041c0dd0570b1b
4086,/app/Repos/pandas/pandas/tests/indexes/interval/test_interval.py,572,596,/app/Repos/pandas/pandas/tests/indexes/test_range.py,407,413,True,196782afa12b3f2d9fcfc99fc4156edc
4087,/app/Repos/pandas/pandas/tests/test_algos.py,1716,1739,/app/Repos/pandas/pandas/tests/test_algos.py,1739,1755,True,e19b99a45323de7b34ac0b28bbff0fb3
4088,/app/Repos/pandas/pandas/tests/test_multilevel.py,1737,1763,/app/Repos/pandas/pandas/tests/test_multilevel.py,1763,1778,True,3c46ddc45fcb7704f27e422fbbb299ec
4089,/app/Repos/pandas/pandas/tests/scalar/timedelta/test_arithmetic.py,233,243,/app/Repos/pandas/pandas/tests/scalar/timedelta/test_arithmetic.py,243,255,True,9f45cbf095645023cbcac4f14dbfeecd
4090,/app/Repos/pandas/pandas/tests/scalar/timedelta/test_arithmetic.py,212,224,/app/Repos/pandas/pandas/tests/scalar/timedelta/test_arithmetic.py,243,255,True,6974011c5e83cb911789e8f1cca14a78
4091,/app/Repos/pandas/pandas/tests/scalar/timedelta/test_arithmetic.py,280,288,/app/Repos/pandas/pandas/tests/scalar/timedelta/test_arithmetic.py,339,352,True,418eaca72c018e2a87e5cbd1a986ae0c
4092,/app/Repos/pandas/pandas/tests/indexes/test_range.py,766,772,/app/Repos/pandas/pandas/tests/indexes/test_range.py,766,772,True,a8a27cad50d95ef66a70274b2788f4ee
4093,/app/Repos/pandas/pandas/tests/scalar/period/test_asfreq.py,181,226,/app/Repos/pandas/pandas/tests/scalar/period/test_asfreq.py,226,333,True,ebdde67d95adc57ad6fbfc82bfbeef1b
4094,/app/Repos/pandas/pandas/tests/scalar/period/test_asfreq.py,352,397,/app/Repos/pandas/pandas/tests/scalar/period/test_asfreq.py,471,524,True,8d099f9b0eabf628ad31e7758022adbe
4095,/app/Repos/pandas/pandas/tests/scalar/period/test_asfreq.py,397,471,/app/Repos/pandas/pandas/tests/scalar/period/test_asfreq.py,471,524,True,1819d93e56ffd9ae344839787084369c
4096,/app/Repos/pandas/pandas/tests/scalar/period/test_asfreq.py,471,524,/app/Repos/pandas/pandas/tests/scalar/period/test_asfreq.py,524,577,True,892bf60fc84ada04bbd912cf382cbbb2
4097,/app/Repos/pandas/pandas/tests/scalar/timestamp/test_comparisons.py,92,113,/app/Repos/pandas/pandas/tests/scalar/timestamp/test_comparisons.py,113,134,True,d785f27ed6902da9dcd0b4788d61e994
4098,/app/Repos/pandas/pandas/tests/arrays/test_datetimelike.py,108,120,/app/Repos/pandas/pandas/tests/arrays/test_datetimelike.py,212,223,True,fbeba665e1a272bc20cfe0f0c716e6de
4099,/app/Repos/pandas/pandas/tests/arrays/test_datetimelike.py,120,131,/app/Repos/pandas/pandas/tests/arrays/test_datetimelike.py,212,223,True,129e9b4fe1cdcbcbebe178ea96916c50
4100,/app/Repos/pandas/pandas/tests/arrays/test_datetimelike.py,168,179,/app/Repos/pandas/pandas/tests/arrays/test_datetimelike.py,212,223,True,ffa8e663a507c3bb8c6878b0d6ca56dd
4101,/app/Repos/pandas/pandas/tests/computation/test_eval.py,211,249,/app/Repos/pandas/pandas/tests/computation/test_eval.py,269,280,True,db3147d7c9d08b464fe21d8ad5db33aa
4102,/app/Repos/pandas/pandas/tests/computation/test_eval.py,269,280,/app/Repos/pandas/pandas/tests/computation/test_eval.py,378,403,True,b76166a70b614badecd7f89b8d906d93
4103,/app/Repos/pandas/pandas/tests/computation/test_eval.py,292,307,/app/Repos/pandas/pandas/tests/computation/test_eval.py,751,763,True,7caaf5dbe448b229aa55da252e8b5ed5
4104,/app/Repos/pandas/pandas/tests/computation/test_eval.py,879,905,/app/Repos/pandas/pandas/tests/computation/test_eval.py,880,898,True,576d3e72e8d5f0390781fc0aeea92b92
4105,/app/Repos/pandas/pandas/tests/computation/test_eval.py,1120,1128,/app/Repos/pandas/pandas/tests/computation/test_eval.py,1128,1135,True,5af72bcdc9526de531113a371c99b35f
4106,/app/Repos/pandas/pandas/tests/computation/test_eval.py,1513,1522,/app/Repos/pandas/pandas/tests/computation/test_eval.py,1586,1595,True,30726a36241246a803675cfa242e743f
4107,/app/Repos/pandas/pandas/tests/computation/test_eval.py,1647,1657,/app/Repos/pandas/pandas/tests/computation/test_eval.py,1693,1701,True,aa7309a7b76a2578ea5e1e4ce132cf4b
4108,/app/Repos/pandas/pandas/tests/computation/test_eval.py,1657,1667,/app/Repos/pandas/pandas/tests/computation/test_eval.py,1693,1701,True,5781806913937b519e8caef281caa316
4109,/app/Repos/pandas/pandas/tests/computation/test_eval.py,1667,1679,/app/Repos/pandas/pandas/tests/computation/test_eval.py,1693,1701,True,803c37b8a67444433316f15b03faa850
4110,/app/Repos/pandas/pandas/tests/indexes/period/test_formats.py,52,103,/app/Repos/pandas/pandas/tests/indexes/period/test_formats.py,103,161,True,d6cae97fee5e8d90f47b5e44b0da4b64
4111,/app/Repos/pandas/pandas/tests/indexes/period/test_formats.py,103,161,/app/Repos/pandas/pandas/tests/indexes/period/test_formats.py,161,209,True,f46b8f5855fd2a54640702325f2e11b5
4112,/app/Repos/pandas/pandas/tests/indexes/period/test_formats.py,52,103,/app/Repos/pandas/pandas/tests/indexes/period/test_formats.py,161,209,True,798784536402541427b25359952ac7e1
4113,/app/Repos/pandas/pandas/tests/arithmetic/test_timedelta64.py,513,527,/app/Repos/pandas/pandas/tests/arithmetic/test_timedelta64.py,557,573,True,0cef7e8510035a7a29c8ab0347486249
4114,/app/Repos/pandas/pandas/tests/sparse/frame/test_analytics.py,7,25,/app/Repos/pandas/pandas/tests/sparse/frame/test_analytics.py,25,41,True,195c716e15c9bc379031dac56675b317
4115,/app/Repos/pandas/pandas/tests/arithmetic/test_timedelta64.py,749,760,/app/Repos/pandas/pandas/tests/arithmetic/test_timedelta64.py,1087,1098,True,4df4cfbfc19919a23e09fc5d46791c18
4116,/app/Repos/pandas/pandas/tests/arithmetic/test_timedelta64.py,760,775,/app/Repos/pandas/pandas/tests/arithmetic/test_timedelta64.py,1087,1098,True,e1b52712f12c75d122835c3de65d340d
4117,/app/Repos/pandas/pandas/tests/arithmetic/test_timedelta64.py,1111,1124,/app/Repos/pandas/pandas/tests/arithmetic/test_timedelta64.py,1124,1137,True,e484de3c769b73b32b7d354d3bebe84d
4118,/app/Repos/pandas/pandas/tests/arithmetic/test_timedelta64.py,1226,1250,/app/Repos/pandas/pandas/tests/arithmetic/test_timedelta64.py,1250,1262,True,aa2a7970bcb467fff95830e94beaaf7e
4119,/app/Repos/pandas/pandas/tests/arithmetic/test_timedelta64.py,833,853,/app/Repos/pandas/pandas/tests/arithmetic/test_timedelta64.py,874,890,True,19061eeb981c75b29a60abadc7b35cdc
4120,/app/Repos/pandas/pandas/tests/arithmetic/test_timedelta64.py,807,833,/app/Repos/pandas/pandas/tests/arithmetic/test_timedelta64.py,874,890,True,355de0861f19535153fb00d1f3915b65
4121,/app/Repos/pandas/pandas/tests/arithmetic/test_timedelta64.py,853,874,/app/Repos/pandas/pandas/tests/arithmetic/test_timedelta64.py,874,890,True,f28912044d35acd54bc1110b199a9c4f
4122,/app/Repos/pandas/pandas/tests/arithmetic/test_timedelta64.py,1194,1209,/app/Repos/pandas/pandas/tests/arithmetic/test_timedelta64.py,1376,1391,True,a9aa17981c4f5e3fa975a1c5ef0a22e5
4123,/app/Repos/pandas/pandas/tests/arithmetic/test_timedelta64.py,1320,1347,/app/Repos/pandas/pandas/tests/arithmetic/test_timedelta64.py,1347,1374,True,e3835e5f9f0f3db19ad0f39d04cfe733
4124,/app/Repos/pandas/pandas/tests/arithmetic/test_timedelta64.py,1020,1033,/app/Repos/pandas/pandas/tests/arithmetic/test_timedelta64.py,1033,1047,True,90890b3c46b3f68b2bd0df63c0e7a812
4125,/app/Repos/pandas/pandas/tests/sparse/test_combine_concat.py,63,76,/app/Repos/pandas/pandas/tests/sparse/test_combine_concat.py,98,111,True,57a19a9c9f7da345d429b6e576d381b9
4126,/app/Repos/pandas/pandas/tests/arithmetic/test_timedelta64.py,981,991,/app/Repos/pandas/pandas/tests/arithmetic/test_timedelta64.py,1033,1047,True,b355902aef908fa90840aa36f0a7f485
4127,/app/Repos/pandas/pandas/tests/sparse/test_combine_concat.py,76,98,/app/Repos/pandas/pandas/tests/sparse/test_combine_concat.py,98,111,True,69cd4720c6e7379e0852ea0aa0f90615
4128,/app/Repos/pandas/pandas/tests/sparse/test_combine_concat.py,39,63,/app/Repos/pandas/pandas/tests/sparse/test_combine_concat.py,98,111,True,3128bba872f6cb1db6c0cf7774a2eb3f
4129,/app/Repos/pandas/pandas/tests/arithmetic/test_timedelta64.py,807,833,/app/Repos/pandas/pandas/tests/arithmetic/test_timedelta64.py,890,925,True,b197c1c809344fca7c3dd785673de945
4130,/app/Repos/pandas/pandas/tests/indexes/multi/test_duplicates.py,171,214,/app/Repos/pandas/pandas/tests/indexes/multi/test_duplicates.py,173,206,True,a1624b628862f1280e5d230b7a5820e7
4131,/app/Repos/pandas/pandas/tests/arithmetic/test_timedelta64.py,853,874,/app/Repos/pandas/pandas/tests/arithmetic/test_timedelta64.py,890,925,True,b81224733595e5ed5f871a7fa69372c7
4132,/app/Repos/pandas/pandas/tests/sparse/test_combine_concat.py,63,76,/app/Repos/pandas/pandas/tests/sparse/test_combine_concat.py,111,128,True,7eb143ed29064b1ff4a9d0ceb3c0aabe
4133,/app/Repos/pandas/pandas/tests/sparse/test_combine_concat.py,39,63,/app/Repos/pandas/pandas/tests/sparse/test_combine_concat.py,63,76,True,bf2fb08c8ccf916fff202f7e3e36aa84
4134,/app/Repos/pandas/pandas/tests/arithmetic/test_timedelta64.py,833,853,/app/Repos/pandas/pandas/tests/arithmetic/test_timedelta64.py,890,925,True,f89621547542f4c75224cd29c884f4ca
4135,/app/Repos/pandas/pandas/tests/sparse/test_combine_concat.py,76,98,/app/Repos/pandas/pandas/tests/sparse/test_combine_concat.py,111,128,True,834ab18b8a879e65f6081555ef2c7288
4136,/app/Repos/pandas/pandas/tests/sparse/test_combine_concat.py,242,258,/app/Repos/pandas/pandas/tests/sparse/test_combine_concat.py,258,270,True,301ac0fb5948295933e9d54c83da64f6
4137,/app/Repos/pandas/pandas/tests/sparse/test_combine_concat.py,98,111,/app/Repos/pandas/pandas/tests/sparse/test_combine_concat.py,111,128,True,9e5db50ee932e5a17f3a3ee6aacbc607
4138,/app/Repos/pandas/pandas/tests/arithmetic/test_timedelta64.py,874,890,/app/Repos/pandas/pandas/tests/arithmetic/test_timedelta64.py,890,925,True,b1834d20d34d3da7d3abf04378e78796
4139,/app/Repos/pandas/pandas/tests/sparse/test_combine_concat.py,39,63,/app/Repos/pandas/pandas/tests/sparse/test_combine_concat.py,111,128,True,3bc2b29b875e3af318d40636b56b3c72
4140,/app/Repos/pandas/pandas/tests/scalar/period/test_period.py,739,752,/app/Repos/pandas/pandas/tests/scalar/period/test_period.py,752,769,True,9df8f4055a39b0842fd53612e1381174
4141,/app/Repos/pandas/pandas/tests/sparse/test_combine_concat.py,242,258,/app/Repos/pandas/pandas/tests/sparse/test_combine_concat.py,294,327,True,247b0cce43e729259355e95ad00b97b2
4142,/app/Repos/pandas/pandas/tests/sparse/test_combine_concat.py,258,270,/app/Repos/pandas/pandas/tests/sparse/test_combine_concat.py,294,327,True,a6c22704012ff1c50ec3246185c0b159
4143,/app/Repos/pandas/pandas/tests/sparse/test_combine_concat.py,12,25,/app/Repos/pandas/pandas/tests/sparse/test_combine_concat.py,25,37,True,8304cbc16fed9468e16a2c76998d9332
4144,/app/Repos/pandas/pandas/tests/sparse/test_combine_concat.py,270,284,/app/Repos/pandas/pandas/tests/sparse/test_combine_concat.py,294,327,True,c6be0569b128b6c21d950b983b68de41
4145,/app/Repos/pandas/pandas/tests/arithmetic/test_timedelta64.py,463,481,/app/Repos/pandas/pandas/tests/arithmetic/test_timedelta64.py,674,691,True,a60a2454693baf7f920adc95649b4bf6
4146,/app/Repos/pandas/pandas/tests/scalar/period/test_period.py,1072,1201,/app/Repos/pandas/pandas/tests/scalar/period/test_period.py,1298,1358,True,951a83993d221777aa72fbf985490ae0
4147,/app/Repos/pandas/pandas/tests/arithmetic/test_timedelta64.py,463,481,/app/Repos/pandas/pandas/tests/arithmetic/test_timedelta64.py,481,497,True,99df347f9f0fe1d6bb71ff99dc752bf1
4148,/app/Repos/pandas/pandas/tests/arithmetic/test_timedelta64.py,481,497,/app/Repos/pandas/pandas/tests/arithmetic/test_timedelta64.py,674,691,True,f2dbb469d4105144354ff6c897a0b2bb
4149,/app/Repos/pandas/pandas/tests/indexes/datetimes/test_partial_slicing.py,136,145,/app/Repos/pandas/pandas/tests/indexes/datetimes/test_partial_slicing.py,145,155,True,6474ce961a2cdac2653435c3f5216cc7
4150,/app/Repos/pandas/pandas/tests/indexes/datetimes/test_partial_slicing.py,155,176,/app/Repos/pandas/pandas/tests/indexes/datetimes/test_partial_slicing.py,199,213,True,73d6c7ece3b544bd28f6d40530851af4
4151,/app/Repos/pandas/pandas/tests/scalar/period/test_period.py,795,812,/app/Repos/pandas/pandas/tests/scalar/period/test_period.py,812,828,True,6261bbde8cf740bda6f987ecf5040c28
4152,/app/Repos/pandas/pandas/tests/arithmetic/test_timedelta64.py,463,481,/app/Repos/pandas/pandas/tests/arithmetic/test_timedelta64.py,658,674,True,d416566b137d43bf30dbd431940f71c6
4153,/app/Repos/pandas/pandas/tests/indexing/test_indexing_engines.py,30,43,/app/Repos/pandas/pandas/tests/indexing/test_indexing_engines.py,43,64,True,f090d160522e78b76db3111ce6a1ad1e
4154,/app/Repos/pandas/pandas/tests/indexes/datetimes/test_partial_slicing.py,185,199,/app/Repos/pandas/pandas/tests/indexes/datetimes/test_partial_slicing.py,199,213,True,f7da0cf5f62d078502bf1fad3587897a
4155,/app/Repos/pandas/pandas/tests/scalar/period/test_period.py,97,119,/app/Repos/pandas/pandas/tests/scalar/period/test_period.py,1012,1021,True,bcf3a283c8c497aae435d928f4e4ece4
4156,/app/Repos/pandas/pandas/tests/arithmetic/test_timedelta64.py,481,497,/app/Repos/pandas/pandas/tests/arithmetic/test_timedelta64.py,658,674,True,d42f26afb052aefb49ddd5085990a602
4157,/app/Repos/pandas/pandas/tests/indexing/test_multiindex.py,1011,1061,/app/Repos/pandas/pandas/tests/indexing/test_multiindex.py,1061,1112,True,a318b7f9463d8e52a1d168757aa7be6e
4158,/app/Repos/pandas/pandas/tests/indexes/datetimes/test_partial_slicing.py,176,185,/app/Repos/pandas/pandas/tests/indexes/datetimes/test_partial_slicing.py,199,213,True,84ea26ef6ffa8c5c78ee3f5f9b750655
4159,/app/Repos/pandas/pandas/tests/scalar/period/test_period.py,1072,1201,/app/Repos/pandas/pandas/tests/scalar/period/test_period.py,1358,1405,True,22eded78bcabf06db6c5de067a3e3afc
4160,/app/Repos/pandas/pandas/tests/arithmetic/test_timedelta64.py,807,833,/app/Repos/pandas/pandas/tests/arithmetic/test_timedelta64.py,833,853,True,09766200a7f8af5aea210855cc74d9f4
4161,/app/Repos/pandas/pandas/tests/indexing/test_indexing_engines.py,96,119,/app/Repos/pandas/pandas/tests/indexing/test_indexing_engines.py,119,130,True,42edb9ecadded8dc1f5cce05ae4f125d
4162,/app/Repos/pandas/pandas/tests/scalar/period/test_period.py,1201,1288,/app/Repos/pandas/pandas/tests/scalar/period/test_period.py,1358,1405,True,8888eaa646aa360495845c613dbaaf3b
4163,/app/Repos/pandas/pandas/tests/arithmetic/test_timedelta64.py,997,1008,/app/Repos/pandas/pandas/tests/arithmetic/test_timedelta64.py,1008,1020,True,d2b01ec238127980dc5d0bba28ef4098
4164,/app/Repos/pandas/pandas/tests/indexing/test_indexing_engines.py,9,30,/app/Repos/pandas/pandas/tests/indexing/test_indexing_engines.py,119,130,True,46c57022b93943c50f5de3c0e9f6182f
4165,/app/Repos/pandas/pandas/tests/scalar/period/test_period.py,1298,1358,/app/Repos/pandas/pandas/tests/scalar/period/test_period.py,1358,1405,True,5a468f6ef3566e8c5f322e54fe5a6c9c
4166,/app/Repos/pandas/pandas/tests/arithmetic/test_timedelta64.py,1111,1124,/app/Repos/pandas/pandas/tests/arithmetic/test_timedelta64.py,1137,1152,True,e65f11a6865090ef52b5f2fdf9da5e2a
4167,/app/Repos/pandas/pandas/tests/indexing/test_indexing_engines.py,30,43,/app/Repos/pandas/pandas/tests/indexing/test_indexing_engines.py,119,130,True,9090f2ffffca4c793e7e41b578d01619
4168,/app/Repos/pandas/pandas/tests/indexing/test_timedelta.py,52,62,/app/Repos/pandas/pandas/tests/indexing/test_timedelta.py,62,72,True,0b1f11eabd6e877cc8e91b21bcf7aa0c
4169,/app/Repos/pandas/pandas/tests/arithmetic/test_timedelta64.py,1124,1137,/app/Repos/pandas/pandas/tests/arithmetic/test_timedelta64.py,1137,1152,True,dd322cae384272017dc369982ad97d74
4170,/app/Repos/pandas/pandas/tests/frame/test_combine_concat.py,252,269,/app/Repos/pandas/pandas/tests/frame/test_combine_concat.py,282,299,True,abeeb74314b5a50da35cff625e38e4b7
4171,/app/Repos/pandas/pandas/tests/indexing/test_indexing_engines.py,119,130,/app/Repos/pandas/pandas/tests/indexing/test_indexing_engines.py,130,150,True,ad5d20988c98a11ed8ee777b8ecdb3ad
4172,/app/Repos/pandas/pandas/tests/sparse/test_combine_concat.py,39,63,/app/Repos/pandas/pandas/tests/sparse/test_combine_concat.py,128,178,True,a9fc348778fc3f03d43eb060cc1a2e08
4173,/app/Repos/pandas/pandas/tests/frame/test_combine_concat.py,677,749,/app/Repos/pandas/pandas/tests/frame/test_combine_concat.py,794,804,True,f129010950bc314586fcdb3ac8667200
4174,/app/Repos/pandas/pandas/tests/sparse/test_combine_concat.py,63,76,/app/Repos/pandas/pandas/tests/sparse/test_combine_concat.py,128,178,True,69bc2bbc7216636d460211842c6b580c
4175,/app/Repos/pandas/pandas/tests/indexes/interval/test_construction.py,245,260,/app/Repos/pandas/pandas/tests/indexes/interval/test_construction.py,293,310,True,918f40f5d758227a016953e28a9a91b1
4176,/app/Repos/pandas/pandas/tests/sparse/test_combine_concat.py,76,98,/app/Repos/pandas/pandas/tests/sparse/test_combine_concat.py,128,178,True,b2d331982727b4b3f50722663f5047d5
4177,/app/Repos/pandas/pandas/tests/sparse/test_combine_concat.py,98,111,/app/Repos/pandas/pandas/tests/sparse/test_combine_concat.py,128,178,True,3031314ddc8863e86291bc5ee84d6b14
4178,/app/Repos/pandas/pandas/tests/sparse/test_combine_concat.py,111,128,/app/Repos/pandas/pandas/tests/sparse/test_combine_concat.py,128,178,True,7800a9445342b3bfbaf7beee42b9aca2
4179,/app/Repos/pandas/pandas/tests/arithmetic/test_timedelta64.py,658,674,/app/Repos/pandas/pandas/tests/arithmetic/test_timedelta64.py,674,691,True,383e79ee9b0b829fd380a489d7db5755
4180,/app/Repos/pandas/pandas/tests/sparse/frame/test_frame.py,777,800,/app/Repos/pandas/pandas/tests/sparse/frame/test_frame.py,800,827,True,4c543a64280fa1a9f0e1a54474e45f4c
4181,/app/Repos/pandas/pandas/tests/indexing/test_indexing_engines.py,43,64,/app/Repos/pandas/pandas/tests/indexing/test_indexing_engines.py,130,150,True,7a4558d3d8ddca92fc231c3558182f31
4182,/app/Repos/pandas/pandas/tests/arithmetic/test_timedelta64.py,807,833,/app/Repos/pandas/pandas/tests/arithmetic/test_timedelta64.py,853,874,True,32e5a4acc25e84b7c34b2d5495a73986
4183,/app/Repos/pandas/pandas/tests/sparse/frame/test_frame.py,363,417,/app/Repos/pandas/pandas/tests/sparse/frame/test_frame.py,365,380,True,b4a6ea62eae4959ea5cda18129ecd8f4
4184,/app/Repos/pandas/pandas/tests/sparse/frame/test_frame.py,1246,1255,/app/Repos/pandas/pandas/tests/sparse/frame/test_frame.py,1255,1273,True,f315881129cca2fd6d782b0915ab4699
4185,/app/Repos/pandas/pandas/tests/sparse/test_combine_concat.py,197,242,/app/Repos/pandas/pandas/tests/sparse/test_combine_concat.py,327,361,True,f97bc0c787e211a98de33419edeba580
4186,/app/Repos/pandas/pandas/tests/arithmetic/test_timedelta64.py,833,853,/app/Repos/pandas/pandas/tests/arithmetic/test_timedelta64.py,853,874,True,993b12a13adadfa576b28cfd352fa29d
4187,/app/Repos/pandas/pandas/tests/sparse/frame/test_frame.py,512,573,/app/Repos/pandas/pandas/tests/sparse/frame/test_frame.py,517,568,True,a8522d2276c1425ec75142d386af6456
4188,/app/Repos/pandas/pandas/tests/sparse/test_combine_concat.py,242,258,/app/Repos/pandas/pandas/tests/sparse/test_combine_concat.py,327,361,True,e42ae3c3839991d2a01f68a2331dbaff
4189,/app/Repos/pandas/pandas/tests/sparse/test_combine_concat.py,258,270,/app/Repos/pandas/pandas/tests/sparse/test_combine_concat.py,327,361,True,ae7021c79013dda551452881a51432b8
4190,/app/Repos/pandas/pandas/tests/sparse/test_combine_concat.py,270,284,/app/Repos/pandas/pandas/tests/sparse/test_combine_concat.py,327,361,True,7c08004ebe7ff4144ce4900d21db75b4
4191,/app/Repos/pandas/pandas/tests/sparse/frame/test_analytics.py,7,25,/app/Repos/pandas/pandas/tests/sparse/frame/test_frame.py,1326,1343,True,22869a7aba5abecc46afc6cddd818068
4192,/app/Repos/pandas/pandas/tests/sparse/frame/test_analytics.py,25,41,/app/Repos/pandas/pandas/tests/sparse/frame/test_frame.py,1326,1343,True,9e959217da990e403d4bffad9d3e7b0e
4193,/app/Repos/pandas/pandas/tests/sparse/frame/test_frame.py,1309,1326,/app/Repos/pandas/pandas/tests/sparse/frame/test_frame.py,1326,1343,True,fb81e981dc9456a30e637a3095448378
4194,/app/Repos/pandas/pandas/tests/sparse/frame/test_frame.py,868,926,/app/Repos/pandas/pandas/tests/sparse/frame/test_frame.py,871,912,True,0e7dd2096f91fbdd0865c3f8a8ff807b
4195,/app/Repos/pandas/pandas/tests/sparse/frame/test_frame.py,1046,1065,/app/Repos/pandas/pandas/tests/sparse/frame/test_frame.py,1051,1060,True,45026081a4247da45f211a9fa6bfa2a1
4196,/app/Repos/pandas/pandas/tests/arithmetic/test_timedelta64.py,981,991,/app/Repos/pandas/pandas/tests/arithmetic/test_timedelta64.py,1020,1033,True,bd605698a7dfe3cbdad52621332a8cc4
4197,/app/Repos/pandas/pandas/tests/indexes/multi/test_contains.py,35,44,/app/Repos/pandas/pandas/tests/indexes/multi/test_contains.py,62,71,True,56e0e16fc82ec1951fc49fc60b22a0f8
4198,/app/Repos/pandas/pandas/tests/frame/test_combine_concat.py,252,269,/app/Repos/pandas/pandas/tests/frame/test_combine_concat.py,299,316,True,ad4fc15fb44ac429781dc42a4e6a1a86
4199,/app/Repos/pandas/pandas/tests/arithmetic/test_timedelta64.py,997,1008,/app/Repos/pandas/pandas/tests/arithmetic/test_timedelta64.py,1020,1033,True,d7ac18ae9b9adb53b1a5b598ff22847b
4200,/app/Repos/pandas/pandas/tests/frame/test_combine_concat.py,282,299,/app/Repos/pandas/pandas/tests/frame/test_combine_concat.py,299,316,True,bd55cafc83e91f765e81b68bbc16269d
4201,/app/Repos/pandas/pandas/tests/arithmetic/test_timedelta64.py,1008,1020,/app/Repos/pandas/pandas/tests/arithmetic/test_timedelta64.py,1020,1033,True,2bd39289547aba8483d8cb1d734910cd
4202,/app/Repos/pandas/pandas/tests/indexes/datetimes/test_formats.py,13,54,/app/Repos/pandas/pandas/tests/indexes/datetimes/test_formats.py,13,54,True,cd8e5550801a7f88780160f365ee5366
4203,/app/Repos/pandas/pandas/tests/groupby/test_value_counts.py,52,77,/app/Repos/pandas/pandas/tests/groupby/test_value_counts.py,56,61,True,ac6bd1caa857110c83e2241f37300e45
4204,/app/Repos/pandas/pandas/tests/scalar/period/test_period.py,653,699,/app/Repos/pandas/pandas/tests/scalar/period/test_period.py,699,707,True,2ffab3bc13d4fa1b8969fff27da9d1eb
4205,/app/Repos/pandas/pandas/tests/scalar/timestamp/test_timestamp.py,514,532,/app/Repos/pandas/pandas/tests/scalar/timestamp/test_timestamp.py,532,549,True,17eac721a028f2dd55ac07c4a4e120f3
4206,/app/Repos/pandas/pandas/tests/indexes/multi/test_copy.py,45,58,/app/Repos/pandas/pandas/tests/indexes/multi/test_copy.py,58,69,True,f63392bb3739747d3f119bea3717517d
4207,/app/Repos/pandas/pandas/tests/arithmetic/test_timedelta64.py,1087,1098,/app/Repos/pandas/pandas/tests/arithmetic/test_timedelta64.py,1158,1169,True,b29f64ad92955a6cb8095389243dcc0f
4208,/app/Repos/pandas/pandas/tests/scalar/period/test_period.py,812,828,/app/Repos/pandas/pandas/tests/scalar/period/test_period.py,828,846,True,a8a403abe372c8e75c564517f6654659
4209,/app/Repos/pandas/pandas/tests/scalar/period/test_period.py,1006,1012,/app/Repos/pandas/pandas/tests/scalar/period/test_period.py,1021,1036,True,804538f755c25709d97866fa87c26692
4210,/app/Repos/pandas/pandas/tests/indexes/datetimes/test_partial_slicing.py,45,50,/app/Repos/pandas/pandas/tests/indexes/timedeltas/test_partial_slicing.py,54,79,True,ef96fa79ae07a0fe12bd73cd93e1cd41
4211,/app/Repos/pandas/pandas/tests/arithmetic/test_timedelta64.py,760,775,/app/Repos/pandas/pandas/tests/arithmetic/test_timedelta64.py,1158,1169,True,6876fb245103bd18eb7634a9d3d61a59
4212,/app/Repos/pandas/pandas/tests/sparse/test_combine_concat.py,197,242,/app/Repos/pandas/pandas/tests/sparse/test_combine_concat.py,242,258,True,79b005efb0025af51deca9602591f62b
4213,/app/Repos/pandas/pandas/tests/indexing/test_floats.py,495,567,/app/Repos/pandas/pandas/tests/indexing/test_floats.py,503,563,True,57e59553c3be9b9a1fd8142027f08cf5
4214,/app/Repos/pandas/pandas/tests/indexing/test_indexing_engines.py,64,77,/app/Repos/pandas/pandas/tests/indexing/test_indexing_engines.py,150,160,True,6a7402df167ef9a07161bd2938ca1bd1
4215,/app/Repos/pandas/pandas/tests/indexing/test_indexing_engines.py,77,91,/app/Repos/pandas/pandas/tests/indexing/test_indexing_engines.py,150,160,True,ff65ca3a0b120f0c6d4c146a4bb304c9
4216,/app/Repos/pandas/pandas/tests/indexing/test_floats.py,367,473,/app/Repos/pandas/pandas/tests/indexing/test_floats.py,503,563,True,78f23d7522b57fa7225547cf171ab0c7
4217,/app/Repos/pandas/pandas/tests/arithmetic/test_timedelta64.py,1262,1288,/app/Repos/pandas/pandas/tests/arithmetic/test_timedelta64.py,1288,1320,True,a0af2f5329b8c3ffde0a071cc4e37224
4218,/app/Repos/pandas/pandas/tests/sparse/test_combine_concat.py,405,426,/app/Repos/pandas/pandas/tests/sparse/test_combine_concat.py,426,461,True,76b24fca5d709244eae95a008f1bd30f
4219,/app/Repos/pandas/pandas/tests/scalar/timestamp/test_timestamp.py,366,385,/app/Repos/pandas/pandas/tests/scalar/timestamp/test_timestamp.py,385,405,True,79ccc96a1325fffabbe18f674aca736b
4220,/app/Repos/pandas/pandas/plotting/_converter.py,597,823,/app/Repos/pandas/pandas/plotting/_converter.py,661,674,True,66ba7a5a11a9bd4ddc2dcefb4c589cd7
4221,/app/Repos/pandas/pandas/tests/arithmetic/test_timedelta64.py,1250,1262,/app/Repos/pandas/pandas/tests/arithmetic/test_timedelta64.py,1288,1320,True,491359fa0a3d4bacecd563a5613a74b7
4222,/app/Repos/pandas/pandas/tests/indexes/datetimes/test_partial_slicing.py,45,50,/app/Repos/pandas/pandas/tests/indexing/test_multiindex.py,664,693,True,c3fc0e330ac420d1eed03f67ace33dd2
4223,/app/Repos/pandas/pandas/plotting/_converter.py,823,893,/app/Repos/pandas/pandas/plotting/_converter.py,893,939,True,4c482780879d053f175ddd7413767d45
4224,/app/Repos/pandas/pandas/plotting/_converter.py,1008,1020,/app/Repos/pandas/pandas/plotting/_converter.py,1090,1105,True,a60c2d90c42240861626494e087f8ed3
4225,/app/Repos/pandas/pandas/tests/indexes/interval/test_astype.py,74,84,/app/Repos/pandas/pandas/tests/indexes/interval/test_astype.py,84,95,True,f7ccf533cf02a830dd42d2bf2ce216de
4226,/app/Repos/pandas/pandas/tests/groupby/test_categorical.py,16,32,/app/Repos/pandas/pandas/tests/groupby/test_categorical.py,20,28,True,a2d537efa7d53ae2889cc5566a921396
4227,/app/Repos/pandas/pandas/tests/indexing/test_multiindex.py,425,442,/app/Repos/pandas/pandas/tests/indexing/test_multiindex.py,750,864,True,1f04e4bb270119ee01bd8d678fde47a1
4228,/app/Repos/pandas/pandas/tests/indexes/period/test_indexing.py,18,62,/app/Repos/pandas/pandas/tests/indexes/period/test_indexing.py,229,277,True,f0065a363071ab5cd0cd8cee4218a8df
4229,/app/Repos/pandas/pandas/tests/indexes/period/test_indexing.py,229,277,/app/Repos/pandas/pandas/tests/indexes/period/test_indexing.py,229,277,True,7c7812e27a25289e6d894ad0d6be9963
4230,/app/Repos/pandas/pandas/tests/sparse/test_indexing.py,250,268,/app/Repos/pandas/pandas/tests/sparse/test_indexing.py,268,278,True,fb600745bdc185b156bc561ff2394c52
4231,/app/Repos/pandas/pandas/tests/indexes/period/test_indexing.py,349,396,/app/Repos/pandas/pandas/tests/indexes/period/test_indexing.py,432,444,True,4689c6935b2de06f16e2e29424a1207d
4232,/app/Repos/pandas/pandas/tests/indexes/period/test_indexing.py,396,414,/app/Repos/pandas/pandas/tests/indexes/period/test_indexing.py,432,444,True,3e2320186005670584bdea0a4f8911c9
4233,/app/Repos/pandas/pandas/tests/indexes/period/test_indexing.py,414,432,/app/Repos/pandas/pandas/tests/indexes/period/test_indexing.py,432,444,True,3185a709d759923be74eb7d510d9cb48
4234,/app/Repos/pandas/pandas/tests/indexes/multi/test_analytics.py,270,304,/app/Repos/pandas/pandas/tests/indexes/multi/test_analytics.py,304,326,True,5ac2f901532f888349dda5df0dd77d4d
4235,/app/Repos/pandas/pandas/tests/indexes/multi/conftest.py,9,25,/app/Repos/pandas/pandas/tests/indexes/multi/test_analytics.py,304,326,True,d8b4995d933164b70ce7a9046fe46001
4236,/app/Repos/pandas/pandas/tests/indexes/multi/conftest.py,25,40,/app/Repos/pandas/pandas/tests/indexes/multi/test_analytics.py,304,326,True,043b6af69b1cfcecd571ae91cabf5ad7
4237,/app/Repos/pandas/pandas/plotting/_converter.py,597,823,/app/Repos/pandas/pandas/plotting/_converter.py,674,687,True,0b355bd9769b374d304199b474420008
4238,/app/Repos/pandas/pandas/tests/indexes/interval/test_astype.py,46,55,/app/Repos/pandas/pandas/tests/indexes/interval/test_astype.py,151,159,True,2a017ab5c0688c12bc8d8ac165316f51
4239,/app/Repos/pandas/pandas/tests/sparse/test_indexing.py,113,145,/app/Repos/pandas/pandas/tests/sparse/test_indexing.py,516,554,True,4b93e0b813c7ff4e8ee6ec57bc6c1c67
4240,/app/Repos/pandas/pandas/tests/indexes/period/test_indexing.py,140,164,/app/Repos/pandas/pandas/tests/indexes/period/test_indexing.py,164,194,True,a082119f18df2739ac246f1354f28c01
4241,/app/Repos/pandas/pandas/tests/sparse/test_indexing.py,16,42,/app/Repos/pandas/pandas/tests/sparse/test_indexing.py,516,554,True,5f6302d6f98c7504a6478aade2acbd57
4242,/app/Repos/pandas/pandas/tests/sparse/test_indexing.py,42,51,/app/Repos/pandas/pandas/tests/sparse/test_indexing.py,516,554,True,ea47bc9e0ca67f414df8ab0eedb59129
4243,/app/Repos/pandas/pandas/tests/sparse/test_combine_concat.py,242,258,/app/Repos/pandas/pandas/tests/sparse/test_combine_concat.py,361,405,True,54886531e0ee80744209eefb6d8bc8e2
4244,/app/Repos/pandas/pandas/tests/sparse/test_indexing.py,16,42,/app/Repos/pandas/pandas/tests/sparse/test_indexing.py,113,145,True,35568a1b516fdbfd340d5f1c56366111
4245,/app/Repos/pandas/pandas/tests/sparse/test_indexing.py,467,496,/app/Repos/pandas/pandas/tests/sparse/test_indexing.py,516,554,True,09b2327597205bed38b283dc7b480ff1
4246,/app/Repos/pandas/pandas/tests/sparse/test_indexing.py,42,51,/app/Repos/pandas/pandas/tests/sparse/test_indexing.py,113,145,True,a06e92aa662bfb138482bb98b8f175f7
4247,/app/Repos/pandas/pandas/tests/sparse/test_indexing.py,504,516,/app/Repos/pandas/pandas/tests/sparse/test_indexing.py,516,554,True,106278fa608783230cec33b43a0a955f
4248,/app/Repos/pandas/pandas/tests/sparse/test_combine_concat.py,258,270,/app/Repos/pandas/pandas/tests/sparse/test_combine_concat.py,361,405,True,fa8c28c08ae37a4201aad4009dd4c248
4249,/app/Repos/pandas/pandas/tests/sparse/test_indexing.py,66,93,/app/Repos/pandas/pandas/tests/sparse/test_indexing.py,113,145,True,a738d6ff086de6c611be16d0ed17425a
4250,/app/Repos/pandas/pandas/tests/sparse/test_indexing.py,66,93,/app/Repos/pandas/pandas/tests/sparse/test_indexing.py,196,203,True,a7cd642f239ef534248356f53c7cb568
4251,/app/Repos/pandas/pandas/tests/sparse/test_indexing.py,101,113,/app/Repos/pandas/pandas/tests/sparse/test_indexing.py,196,203,True,e0238457e0d840d009d69b7a27de0bf6
4252,/app/Repos/pandas/pandas/tests/sparse/test_indexing.py,66,93,/app/Repos/pandas/pandas/tests/sparse/test_indexing.py,516,554,True,67da94111858c30cc4841e33f6fea99d
4253,/app/Repos/pandas/pandas/tests/sparse/test_indexing.py,145,170,/app/Repos/pandas/pandas/tests/sparse/test_indexing.py,196,203,True,e64c81c79c0699c830cbe69f409e15f9
4254,/app/Repos/pandas/pandas/tests/sparse/test_combine_concat.py,270,284,/app/Repos/pandas/pandas/tests/sparse/test_combine_concat.py,361,405,True,8cb7516db6441e22f1edcf3172c12d7e
4255,/app/Repos/pandas/pandas/tests/indexes/timedeltas/test_astype.py,14,23,/app/Repos/pandas/pandas/tests/indexes/timedeltas/test_astype.py,23,33,True,9f23591f0bab3eb24b311919281f1354
4256,/app/Repos/pandas/pandas/tests/sparse/test_indexing.py,170,191,/app/Repos/pandas/pandas/tests/sparse/test_indexing.py,196,203,True,59dc3dcc84ee2401e096e12c153b613f
4257,/app/Repos/pandas/pandas/tests/sparse/test_indexing.py,145,170,/app/Repos/pandas/pandas/tests/sparse/test_indexing.py,516,554,True,c26f9b846047f4b55d5bae8047bcd2a3
4258,/app/Repos/pandas/pandas/tests/sparse/test_indexing.py,66,93,/app/Repos/pandas/pandas/tests/sparse/test_indexing.py,227,239,True,381182e4e21eb61328af5809beb7f6a3
4259,/app/Repos/pandas/pandas/tests/sparse/test_indexing.py,170,191,/app/Repos/pandas/pandas/tests/sparse/test_indexing.py,227,239,True,bddc1fabe43b1b83346f964fa90886a2
4260,/app/Repos/pandas/pandas/tests/sparse/test_indexing.py,203,209,/app/Repos/pandas/pandas/tests/sparse/test_indexing.py,227,239,True,5c614489609701416bb6479b8106033a
4261,/app/Repos/pandas/pandas/tests/sparse/test_indexing.py,605,624,/app/Repos/pandas/pandas/tests/sparse/test_indexing.py,773,781,True,03e766bfabccc151e030cb248bffa3a1
4262,/app/Repos/pandas/pandas/tests/indexing/test_multiindex.py,154,181,/app/Repos/pandas/pandas/tests/indexing/test_multiindex.py,181,210,True,5e862ad0d8b2f6e2362101b1682fd661
4263,/app/Repos/pandas/pandas/tests/sparse/frame/test_frame.py,1025,1046,/app/Repos/pandas/pandas/tests/sparse/frame/test_frame.py,1028,1039,True,8793aabc9d7768a05ba9b5301a65a6bc
4264,/app/Repos/pandas/pandas/tests/sparse/test_indexing.py,624,656,/app/Repos/pandas/pandas/tests/sparse/test_indexing.py,773,781,True,c0fb5a490205af7d0f2f2cc8a616933f
4265,/app/Repos/pandas/pandas/tests/sparse/test_indexing.py,656,718,/app/Repos/pandas/pandas/tests/sparse/test_indexing.py,773,781,True,e96e768b927daa8e761d79cb473e205c
4266,/app/Repos/pandas/pandas/tests/sparse/test_indexing.py,718,773,/app/Repos/pandas/pandas/tests/sparse/test_indexing.py,773,781,True,99f4d63e6636220a6100c0e0d7c5f7ef
4267,/app/Repos/pandas/pandas/tests/sparse/frame/test_frame.py,1125,1135,/app/Repos/pandas/pandas/tests/sparse/frame/test_frame.py,1135,1148,True,ea29686bc0789335a193339540f3b780
4268,/app/Repos/pandas/pandas/tests/sparse/test_combine_concat.py,294,327,/app/Repos/pandas/pandas/tests/sparse/test_combine_concat.py,361,405,True,cf438066d2a8cd5342bc0c0d834c1c4c
4269,/app/Repos/pandas/pandas/tests/sparse/test_indexing.py,203,209,/app/Repos/pandas/pandas/tests/sparse/test_indexing.py,322,334,True,fd72b4357d2c759f1ec2681323bca832
4270,/app/Repos/pandas/pandas/tests/sparse/test_indexing.py,239,244,/app/Repos/pandas/pandas/tests/sparse/test_indexing.py,322,334,True,c5011cd635afade5d822c60874f83cc8
4271,/app/Repos/pandas/pandas/tests/sparse/test_indexing.py,244,250,/app/Repos/pandas/pandas/tests/sparse/test_indexing.py,322,334,True,85c2a4175e382d508fbe55eff4693fc3
4272,/app/Repos/pandas/pandas/tests/sparse/test_indexing.py,113,145,/app/Repos/pandas/pandas/tests/sparse/test_indexing.py,554,562,True,5d85fa1338b7a4946dd8c9b65f53baf6
4273,/app/Repos/pandas/pandas/tests/sparse/test_indexing.py,334,348,/app/Repos/pandas/pandas/tests/sparse/test_indexing.py,899,919,True,27623ee9784263d0ef339e9153ee9bdb
4274,/app/Repos/pandas/pandas/tests/sparse/test_indexing.py,496,504,/app/Repos/pandas/pandas/tests/sparse/test_indexing.py,554,562,True,79d9f68549de1ed1d013e2f521cfe287
4275,/app/Repos/pandas/pandas/tests/sparse/test_indexing.py,624,656,/app/Repos/pandas/pandas/tests/sparse/test_indexing.py,899,919,True,5afe501a930e99f2922d1aca61b4ad5c
4276,/app/Repos/pandas/pandas/tests/indexes/period/test_tools.py,284,299,/app/Repos/pandas/pandas/tests/indexes/period/test_tools.py,299,320,True,45b829173c9e0ac33d356609ad2d249f
4277,/app/Repos/pandas/pandas/tests/sparse/test_indexing.py,773,781,/app/Repos/pandas/pandas/tests/sparse/test_indexing.py,899,919,True,120bebd571aadde0d3b53a874a4d4202
4278,/app/Repos/pandas/pandas/tests/sparse/test_indexing.py,822,830,/app/Repos/pandas/pandas/tests/sparse/test_indexing.py,899,919,True,e374bc1e999e3abcee5e9548ef31865f
4279,/app/Repos/pandas/pandas/tests/sparse/test_indexing.py,239,244,/app/Repos/pandas/pandas/tests/sparse/test_indexing.py,605,624,True,c908ce8d2bc808b91d904a5dbffa7757
4280,/app/Repos/pandas/pandas/tests/indexes/datetimes/test_partial_slicing.py,155,176,/app/Repos/pandas/pandas/tests/indexes/timedeltas/test_partial_slicing.py,16,37,True,5e05208e59fb5fe42655e766e5991546
4281,/app/Repos/pandas/pandas/tests/sparse/test_indexing.py,884,899,/app/Repos/pandas/pandas/tests/sparse/test_indexing.py,899,919,True,c171f25489d371bac6d961cda0c416d1
4282,/app/Repos/pandas/pandas/tests/indexes/multi/test_monotonic.py,149,156,/app/Repos/pandas/pandas/tests/indexes/multi/test_monotonic.py,156,163,True,9db8bb7dfb34f4ee342b12f9e39970d7
4283,/app/Repos/pandas/pandas/tests/scalar/timestamp/test_timestamp.py,665,726,/app/Repos/pandas/pandas/tests/scalar/timestamp/test_timestamp.py,708,724,True,8b35509414a92a4e48b2f39c43c103d7
4284,/app/Repos/pandas/pandas/tests/sparse/test_indexing.py,830,842,/app/Repos/pandas/pandas/tests/sparse/test_indexing.py,842,854,True,44663b9756bfcf461b64a2783b1c82b7
4285,/app/Repos/pandas/pandas/tests/indexes/multi/conftest.py,9,25,/app/Repos/pandas/pandas/tests/indexes/multi/conftest.py,25,40,True,1ae79293403f7f8fdde4518059905699
4286,/app/Repos/pandas/pandas/tests/sparse/test_indexing.py,656,718,/app/Repos/pandas/pandas/tests/sparse/test_indexing.py,781,822,True,056acd702f44292b38fe150413f8b4af
4287,/app/Repos/pandas/pandas/tests/test_take.py,71,99,/app/Repos/pandas/pandas/tests/test_take.py,115,156,True,5b77a22de8277d26c462523ea4a7a679
4288,/app/Repos/pandas/pandas/tests/scalar/period/test_period.py,119,149,/app/Repos/pandas/pandas/tests/scalar/period/test_period.py,149,216,True,b05bb378cb4a2143c9696992cf9704d2
4289,/app/Repos/pandas/pandas/tests/test_take.py,276,285,/app/Repos/pandas/pandas/tests/test_take.py,326,354,True,992fdc3ffc64c8156ab87916d6878430
4290,/app/Repos/pandas/pandas/tests/test_take.py,285,302,/app/Repos/pandas/pandas/tests/test_take.py,326,354,True,f1400fa56874768108b27ceb9a415572
4291,/app/Repos/pandas/pandas/tests/indexing/test_floats.py,35,64,/app/Repos/pandas/pandas/tests/indexing/test_floats.py,64,153,True,a56dc9b1299872d42d1c98f9263bee9a
4292,/app/Repos/pandas/pandas/tests/sparse/test_indexing.py,773,781,/app/Repos/pandas/pandas/tests/sparse/test_indexing.py,781,822,True,edc2b68f667158c210fed1f2a42fccc2
4293,/app/Repos/pandas/pandas/tests/test_take.py,403,414,/app/Repos/pandas/pandas/tests/test_take.py,464,469,True,cbab8c5c27775be0b8240765e2fe650c
4294,/app/Repos/pandas/pandas/tests/test_take.py,414,427,/app/Repos/pandas/pandas/tests/test_take.py,464,469,True,392f7a4f7f6a9daff575973be09320b4
4295,/app/Repos/pandas/pandas/plotting/_converter.py,597,823,/app/Repos/pandas/pandas/plotting/_converter.py,687,701,True,8cb9bbd9f6302d38aa40ea4822484d10
4296,/app/Repos/pandas/pandas/tests/sparse/test_indexing.py,239,244,/app/Repos/pandas/pandas/tests/sparse/test_indexing.py,781,822,True,444c077e2c25b52e380a665a697ded56
4297,/app/Repos/pandas/pandas/tests/sparse/test_indexing.py,209,227,/app/Repos/pandas/pandas/tests/sparse/test_indexing.py,781,822,True,23f3d5694bcd8a0200b6712453966e84
4298,/app/Repos/pandas/pandas/tests/indexes/period/test_indexing.py,18,62,/app/Repos/pandas/pandas/tests/indexes/period/test_indexing.py,18,62,True,b34f1132eb019479ea32125a68fff872
4299,/app/Repos/pandas/pandas/tests/sparse/test_indexing.py,244,250,/app/Repos/pandas/pandas/tests/sparse/test_indexing.py,781,822,True,063e01cde1f6a851ce2899f3ef909e33
4300,/app/Repos/pandas/pandas/tests/indexes/multi/test_indexing.py,73,88,/app/Repos/pandas/pandas/tests/indexes/multi/test_indexing.py,259,289,True,1e0a377ba4af353bbdb6c96669f62ab9
4301,/app/Repos/pandas/pandas/tests/sparse/test_indexing.py,773,781,/app/Repos/pandas/pandas/tests/sparse/test_indexing.py,919,942,True,1bb92183d7e41a573640cd16c8d21295
4302,/app/Repos/pandas/pandas/tests/indexes/interval/test_astype.py,74,84,/app/Repos/pandas/pandas/tests/indexes/interval/test_astype.py,118,133,True,14c8bc2418364825e1a97a5963ccbfd3
4303,/app/Repos/pandas/pandas/tests/sparse/test_indexing.py,822,830,/app/Repos/pandas/pandas/tests/sparse/test_indexing.py,919,942,True,30b23a3e0f39f4b5c18ff848a6359445
4304,/app/Repos/pandas/pandas/tests/indexes/datetimes/test_timezones.py,329,357,/app/Repos/pandas/pandas/tests/indexes/datetimes/test_timezones.py,494,547,True,a9c360bd4760ea7540c86d6878ffed82
4305,/app/Repos/pandas/pandas/tests/indexes/datetimes/test_timezones.py,478,494,/app/Repos/pandas/pandas/tests/indexes/datetimes/test_timezones.py,494,547,True,a44e3c8626b156f9285e300083fe703a
4306,/app/Repos/pandas/pandas/tests/scalar/period/test_period.py,400,429,/app/Repos/pandas/pandas/tests/scalar/period/test_period.py,429,505,True,65c7eb43cfc947d29dd1f976e1a5cb79
4307,/app/Repos/pandas/pandas/tests/indexing/test_ix.py,301,308,/app/Repos/pandas/pandas/tests/indexing/test_ix.py,308,315,True,452088fea53511413729e43144b9be8e
4308,/app/Repos/pandas/pandas/tests/indexes/multi/test_set_ops.py,24,43,/app/Repos/pandas/pandas/tests/indexes/multi/test_set_ops.py,43,62,True,0e733739afe00f5e60e121992474f542
4309,/app/Repos/pandas/pandas/tests/groupby/test_categorical.py,45,188,/app/Repos/pandas/pandas/tests/groupby/test_categorical.py,420,463,True,6844f017128de50fd48bcae0d9a4dc18
4310,/app/Repos/pandas/pandas/tests/test_take.py,99,115,/app/Repos/pandas/pandas/tests/test_take.py,156,184,True,bb825bf27a2e267d27168a6730a8da5d
4311,/app/Repos/pandas/pandas/tests/indexes/test_base.py,789,798,/app/Repos/pandas/pandas/tests/indexes/test_base.py,798,811,True,e18aee69193477d212f1f83192da7a44
4312,/app/Repos/pandas/pandas/tests/sparse/test_indexing.py,66,93,/app/Repos/pandas/pandas/tests/sparse/test_indexing.py,101,113,True,33c883180e8e618ebe3a655ae0217117
4313,/app/Repos/pandas/pandas/tests/sparse/test_indexing.py,42,51,/app/Repos/pandas/pandas/tests/sparse/test_indexing.py,101,113,True,70b36d3c2fc119449b82deb430ce2b2e
4314,/app/Repos/pandas/pandas/tests/indexes/datetimes/test_partial_slicing.py,117,136,/app/Repos/pandas/pandas/tests/indexes/datetimes/test_partial_slicing.py,136,145,True,0f5b595f3f636d440855fdca90134016
4315,/app/Repos/pandas/pandas/tests/indexes/common.py,93,123,/app/Repos/pandas/pandas/tests/indexes/common.py,93,123,True,e033b629120feb86c1cd7645060477fc
4316,/app/Repos/pandas/pandas/tests/test_take.py,326,354,/app/Repos/pandas/pandas/tests/test_take.py,354,403,True,b7a1a6348c511f2f3f6dc2a0123a1dc2
4317,/app/Repos/pandas/pandas/tests/indexes/test_base.py,1124,1134,/app/Repos/pandas/pandas/tests/indexes/test_base.py,1134,1145,True,c1bc7eda8222a6272f0a6aad225b89b0
4318,/app/Repos/pandas/pandas/tests/indexing/test_iloc.py,111,120,/app/Repos/pandas/pandas/tests/indexing/test_iloc.py,156,181,True,a322ed4e13bfdef2e8a8f918b6518fe4
4319,/app/Repos/pandas/pandas/tests/test_take.py,285,302,/app/Repos/pandas/pandas/tests/test_take.py,354,403,True,bb4d4c49fa24834baa402dd8ea0298fd
4320,/app/Repos/pandas/pandas/tests/indexing/test_iloc.py,120,129,/app/Repos/pandas/pandas/tests/indexing/test_iloc.py,156,181,True,f7aa9a32dedc739122fe987a4bfd11b4
4321,/app/Repos/pandas/pandas/tests/indexing/test_indexing_engines.py,9,30,/app/Repos/pandas/pandas/tests/indexing/test_indexing_engines.py,30,43,True,077e5b4e71275ebb83a2e50dc00bb8aa
4322,/app/Repos/pandas/pandas/tests/sparse/test_indexing.py,66,93,/app/Repos/pandas/pandas/tests/sparse/test_indexing.py,203,209,True,dada911fa64037e97896f0a157762443
4323,/app/Repos/pandas/pandas/tests/sparse/test_indexing.py,101,113,/app/Repos/pandas/pandas/tests/sparse/test_indexing.py,203,209,True,ea5b70e88663d8880fe117b46cc9bff7
4324,/app/Repos/pandas/pandas/tests/sparse/test_indexing.py,145,170,/app/Repos/pandas/pandas/tests/sparse/test_indexing.py,203,209,True,d6d4bccd937f96e456f6e7aafeba07ca
4325,/app/Repos/pandas/pandas/tests/frame/test_combine_concat.py,177,207,/app/Repos/pandas/pandas/tests/frame/test_combine_concat.py,207,252,True,00b15fb2e19cda7e69a8c65b1c0c44f9
4326,/app/Repos/pandas/pandas/tests/sparse/test_indexing.py,170,191,/app/Repos/pandas/pandas/tests/sparse/test_indexing.py,203,209,True,2520094bafe8284eb5d68fdb0f44a716
4327,/app/Repos/pandas/pandas/tests/sparse/test_indexing.py,196,203,/app/Repos/pandas/pandas/tests/sparse/test_indexing.py,203,209,True,ee2b662257c04436b7f9eb0569b55570
4328,/app/Repos/pandas/pandas/tests/indexing/test_indexing_engines.py,150,160,/app/Repos/pandas/pandas/tests/indexing/test_indexing_engines.py,160,169,True,4724ffdd4c176364afb5e4a6f744afff
4329,/app/Repos/pandas/pandas/tests/indexing/test_indexing_engines.py,64,77,/app/Repos/pandas/pandas/tests/indexing/test_indexing_engines.py,160,169,True,5ed4fce38097c44d0483737a1d26da92
4330,/app/Repos/pandas/pandas/tests/arrays/interval/test_ops.py,32,51,/app/Repos/pandas/pandas/tests/arrays/interval/test_ops.py,60,74,True,39b245eade15242c124d585abbb76d4c
4331,/app/Repos/pandas/pandas/tests/indexing/test_indexing_engines.py,77,91,/app/Repos/pandas/pandas/tests/indexing/test_indexing_engines.py,160,169,True,e7f53c6e9dbd237b42812b3e69dbf11d
4332,/app/Repos/pandas/pandas/tests/indexing/test_iloc.py,282,300,/app/Repos/pandas/pandas/tests/indexing/test_iloc.py,518,549,True,dd1a8d63296176e020a1714b334b4b72
4333,/app/Repos/pandas/pandas/tests/sparse/test_indexing.py,278,291,/app/Repos/pandas/pandas/tests/sparse/test_indexing.py,291,303,True,0d88b373fd5aea9b984a5cb0cbff0d0e
4334,/app/Repos/pandas/pandas/tests/indexing/test_multiindex.py,52,154,/app/Repos/pandas/pandas/tests/indexing/test_multiindex.py,60,68,True,5ebd4071543b762298f385b4c644de39
4335,/app/Repos/pandas/pandas/tests/sparse/test_indexing.py,170,191,/app/Repos/pandas/pandas/tests/sparse/test_indexing.py,397,405,True,0a6ba7542a331d5f8360bbb855274761
4336,/app/Repos/pandas/pandas/tests/sparse/test_indexing.py,196,203,/app/Repos/pandas/pandas/tests/sparse/test_indexing.py,397,405,True,a69584fa828f0789d29f9b450284ab3a
4337,/app/Repos/pandas/pandas/tests/indexes/multi/test_set_ops.py,24,43,/app/Repos/pandas/pandas/tests/indexes/multi/test_set_ops.py,62,82,True,bccce1e7b5f8ef43d4380cbcb2ebb2a0
4338,/app/Repos/pandas/pandas/tests/sparse/test_indexing.py,203,209,/app/Repos/pandas/pandas/tests/sparse/test_indexing.py,397,405,True,d9ab9a6fcef142cf5c3e985f33693800
4339,/app/Repos/pandas/pandas/tests/indexes/multi/test_set_ops.py,43,62,/app/Repos/pandas/pandas/tests/indexes/multi/test_set_ops.py,62,82,True,0076a7d5b804f05609d3629c66107f47
4340,/app/Repos/pandas/pandas/tests/sparse/test_indexing.py,244,250,/app/Repos/pandas/pandas/tests/sparse/test_indexing.py,397,405,True,03c88480570ec868980fc91829b8c048
4341,/app/Repos/pandas/pandas/tests/plotting/test_hist_method.py,147,217,/app/Repos/pandas/pandas/tests/plotting/test_hist_method.py,248,259,True,565b63746461bd2551aa2009f3675116
4342,/app/Repos/pandas/pandas/tests/sparse/test_indexing.py,348,370,/app/Repos/pandas/pandas/tests/sparse/test_indexing.py,397,405,True,b0dbc9cc05baedc320fd7b662968cff0
4343,/app/Repos/pandas/pandas/tests/indexes/test_base.py,173,184,/app/Repos/pandas/pandas/tests/indexes/test_base.py,184,206,True,d4b52b4147f88a68f073e443dc1f49f8
4344,/app/Repos/pandas/pandas/tests/indexes/test_base.py,1265,1275,/app/Repos/pandas/pandas/tests/indexes/test_base.py,1318,1327,True,289ddd17cd5268e705cdfdf571ecad4c
4345,/app/Repos/pandas/pandas/tests/sparse/test_indexing.py,370,397,/app/Repos/pandas/pandas/tests/sparse/test_indexing.py,397,405,True,8525e6342542bf365343941ca72a6300
4346,/app/Repos/pandas/pandas/tests/indexes/period/test_construction.py,198,233,/app/Repos/pandas/pandas/tests/indexes/period/test_construction.py,253,267,True,24897b619a0a5576a48617df6fe84b96
4347,/app/Repos/pandas/pandas/tests/indexes/test_base.py,373,389,/app/Repos/pandas/pandas/tests/indexes/test_base.py,389,403,True,0020607b7a443931d56098db5aee04f0
4348,/app/Repos/pandas/pandas/tests/groupby/test_index_as_string.py,8,21,/app/Repos/pandas/pandas/tests/groupby/test_index_as_string.py,21,32,True,41b4305ad29a68d4a714fb80b8f0bc22
4349,/app/Repos/pandas/pandas/tests/sparse/test_indexing.py,16,42,/app/Repos/pandas/pandas/tests/sparse/test_indexing.py,467,496,True,1e3b93edf30ff5d0798ccfb6716e1409
4350,/app/Repos/pandas/pandas/tests/sparse/test_indexing.py,42,51,/app/Repos/pandas/pandas/tests/sparse/test_indexing.py,467,496,True,c8af070f7f5003b90746b0756e2eb5e5
4351,/app/Repos/pandas/pandas/tests/sparse/test_indexing.py,113,145,/app/Repos/pandas/pandas/tests/sparse/test_indexing.py,467,496,True,011f89ac46c9f81fd0bf251b6a937c30
4352,/app/Repos/pandas/pandas/tests/indexes/test_base.py,1080,1094,/app/Repos/pandas/pandas/tests/indexes/test_base.py,1112,1124,True,dcada84ea395e4e40e9e90ace96e2f9a
4353,/app/Repos/pandas/pandas/tests/indexes/common.py,612,642,/app/Repos/pandas/pandas/tests/indexes/common.py,612,642,True,2defdba11a97ea6043783aa9114e6aa5
4354,/app/Repos/pandas/pandas/tests/sparse/test_indexing.py,66,93,/app/Repos/pandas/pandas/tests/sparse/test_indexing.py,467,496,True,722332a6ca1c41ab7965a7e77e044dd4
4353,/app/Repos/pandas/pandas/tests/indexes/common.py,612,642,/app/Repos/pandas/pandas/tests/indexes/common.py,612,642,False,2defdba11a97ea6043783aa9114e6aa5
4355,/app/Repos/pandas/pandas/tests/sparse/frame/test_frame.py,1010,1025,/app/Repos/pandas/pandas/tests/sparse/frame/test_frame.py,1065,1099,True,43536016e99d51f1d7068d3db284fd3e
4356,/app/Repos/pandas/pandas/tests/indexes/common.py,905,940,/app/Repos/pandas/pandas/tests/indexes/common.py,940,980,True,d9a089f17c4a4e15a87f0a540992d87e
4353,/app/Repos/pandas/pandas/tests/indexes/common.py,612,642,/app/Repos/pandas/pandas/tests/indexes/common.py,612,642,False,2defdba11a97ea6043783aa9114e6aa5
4357,/app/Repos/pandas/pandas/tests/indexes/datetimes/test_partial_slicing.py,45,50,/app/Repos/pandas/pandas/tests/indexing/test_multiindex.py,669,675,True,f11ac81d29ca45f36e9f8086a7d1a7ea
4358,/app/Repos/pandas/pandas/tests/indexing/test_multiindex.py,664,693,/app/Repos/pandas/pandas/tests/indexing/test_multiindex.py,669,675,True,e7a833b8f795c2dd0211310fecfbc42f
4353,/app/Repos/pandas/pandas/tests/indexes/common.py,612,642,/app/Repos/pandas/pandas/tests/indexes/common.py,612,642,False,2defdba11a97ea6043783aa9114e6aa5
4359,/app/Repos/pandas/pandas/tests/sparse/test_indexing.py,42,51,/app/Repos/pandas/pandas/tests/sparse/test_indexing.py,562,573,True,7f849a599161f01ea060d089999bc16e
4360,/app/Repos/pandas/pandas/tests/sparse/test_indexing.py,504,516,/app/Repos/pandas/pandas/tests/sparse/test_indexing.py,562,573,True,93901fb74e152ce3fd58651614e43319
4361,/app/Repos/pandas/pandas/tests/sparse/test_indexing.py,516,554,/app/Repos/pandas/pandas/tests/sparse/test_indexing.py,562,573,True,9430d4aee866eaa939963d708b1c1b8e
4362,/app/Repos/pandas/pandas/tests/sparse/test_indexing.py,239,244,/app/Repos/pandas/pandas/tests/sparse/test_indexing.py,822,830,True,679e37b5807c1cd5dd9b87a5c33f2cca
4363,/app/Repos/pandas/pandas/tests/sparse/test_indexing.py,605,624,/app/Repos/pandas/pandas/tests/sparse/test_indexing.py,822,830,True,a58ed98eceb8563c3699cb1d7fd64ec1
4364,/app/Repos/pandas/pandas/tests/sparse/frame/test_frame.py,1199,1221,/app/Repos/pandas/pandas/tests/sparse/frame/test_frame.py,1221,1244,True,3d33ac3232470e5f6c9c2b2c2e0c1f3b
4365,/app/Repos/pandas/pandas/tests/sparse/test_indexing.py,624,656,/app/Repos/pandas/pandas/tests/sparse/test_indexing.py,822,830,True,ee5760a76e60fce4b32e7f23e3fd8048
4366,/app/Repos/pandas/pandas/tests/indexes/period/test_ops.py,424,452,/app/Repos/pandas/pandas/tests/indexes/period/test_ops.py,452,497,True,d2f4816f966834710bdb3c1a6bcb38f5
4367,/app/Repos/pandas/pandas/tests/indexes/common.py,265,293,/app/Repos/pandas/pandas/tests/indexes/test_base.py,2242,2267,True,135f0273bf53b049d94ea6f918e72d52
4368,/app/Repos/pandas/pandas/tests/sparse/test_indexing.py,656,718,/app/Repos/pandas/pandas/tests/sparse/test_indexing.py,822,830,True,9a65f391577b483dbe4dbdaf6b0cec0a
4369,/app/Repos/pandas/pandas/tests/indexes/common.py,1017,1062,/app/Repos/pandas/pandas/tests/indexes/common.py,1017,1062,True,1be4ce60377b5cc346712df482e6cc94
4370,/app/Repos/pandas/pandas/tests/indexing/test_coercion.py,90,107,/app/Repos/pandas/pandas/tests/indexing/test_coercion.py,260,271,True,909fffa277ccd559e4ad2c67830409a7
4371,/app/Repos/pandas/pandas/tests/sparse/test_indexing.py,718,773,/app/Repos/pandas/pandas/tests/sparse/test_indexing.py,822,830,True,426eeb70c9946c069ca22756364e7b8e
4372,/app/Repos/pandas/pandas/tests/sparse/test_indexing.py,773,781,/app/Repos/pandas/pandas/tests/sparse/test_indexing.py,822,830,True,2ce0f0669e0ba71864a9bf1d24a46e61
4373,/app/Repos/pandas/pandas/tests/indexing/test_coercion.py,243,260,/app/Repos/pandas/pandas/tests/indexing/test_coercion.py,260,271,True,98ada07783ded1f5889dafd963aa247d
4374,/app/Repos/pandas/pandas/tests/indexes/test_base.py,1382,1390,/app/Repos/pandas/pandas/tests/indexes/test_base.py,1390,1410,True,ab4208a90c75e05f50b442ea9e7a00c9
4375,/app/Repos/pandas/pandas/tests/indexes/common.py,1062,1075,/app/Repos/pandas/pandas/tests/indexes/common.py,1062,1075,True,854771b5452f5274d2dc5959a2fd9210
4376,/app/Repos/pandas/pandas/tests/sparse/test_indexing.py,781,822,/app/Repos/pandas/pandas/tests/sparse/test_indexing.py,822,830,True,779c3eabee042759318628064abcc03d
4377,/app/Repos/pandas/pandas/tests/indexes/multi/test_copy.py,58,69,/app/Repos/pandas/pandas/tests/indexes/multi/test_copy.py,69,88,True,ddc732e7c7900aeedc6a7bd894a57af0
4378,/app/Repos/pandas/pandas/tests/indexes/test_base.py,1382,1390,/app/Repos/pandas/pandas/tests/indexes/test_base.py,1410,1417,True,42edcbaac98e26b502dafd9ba9411e09
4379,/app/Repos/pandas/pandas/tests/indexes/multi/test_copy.py,45,58,/app/Repos/pandas/pandas/tests/indexes/multi/test_copy.py,69,88,True,944a453d209ea8f1af952c7c169a0912
4380,/app/Repos/pandas/pandas/tests/indexes/test_base.py,1145,1151,/app/Repos/pandas/pandas/tests/indexes/test_base.py,1157,1163,True,ba863e506809bcd21f171a971f0919e0
4381,/app/Repos/pandas/pandas/tests/indexes/test_base.py,1151,1157,/app/Repos/pandas/pandas/tests/indexes/test_base.py,1157,1163,True,efb9393a46013dd1143ed5a7b9cbbbbc
4382,/app/Repos/pandas/pandas/tests/indexing/test_coercion.py,243,260,/app/Repos/pandas/pandas/tests/indexing/test_coercion.py,271,289,True,dbdf7ecba58af83c3a03284a72fdd7ce
4383,/app/Repos/pandas/pandas/tests/indexes/timedeltas/test_partial_slicing.py,54,79,/app/Repos/pandas/pandas/tests/indexes/timedeltas/test_partial_slicing.py,58,63,True,45577e2d3a0eaa3c4e011b22f28e667b
4384,/app/Repos/pandas/pandas/tests/indexes/common.py,1075,1102,/app/Repos/pandas/pandas/tests/indexes/common.py,1075,1102,True,21d3401474f739d70ea073e66fafa211
4385,/app/Repos/pandas/pandas/tests/indexing/test_coercion.py,260,271,/app/Repos/pandas/pandas/tests/indexing/test_coercion.py,271,289,True,9e9d14d300880ce60698fc1944205cc7
4386,/app/Repos/pandas/pandas/tests/indexes/datetimes/test_partial_slicing.py,40,67,/app/Repos/pandas/pandas/tests/indexes/timedeltas/test_partial_slicing.py,58,63,True,fe395cba4a612e853f9c4371bea5e886
4387,/app/Repos/pandas/pandas/tests/indexes/common.py,612,642,/app/Repos/pandas/pandas/tests/indexes/common.py,704,734,True,37f09ebe15a99acd7540e9a3167e488f
4388,/app/Repos/pandas/pandas/tests/indexes/test_base.py,2287,2304,/app/Repos/pandas/pandas/tests/indexes/test_base.py,2304,2323,True,5799fbe66fc7a53a6097a3b2f7c3037b
4389,/app/Repos/pandas/pandas/tests/indexes/common.py,1062,1075,/app/Repos/pandas/pandas/tests/indexes/common.py,1075,1102,True,9e95cfbe9cddfd088c1102bc74e43e07
4384,/app/Repos/pandas/pandas/tests/indexes/common.py,1075,1102,/app/Repos/pandas/pandas/tests/indexes/common.py,1075,1102,False,21d3401474f739d70ea073e66fafa211
4390,/app/Repos/pandas/pandas/tests/indexes/test_base.py,2287,2304,/app/Repos/pandas/pandas/tests/indexes/test_base.py,2323,2333,True,76da204bfadfa3d359296806ebc253b7
4391,/app/Repos/pandas/pandas/tests/indexes/datetimes/test_partial_slicing.py,45,50,/app/Repos/pandas/pandas/tests/indexes/timedeltas/test_partial_slicing.py,58,63,True,932994b04507e0e6eb14e9ae970e8987
4392,/app/Repos/pandas/pandas/tests/indexes/common.py,642,669,/app/Repos/pandas/pandas/tests/indexes/common.py,704,734,True,5e85089488765ccc31b42db81d396ac4
4393,/app/Repos/pandas/pandas/tests/sparse/test_indexing.py,773,781,/app/Repos/pandas/pandas/tests/sparse/test_indexing.py,942,980,True,772bb09c06e62d9efbf2305580a90e67
4394,/app/Repos/pandas/pandas/tests/indexes/test_base.py,1382,1390,/app/Repos/pandas/pandas/tests/indexes/test_base.py,1417,1423,True,ea46cf6d6da7033f400812f8077d28cc
4395,/app/Repos/pandas/pandas/tests/sparse/test_indexing.py,822,830,/app/Repos/pandas/pandas/tests/sparse/test_indexing.py,942,980,True,24946a5c28abd48f47dc476a81692a01
4396,/app/Repos/pandas/pandas/tests/indexes/test_base.py,1390,1410,/app/Repos/pandas/pandas/tests/indexes/test_base.py,1417,1423,True,d4b5647df32f65590a9cf9428209096c
4397,/app/Repos/pandas/pandas/tests/indexes/test_base.py,1410,1417,/app/Repos/pandas/pandas/tests/indexes/test_base.py,1417,1423,True,7ce24f5435021a578d69b4deb9a873ac
4398,/app/Repos/pandas/pandas/tests/indexing/test_coercion.py,78,90,/app/Repos/pandas/pandas/tests/indexing/test_coercion.py,324,336,True,d2c2b964090c36f258069a8c2b645402
4399,/app/Repos/pandas/pandas/tests/indexes/common.py,669,704,/app/Repos/pandas/pandas/tests/indexes/common.py,704,734,True,f8530663f199fb02bb0c75ae7f15cec5
4400,/app/Repos/pandas/pandas/tests/indexes/common.py,704,734,/app/Repos/pandas/pandas/tests/indexes/common.py,704,734,True,c33e64d15f4de6da359a0c98961679f2
4401,/app/Repos/pandas/pandas/tests/indexes/common.py,1102,1115,/app/Repos/pandas/pandas/tests/indexes/common.py,1102,1115,True,4018e1c7772a3b214e47b4675518b9c5
4400,/app/Repos/pandas/pandas/tests/indexes/common.py,704,734,/app/Repos/pandas/pandas/tests/indexes/common.py,704,734,False,c33e64d15f4de6da359a0c98961679f2
4402,/app/Repos/pandas/pandas/tests/indexes/test_base.py,2304,2323,/app/Repos/pandas/pandas/tests/indexes/test_base.py,2333,2344,True,de00d42499bee53c9dcd5b391866e79e
4400,/app/Repos/pandas/pandas/tests/indexes/common.py,704,734,/app/Repos/pandas/pandas/tests/indexes/common.py,704,734,False,c33e64d15f4de6da359a0c98961679f2
4403,/app/Repos/pandas/pandas/tests/indexes/test_base.py,1417,1423,/app/Repos/pandas/pandas/tests/indexes/test_base.py,1433,1438,True,9de0804ee0413622444ab650debf36f6
4400,/app/Repos/pandas/pandas/tests/indexes/common.py,704,734,/app/Repos/pandas/pandas/tests/indexes/common.py,704,734,False,c33e64d15f4de6da359a0c98961679f2
4404,/app/Repos/pandas/pandas/tests/indexing/test_coercion.py,324,336,/app/Repos/pandas/pandas/tests/indexing/test_coercion.py,336,348,True,9c20c04d6c4b9c8b6dee9ddb7f31e108
4405,/app/Repos/pandas/pandas/tests/indexes/test_base.py,2323,2333,/app/Repos/pandas/pandas/tests/indexes/test_base.py,2344,2354,True,08ca74012b427c0b48729bca54443c52
4406,/app/Repos/pandas/pandas/tests/indexes/test_base.py,2323,2333,/app/Repos/pandas/pandas/tests/indexes/test_base.py,2354,2364,True,4ecdef55fe90c97f0d23bcf10de55a25
4407,/app/Repos/pandas/pandas/tests/indexes/timedeltas/test_arithmetic.py,130,137,/app/Repos/pandas/pandas/tests/indexes/timedeltas/test_arithmetic.py,143,149,True,c1a6c720c27179c041fd24729cab976a
4408,/app/Repos/pandas/pandas/tests/indexes/test_base.py,2344,2354,/app/Repos/pandas/pandas/tests/indexes/test_base.py,2354,2364,True,5c407ef54d8451a230214f64638c0951
4409,/app/Repos/pandas/pandas/tests/indexes/test_base.py,1448,1465,/app/Repos/pandas/pandas/tests/indexes/test_base.py,1465,1475,True,ff06f3d99cd189ba7340ba8b37f9813b
4410,/app/Repos/pandas/pandas/tests/frame/test_combine_concat.py,269,282,/app/Repos/pandas/pandas/tests/frame/test_combine_concat.py,572,652,True,73485f7cfd2c580172e03b60bcad8a68
4411,/app/Repos/pandas/pandas/tests/sparse/test_indexing.py,919,942,/app/Repos/pandas/pandas/tests/sparse/test_indexing.py,942,980,True,b7ad7b67a798df27e70f72a19e036af1
4412,/app/Repos/pandas/pandas/tests/indexing/test_coercion.py,324,336,/app/Repos/pandas/pandas/tests/indexing/test_coercion.py,348,360,True,5089d450513dd0af71ee92163dede928
4413,/app/Repos/pandas/pandas/tests/indexes/timedeltas/test_arithmetic.py,158,169,/app/Repos/pandas/pandas/tests/indexes/timedeltas/test_arithmetic.py,169,180,True,f5d5b75d61f5655299e7f66a4023ef0f
4414,/app/Repos/pandas/pandas/tests/indexes/test_base.py,1465,1475,/app/Repos/pandas/pandas/tests/indexes/test_base.py,1475,1494,True,71900ae0a8312dc60485244d8a0fad4f
4415,/app/Repos/pandas/pandas/tests/indexing/test_coercion.py,336,348,/app/Repos/pandas/pandas/tests/indexing/test_coercion.py,348,360,True,77af9bccb0e4acc5df96daa86c630794
4416,/app/Repos/pandas/pandas/tests/scalar/timestamp/test_timestamp.py,197,252,/app/Repos/pandas/pandas/tests/scalar/timestamp/test_timestamp.py,252,336,True,45426857a902167e5ab5432ceddb27be
4417,/app/Repos/pandas/pandas/tests/sparse/test_indexing.py,397,405,/app/Repos/pandas/pandas/tests/sparse/test_indexing.py,942,980,True,51be51929e178592a675323c281eb981
4418,/app/Repos/pandas/pandas/plotting/_converter.py,232,241,/app/Repos/pandas/pandas/plotting/_converter.py,292,303,True,dd3005293f9d23643a8cdb720a9161e5
4419,/app/Repos/pandas/pandas/tests/indexes/test_base.py,1554,1567,/app/Repos/pandas/pandas/tests/indexes/test_base.py,1572,1588,True,23c47ab42a8917ff4c9412d133fe73ed
4420,/app/Repos/pandas/pandas/tests/indexes/timedeltas/test_arithmetic.py,215,252,/app/Repos/pandas/pandas/tests/indexes/timedeltas/test_arithmetic.py,321,342,True,87bec201e6759188de5f45cc0582641a
4421,/app/Repos/pandas/pandas/tests/indexing/test_coercion.py,78,90,/app/Repos/pandas/pandas/tests/indexing/test_coercion.py,447,475,True,81e70355663cc5d29aca649b9b7a0aa9
4422,/app/Repos/pandas/pandas/tests/test_take.py,71,99,/app/Repos/pandas/pandas/tests/test_take.py,184,236,True,ca230ff092f58ccd77588fbe4e34e02d
4423,/app/Repos/pandas/pandas/tests/indexes/timedeltas/test_arithmetic.py,321,342,/app/Repos/pandas/pandas/tests/indexes/timedeltas/test_arithmetic.py,342,391,True,88b684fef8da9736a26506f5e0d3d03a
4424,/app/Repos/pandas/pandas/tests/indexes/test_base.py,1710,1725,/app/Repos/pandas/pandas/tests/indexes/test_base.py,1725,1734,True,1f454f3118de275d02cb57caf0472db8
4425,/app/Repos/pandas/pandas/tests/indexing/test_coercion.py,447,475,/app/Repos/pandas/pandas/tests/indexing/test_coercion.py,475,499,True,5d5e015b90b2581ef970c94c04148ebe
4426,/app/Repos/pandas/pandas/tests/indexes/test_base.py,1710,1725,/app/Repos/pandas/pandas/tests/indexes/test_base.py,1734,1742,True,99d7212472533b3496b8556cb969777a
4427,/app/Repos/pandas/pandas/tests/indexes/test_base.py,1725,1734,/app/Repos/pandas/pandas/tests/indexes/test_base.py,1734,1742,True,58793f634bafd6f964f74271a38dbe20
4428,/app/Repos/pandas/pandas/tests/test_take.py,115,156,/app/Repos/pandas/pandas/tests/test_take.py,184,236,True,285a2343253e0cbbaf26c62cca941faa
4429,/app/Repos/pandas/pandas/plotting/_converter.py,823,893,/app/Repos/pandas/pandas/plotting/_converter.py,939,959,True,3466da613536b5117a6c8f4d3aca5ab3
4430,/app/Repos/pandas/pandas/tests/indexes/test_base.py,780,789,/app/Repos/pandas/pandas/tests/indexes/test_base.py,2462,2472,True,427a04842351d68f9b018c1590379022
4431,/app/Repos/pandas/pandas/plotting/_converter.py,893,939,/app/Repos/pandas/pandas/plotting/_converter.py,939,959,True,74ce2ea8913ee725ef19888e015203cb
4432,/app/Repos/pandas/pandas/plotting/_converter.py,1020,1041,/app/Repos/pandas/pandas/plotting/_converter.py,1105,1121,True,cb10fca8035a471ee128d22dea029396
4433,/app/Repos/pandas/pandas/tests/indexes/datetimes/test_date_range.py,610,626,/app/Repos/pandas/pandas/tests/indexes/datetimes/test_date_range.py,685,697,True,215a0c263d49b0dcef3b0655b5f8cfee
4434,/app/Repos/pandas/pandas/tests/indexes/datetimes/test_date_range.py,637,646,/app/Repos/pandas/pandas/tests/indexes/datetimes/test_date_range.py,697,706,True,a39454a8966ba23ef8af20d0ac24efd5
4435,/app/Repos/pandas/pandas/tests/indexing/test_coercion.py,447,475,/app/Repos/pandas/pandas/tests/indexing/test_coercion.py,499,523,True,c69c8e01eb02e0a04aa918c769188d8b
4436,/app/Repos/pandas/pandas/tests/sparse/frame/test_frame.py,1010,1025,/app/Repos/pandas/pandas/tests/sparse/frame/test_frame.py,1046,1065,True,ba1204311ad56e03c1b6c69b18bcc082
4437,/app/Repos/pandas/pandas/tests/indexing/test_coercion.py,475,499,/app/Repos/pandas/pandas/tests/indexing/test_coercion.py,499,523,True,d9c92494af7bdeaccd86c1fc84a8285b
4438,/app/Repos/pandas/pandas/tests/indexes/datetimes/test_date_range.py,720,733,/app/Repos/pandas/pandas/tests/indexes/datetimes/test_date_range.py,733,745,True,770268f68aabf50aa6a3d2d300c5ed1f
4439,/app/Repos/pandas/pandas/tests/indexes/period/test_indexing.py,293,326,/app/Repos/pandas/pandas/tests/indexes/test_base.py,1870,1888,True,9cefd3e5193636d82a728cf0a72145cd
4440,/app/Repos/pandas/pandas/tests/indexing/test_coercion.py,122,134,/app/Repos/pandas/pandas/tests/indexing/test_coercion.py,499,523,True,8f1d8ea8f4e06a22769a098e678276f5
4441,/app/Repos/pandas/pandas/tests/indexes/datetimes/test_date_range.py,720,733,/app/Repos/pandas/pandas/tests/indexes/datetimes/test_date_range.py,745,760,True,e2863bea58d40037e050ee8e28ae422f
4442,/app/Repos/pandas/pandas/tests/indexes/datetimes/test_date_range.py,733,745,/app/Repos/pandas/pandas/tests/indexes/datetimes/test_date_range.py,745,760,True,71ff0bd45840f5ef45a898bb2f0cd265
4443,/app/Repos/pandas/pandas/tests/indexes/period/test_indexing.py,293,326,/app/Repos/pandas/pandas/tests/indexes/test_base.py,1888,1898,True,600aa970cc47c0280680c9c1d8c71e06
4444,/app/Repos/pandas/pandas/plotting/_compat.py,9,21,/app/Repos/pandas/pandas/plotting/_compat.py,10,18,True,20333c6932124a2f81c34ca12788365f
4445,/app/Repos/pandas/pandas/tests/indexes/multi/test_analytics.py,166,207,/app/Repos/pandas/pandas/tests/indexes/test_base.py,1888,1898,True,73e535191d3e1b2c496d844bac72646e
4446,/app/Repos/pandas/pandas/tests/indexes/test_base.py,1870,1888,/app/Repos/pandas/pandas/tests/indexes/test_base.py,1898,1903,True,628739a12ef1b7252ca8859fd224f205
4447,/app/Repos/pandas/pandas/tests/indexes/datetimes/test_formats.py,104,152,/app/Repos/pandas/pandas/tests/indexes/datetimes/test_formats.py,152,188,True,bce8eb10512389b606a187b87bd19518
4448,/app/Repos/pandas/pandas/tests/indexes/multi/test_set_ops.py,62,82,/app/Repos/pandas/pandas/tests/indexes/multi/test_set_ops.py,82,101,True,3b76b0a45edabecf017122e26535aeed
4449,/app/Repos/pandas/pandas/tests/indexes/test_base.py,1888,1898,/app/Repos/pandas/pandas/tests/indexes/test_base.py,1898,1903,True,946b0095fb7d2f29ea57c36756dc4034
4450,/app/Repos/pandas/pandas/tests/indexing/test_coercion.py,475,499,/app/Repos/pandas/pandas/tests/indexing/test_coercion.py,523,543,True,158d7c2e1dbe3b4d8d3a2a6a6488fc52
4451,/app/Repos/pandas/pandas/tests/indexes/multi/test_set_ops.py,24,43,/app/Repos/pandas/pandas/tests/indexes/multi/test_set_ops.py,82,101,True,37b4d09d1d9bebcfe2b58d807e4c51a4
4452,/app/Repos/pandas/pandas/tests/indexes/multi/test_set_ops.py,43,62,/app/Repos/pandas/pandas/tests/indexes/multi/test_set_ops.py,82,101,True,1beebdac84c6be3bdbd59c1cf75c5d0b
4453,/app/Repos/pandas/pandas/tests/indexing/test_coercion.py,134,146,/app/Repos/pandas/pandas/tests/indexing/test_coercion.py,523,543,True,840c38380fe004fd49b0daac68d199ba
4454,/app/Repos/pandas/pandas/tests/indexes/test_base.py,1903,1917,/app/Repos/pandas/pandas/tests/indexes/test_base.py,1917,1925,True,219d164bfadfb8c997fb2340fb1fcd75
4455,/app/Repos/pandas/pandas/tests/indexes/period/test_arithmetic.py,15,28,/app/Repos/pandas/pandas/tests/indexes/period/test_arithmetic.py,83,92,True,5f9a112b3068c16bdde9e314fc5dc808
4456,/app/Repos/pandas/pandas/tests/indexes/datetimes/test_indexing.py,17,51,/app/Repos/pandas/pandas/tests/indexes/datetimes/test_indexing.py,17,51,True,770a4fe8ea12adf43c25c735c2c210b7
4457,/app/Repos/pandas/pandas/tests/indexes/test_base.py,1917,1925,/app/Repos/pandas/pandas/tests/indexes/test_base.py,1925,1936,True,a4648b5d17b1384b3a48b32a819068f5
4458,/app/Repos/pandas/pandas/tests/indexing/test_coercion.py,447,475,/app/Repos/pandas/pandas/tests/indexing/test_coercion.py,543,564,True,b5965ed9293c95b9ef98184734e57075
4459,/app/Repos/pandas/pandas/tests/indexes/interval/test_astype.py,74,84,/app/Repos/pandas/pandas/tests/indexes/interval/test_astype.py,174,183,True,2f0671a381770ad42917d37059c1da5a
4460,/app/Repos/pandas/pandas/tests/indexes/interval/test_astype.py,118,133,/app/Repos/pandas/pandas/tests/indexes/interval/test_astype.py,174,183,True,89dcf307b7f89d5a538f088aa9ddfb71
4461,/app/Repos/pandas/pandas/tests/indexes/interval/test_astype.py,84,95,/app/Repos/pandas/pandas/tests/indexes/interval/test_astype.py,174,183,True,7b802aad526f8b793aff01d040dba280
4462,/app/Repos/pandas/pandas/tests/indexing/test_coercion.py,475,499,/app/Repos/pandas/pandas/tests/indexing/test_coercion.py,543,564,True,ec19d1e8e2d20aa0bbf2c2d823dfdddd
4463,/app/Repos/pandas/pandas/tests/indexes/datetimes/test_indexing.py,51,70,/app/Repos/pandas/pandas/tests/indexes/datetimes/test_indexing.py,76,94,True,53b2f89275e8966629e1a8200231863d
4464,/app/Repos/pandas/pandas/tests/indexing/test_coercion.py,523,543,/app/Repos/pandas/pandas/tests/indexing/test_coercion.py,543,564,True,c552908a35d9b8160a86ff15ef61408a
4465,/app/Repos/pandas/pandas/tests/indexes/timedeltas/test_partial_slicing.py,16,37,/app/Repos/pandas/pandas/tests/indexes/timedeltas/test_partial_slicing.py,37,54,True,922d297ee93b5409c98537ab5e278e74
4466,/app/Repos/pandas/pandas/tests/indexes/datetimes/test_partial_slicing.py,155,176,/app/Repos/pandas/pandas/tests/indexes/timedeltas/test_partial_slicing.py,37,54,True,b32cf48177e6837890b23ba9db778852
4467,/app/Repos/pandas/pandas/tests/indexing/test_coercion.py,78,90,/app/Repos/pandas/pandas/tests/indexing/test_coercion.py,543,564,True,325d8318f3d638216a633bf728f68d73
4468,/app/Repos/pandas/pandas/tests/indexing/test_coercion.py,78,90,/app/Repos/pandas/pandas/tests/indexing/test_coercion.py,90,107,True,f5012233d2fbf25f93ad2dbdb6857e4e
4469,/app/Repos/pandas/pandas/tests/indexes/datetimes/test_indexing.py,102,121,/app/Repos/pandas/pandas/tests/indexes/datetimes/test_indexing.py,102,121,True,65a4479d70453092295d93d5f5f7d60e
4470,/app/Repos/pandas/pandas/tests/indexes/datetimes/test_indexing.py,102,121,/app/Repos/pandas/pandas/tests/indexes/datetimes/test_indexing.py,121,134,True,cff8dcc3ecf28da6f57628e15386d6d1
4471,/app/Repos/pandas/pandas/tests/indexing/test_coercion.py,499,523,/app/Repos/pandas/pandas/tests/indexing/test_coercion.py,543,564,True,df0bc69c81d0bb1a2033aa4b932db046
4472,/app/Repos/pandas/pandas/tests/indexes/datetimes/test_indexing.py,121,134,/app/Repos/pandas/pandas/tests/indexes/datetimes/test_indexing.py,121,134,True,46657f5ed82d432daeedc3e43367056c
4473,/app/Repos/pandas/pandas/tests/indexing/test_coercion.py,90,107,/app/Repos/pandas/pandas/tests/indexing/test_coercion.py,107,122,True,2108f0675db90eb5a71ab505fc5e26c1
4474,/app/Repos/pandas/pandas/tests/indexes/test_base.py,333,342,/app/Repos/pandas/pandas/tests/indexes/test_base.py,342,350,True,8a2f33da0c9ebc859ae4caa26367651f
4475,/app/Repos/pandas/pandas/tests/indexing/test_coercion.py,78,90,/app/Repos/pandas/pandas/tests/indexing/test_coercion.py,122,134,True,73e0192d784bb0b4971631c5e51877cd
4476,/app/Repos/pandas/pandas/tests/indexing/test_coercion.py,90,107,/app/Repos/pandas/pandas/tests/indexing/test_coercion.py,122,134,True,d929fed18ff73a9cb60e28f310417b95
4477,/app/Repos/pandas/pandas/tests/indexing/test_coercion.py,172,189,/app/Repos/pandas/pandas/tests/indexing/test_coercion.py,564,593,True,1b2482ea7c2ec50811c309ed09b728fa
4478,/app/Repos/pandas/pandas/tests/arithmetic/test_timedelta64.py,513,527,/app/Repos/pandas/pandas/tests/arithmetic/test_timedelta64.py,573,606,True,97a8a859ca94d84608b249b0f502171d
4479,/app/Repos/pandas/pandas/tests/indexes/test_base.py,403,432,/app/Repos/pandas/pandas/tests/indexes/test_base.py,432,446,True,76a2842b9ce03121f1369a8750c9d059
4480,/app/Repos/pandas/pandas/tests/arithmetic/test_timedelta64.py,557,573,/app/Repos/pandas/pandas/tests/arithmetic/test_timedelta64.py,573,606,True,27db0c227e6e67d6b7ba0795c03db7dc
4481,/app/Repos/pandas/pandas/tests/indexes/test_base.py,1992,2038,/app/Repos/pandas/pandas/tests/indexes/test_base.py,2038,2084,True,d06176d289b1005bd65400c7f77f3495
4482,/app/Repos/pandas/pandas/tests/indexes/datetimes/test_indexing.py,135,177,/app/Repos/pandas/pandas/tests/indexes/datetimes/test_indexing.py,135,177,True,13365df3739ffdeac911a17a59445b7b
4483,/app/Repos/pandas/pandas/tests/arithmetic/test_timedelta64.py,749,760,/app/Repos/pandas/pandas/tests/arithmetic/test_timedelta64.py,760,775,True,b0cdff92c04202531a4b6fb9ed2b741f
4484,/app/Repos/pandas/pandas/tests/indexing/test_coercion.py,78,90,/app/Repos/pandas/pandas/tests/indexing/test_coercion.py,134,146,True,393660ae91647e5f8d5db92b638fe08d
4485,/app/Repos/pandas/pandas/tests/indexing/test_coercion.py,564,593,/app/Repos/pandas/pandas/tests/indexing/test_coercion.py,593,616,True,780554372994768e6fd6b7a845331d3e
4486,/app/Repos/pandas/pandas/tests/indexing/test_coercion.py,90,107,/app/Repos/pandas/pandas/tests/indexing/test_coercion.py,134,146,True,c1e38549609f892cd37cecb3371c9e7f
4487,/app/Repos/pandas/pandas/tests/indexes/common.py,47,66,/app/Repos/pandas/pandas/tests/indexes/common.py,47,66,True,fa5403e558fdb2c5254d0f66ed5c25af
4488,/app/Repos/pandas/pandas/tests/indexing/test_coercion.py,122,134,/app/Repos/pandas/pandas/tests/indexing/test_coercion.py,134,146,True,92efd21503c03ed1e18cffdadd87f708
4489,/app/Repos/pandas/pandas/tests/indexing/test_coercion.py,593,616,/app/Repos/pandas/pandas/tests/indexing/test_coercion.py,616,642,True,6bb645bc544a270af0ea49e2d8a6bd01
4490,/app/Repos/pandas/pandas/tests/indexes/datetimes/test_indexing.py,17,51,/app/Repos/pandas/pandas/tests/indexes/datetimes/test_indexing.py,135,177,True,91e7e696c5ef2294b5573389e777e319
4491,/app/Repos/pandas/pandas/tests/indexing/test_coercion.py,564,593,/app/Repos/pandas/pandas/tests/indexing/test_coercion.py,616,642,True,430301e201bf5ba26c08694ba5d16c17
4492,/app/Repos/pandas/pandas/tests/indexing/test_coercion.py,447,475,/app/Repos/pandas/pandas/tests/indexing/test_coercion.py,683,697,True,ba530e380eb7693247cd2a3923b88ac8
4493,/app/Repos/pandas/pandas/tests/indexing/test_coercion.py,78,90,/app/Repos/pandas/pandas/tests/indexing/test_coercion.py,146,172,True,c1ef17cff73c16ab397cee6d23ed66b3
4494,/app/Repos/pandas/pandas/tests/arithmetic/test_timedelta64.py,1087,1098,/app/Repos/pandas/pandas/tests/arithmetic/test_timedelta64.py,1098,1111,True,7ce6caadd3a74cbce6ee9a74d99ce1ae
4495,/app/Repos/pandas/pandas/tests/indexing/test_coercion.py,475,499,/app/Repos/pandas/pandas/tests/indexing/test_coercion.py,683,697,True,aa6c3bd20d758d0df42fbc10e60f49c7
4496,/app/Repos/pandas/pandas/tests/arithmetic/test_timedelta64.py,749,760,/app/Repos/pandas/pandas/tests/arithmetic/test_timedelta64.py,1098,1111,True,0552c8571899a0be95f2c83622a35fd7
4497,/app/Repos/pandas/pandas/tests/indexing/test_coercion.py,90,107,/app/Repos/pandas/pandas/tests/indexing/test_coercion.py,146,172,True,48141604c3274899f249d54b9034aa35
4498,/app/Repos/pandas/pandas/tests/indexing/test_coercion.py,499,523,/app/Repos/pandas/pandas/tests/indexing/test_coercion.py,683,697,True,bf34940e5da3e5d8c446e232496db73e
4499,/app/Repos/pandas/pandas/tests/arithmetic/test_timedelta64.py,760,775,/app/Repos/pandas/pandas/tests/arithmetic/test_timedelta64.py,1098,1111,True,bed7df757a0f4c6d11c4e849ed002bab
4500,/app/Repos/pandas/pandas/tests/indexing/test_coercion.py,122,134,/app/Repos/pandas/pandas/tests/indexing/test_coercion.py,146,172,True,cb15684297ef3b4ea6db4b13259ecb89
4501,/app/Repos/pandas/pandas/tests/indexes/datetimes/test_indexing.py,177,194,/app/Repos/pandas/pandas/tests/indexes/datetimes/test_indexing.py,177,194,True,22d1370558359dc169d4ea055b465ab9
4502,/app/Repos/pandas/pandas/tests/indexes/common.py,547,563,/app/Repos/pandas/pandas/tests/indexes/datetimes/test_indexing.py,177,194,True,a45abd878050474952ff549f205a3fcd
4503,/app/Repos/pandas/pandas/tests/indexes/common.py,612,642,/app/Repos/pandas/pandas/tests/indexes/common.py,642,669,True,165ce4b4b4b10ba17c1040ea3275a547
4504,/app/Repos/pandas/pandas/tests/indexes/common.py,642,669,/app/Repos/pandas/pandas/tests/indexes/common.py,642,669,True,c1a8047d1f151f769eecbc5cefeb6777
4504,/app/Repos/pandas/pandas/tests/indexes/common.py,642,669,/app/Repos/pandas/pandas/tests/indexes/common.py,642,669,False,c1a8047d1f151f769eecbc5cefeb6777
4504,/app/Repos/pandas/pandas/tests/indexes/common.py,642,669,/app/Repos/pandas/pandas/tests/indexes/common.py,642,669,False,c1a8047d1f151f769eecbc5cefeb6777
4505,/app/Repos/pandas/pandas/tests/indexes/test_base.py,2084,2116,/app/Repos/pandas/pandas/tests/indexes/test_base.py,2116,2150,True,279b607182379ff0f64e93b461b696ef
4504,/app/Repos/pandas/pandas/tests/indexes/common.py,642,669,/app/Repos/pandas/pandas/tests/indexes/common.py,642,669,False,c1a8047d1f151f769eecbc5cefeb6777
4506,/app/Repos/pandas/pandas/tests/indexing/test_coercion.py,499,523,/app/Repos/pandas/pandas/tests/indexing/test_coercion.py,697,716,True,a9e4a538e324fbd4f785f268fe2ea694
4507,/app/Repos/pandas/pandas/tests/indexing/test_coercion.py,683,697,/app/Repos/pandas/pandas/tests/indexing/test_coercion.py,697,716,True,099034de784933e0067fe8f18f6c639f
4508,/app/Repos/pandas/pandas/tests/indexing/test_coercion.py,122,134,/app/Repos/pandas/pandas/tests/indexing/test_coercion.py,697,716,True,c185ef97f5efa3e2af674525ec236d2e
4509,/app/Repos/pandas/pandas/tests/indexes/datetimes/test_indexing.py,214,246,/app/Repos/pandas/pandas/tests/indexes/datetimes/test_indexing.py,214,246,True,b36c614ae72a8a173fe335f09ab2f8fb
4510,/app/Repos/pandas/pandas/tests/indexes/datetimes/test_setops.py,23,36,/app/Repos/pandas/pandas/tests/indexes/datetimes/test_setops.py,23,36,True,fc87f0b9e7cba43a2ebb891eb4411fb7
4511,/app/Repos/pandas/pandas/tests/indexing/test_coercion.py,134,146,/app/Repos/pandas/pandas/tests/indexing/test_coercion.py,716,728,True,618a9e82b3747f81e6c563ada5656559
4512,/app/Repos/pandas/pandas/tests/indexes/common.py,642,669,/app/Repos/pandas/pandas/tests/indexes/datetimes/test_setops.py,23,36,True,a2fbd6d4ab33c7dea0c9e8237e90d395
4513,/app/Repos/pandas/pandas/tests/sparse/test_indexing.py,66,93,/app/Repos/pandas/pandas/tests/sparse/test_indexing.py,239,244,True,6998a56c21d3e309a4e9e51a0be5ec6f
4514,/app/Repos/pandas/pandas/tests/indexing/test_coercion.py,523,543,/app/Repos/pandas/pandas/tests/indexing/test_coercion.py,716,728,True,0c788320af3b2048ac072dd0755b11da
4509,/app/Repos/pandas/pandas/tests/indexes/datetimes/test_indexing.py,214,246,/app/Repos/pandas/pandas/tests/indexes/datetimes/test_indexing.py,214,246,False,b36c614ae72a8a173fe335f09ab2f8fb
4515,/app/Repos/pandas/pandas/tests/indexing/test_coercion.py,172,189,/app/Repos/pandas/pandas/tests/indexing/test_coercion.py,189,209,True,1a4e9de8405c22f8b95804aca6a2d04f
4516,/app/Repos/pandas/pandas/tests/sparse/test_indexing.py,101,113,/app/Repos/pandas/pandas/tests/sparse/test_indexing.py,239,244,True,12c0338ed460127ac18de9050ac263d4
4509,/app/Repos/pandas/pandas/tests/indexes/datetimes/test_indexing.py,214,246,/app/Repos/pandas/pandas/tests/indexes/datetimes/test_indexing.py,214,246,False,b36c614ae72a8a173fe335f09ab2f8fb
4517,/app/Repos/pandas/pandas/tests/sparse/test_indexing.py,145,170,/app/Repos/pandas/pandas/tests/sparse/test_indexing.py,239,244,True,fe90717a6d5972d7461811be6bce59f1
4509,/app/Repos/pandas/pandas/tests/indexes/datetimes/test_indexing.py,214,246,/app/Repos/pandas/pandas/tests/indexes/datetimes/test_indexing.py,214,246,False,b36c614ae72a8a173fe335f09ab2f8fb
4518,/app/Repos/pandas/pandas/tests/sparse/test_indexing.py,170,191,/app/Repos/pandas/pandas/tests/sparse/test_indexing.py,239,244,True,7387f0687c063ca24a14cba8f4393c43
4519,/app/Repos/pandas/pandas/tests/sparse/test_indexing.py,203,209,/app/Repos/pandas/pandas/tests/sparse/test_indexing.py,239,244,True,d17c3e5454c57b99c3df9290093e82cb
4520,/app/Repos/pandas/pandas/tests/indexes/datetimes/test_indexing.py,214,246,/app/Repos/pandas/pandas/tests/indexes/datetimes/test_indexing.py,246,278,True,63d1629dc9ba02fb5332d21bc48e7d22
4521,/app/Repos/pandas/pandas/tests/indexing/test_coercion.py,683,697,/app/Repos/pandas/pandas/tests/indexing/test_coercion.py,728,748,True,aaca6a8e034d978c4da1b3c3744f2197
4522,/app/Repos/pandas/pandas/tests/sparse/test_combine_concat.py,63,76,/app/Repos/pandas/pandas/tests/sparse/test_combine_concat.py,76,98,True,f775a5c07f0f76ac9643629efda3aa8a
4523,/app/Repos/pandas/pandas/tests/indexes/datetimes/test_setops.py,121,138,/app/Repos/pandas/pandas/tests/indexes/datetimes/test_setops.py,121,138,True,a40931612b398858c3be79aace63189e
4524,/app/Repos/pandas/pandas/tests/indexes/test_base.py,2216,2229,/app/Repos/pandas/pandas/tests/indexes/test_base.py,2229,2242,True,abb989cfcbf3b685e507dd527bf76fd5
4525,/app/Repos/pandas/pandas/tests/indexes/datetimes/test_indexing.py,246,278,/app/Repos/pandas/pandas/tests/indexes/datetimes/test_indexing.py,246,278,True,51d2c2c918144fbbc50c8c757839febd
4526,/app/Repos/pandas/pandas/tests/indexing/test_coercion.py,172,189,/app/Repos/pandas/pandas/tests/indexing/test_coercion.py,728,748,True,cc4896f9e0bd98779759754568a903bd
4527,/app/Repos/pandas/pandas/tests/sparse/test_combine_concat.py,39,63,/app/Repos/pandas/pandas/tests/sparse/test_combine_concat.py,76,98,True,59cf4e4c13467e1d7ac1fbf9d6e1bf02
4525,/app/Repos/pandas/pandas/tests/indexes/datetimes/test_indexing.py,246,278,/app/Repos/pandas/pandas/tests/indexes/datetimes/test_indexing.py,246,278,False,51d2c2c918144fbbc50c8c757839febd
4525,/app/Repos/pandas/pandas/tests/indexes/datetimes/test_indexing.py,246,278,/app/Repos/pandas/pandas/tests/indexes/datetimes/test_indexing.py,246,278,False,51d2c2c918144fbbc50c8c757839febd
4525,/app/Repos/pandas/pandas/tests/indexes/datetimes/test_indexing.py,246,278,/app/Repos/pandas/pandas/tests/indexes/datetimes/test_indexing.py,246,278,False,51d2c2c918144fbbc50c8c757839febd
4528,/app/Repos/pandas/pandas/tests/indexing/test_coercion.py,728,748,/app/Repos/pandas/pandas/tests/indexing/test_coercion.py,748,771,True,ce84d0756a5cbf53dcb37010ecf10227
4529,/app/Repos/pandas/pandas/tests/sparse/test_indexing.py,196,203,/app/Repos/pandas/pandas/tests/sparse/test_indexing.py,334,348,True,251cf7a85fc4e43b2a3c3d7ae22aa349
4530,/app/Repos/pandas/pandas/tests/sparse/test_indexing.py,203,209,/app/Repos/pandas/pandas/tests/sparse/test_indexing.py,334,348,True,1c5584440da5cf2e96db734a927f5174
4531,/app/Repos/pandas/pandas/tests/indexing/test_coercion.py,189,209,/app/Repos/pandas/pandas/tests/indexing/test_coercion.py,748,771,True,2bf303af21a56fcb87731d6a6e91d0ff
4532,/app/Repos/pandas/pandas/tests/sparse/test_combine_concat.py,197,242,/app/Repos/pandas/pandas/tests/sparse/test_combine_concat.py,270,284,True,92138b3f046548324113bb6d31e87696
4533,/app/Repos/pandas/pandas/tests/sparse/test_indexing.py,244,250,/app/Repos/pandas/pandas/tests/sparse/test_indexing.py,334,348,True,b36d329efccb30b8fd11d88fe6c6456f
4534,/app/Repos/pandas/pandas/tests/indexing/test_coercion.py,819,873,/app/Repos/pandas/pandas/tests/indexing/test_coercion.py,873,904,True,9186923a32fcb127343006e45d9207ae
4535,/app/Repos/pandas/pandas/tests/sparse/test_combine_concat.py,258,270,/app/Repos/pandas/pandas/tests/sparse/test_combine_concat.py,270,284,True,bc5ce745e1fac98df3ad8fba89026146
4536,/app/Repos/pandas/pandas/tests/indexing/test_coercion.py,873,904,/app/Repos/pandas/pandas/tests/indexing/test_coercion.py,904,936,True,af8af4cc5e7cd1c8d9a19413f127b67c
4537,/app/Repos/pandas/pandas/tests/indexing/test_coercion.py,819,873,/app/Repos/pandas/pandas/tests/indexing/test_coercion.py,904,936,True,97fef595c050f502738801fdf57bbba3
4538,/app/Repos/pandas/pandas/tests/sparse/test_indexing.py,322,334,/app/Repos/pandas/pandas/tests/sparse/test_indexing.py,334,348,True,9897910c9b61e4cfcb87261736a10085
4539,/app/Repos/pandas/pandas/tests/indexes/period/test_tools.py,159,165,/app/Repos/pandas/pandas/tests/indexes/period/test_tools.py,165,171,True,60c917610995b5c4f941c900c58a63b6
4540,/app/Repos/pandas/pandas/tests/arrays/categorical/test_operators.py,125,132,/app/Repos/pandas/pandas/tests/arrays/categorical/test_operators.py,132,140,True,5153d5420cd74a365df24b8a969db315
4541,/app/Repos/pandas/pandas/tests/scalar/period/test_period.py,56,70,/app/Repos/pandas/pandas/tests/scalar/period/test_period.py,70,80,True,14904e2bdf60a40336651b78441b0e15
4542,/app/Repos/pandas/pandas/tests/arrays/categorical/test_operators.py,132,140,/app/Repos/pandas/pandas/tests/arrays/categorical/test_operators.py,140,156,True,fc1b5f55e939b765c778bb96ed013848
4543,/app/Repos/pandas/pandas/plotting/_converter.py,597,823,/app/Repos/pandas/pandas/plotting/_converter.py,823,893,True,e35c0681f678eca5a66dad5bfa8af158
4544,/app/Repos/pandas/pandas/plotting/_converter.py,995,1008,/app/Repos/pandas/pandas/plotting/_converter.py,1076,1090,True,755af680f9e78345af3769f223ced961
4545,/app/Repos/pandas/pandas/tests/indexes/datetimes/test_datetime.py,256,267,/app/Repos/pandas/pandas/tests/indexes/timedeltas/test_timedelta.py,73,85,True,560d4b87c6f4f05aaec44df96b0b44b9
4546,/app/Repos/pandas/pandas/tests/scalar/period/test_period.py,739,752,/app/Repos/pandas/pandas/tests/scalar/period/test_period.py,769,795,True,64271a8d90c231b768267be284a7fcb2
4547,/app/Repos/pandas/pandas/tests/indexes/datetimes/test_datetime.py,311,356,/app/Repos/pandas/pandas/tests/indexes/timedeltas/test_timedelta.py,85,107,True,ec8ce9f517a81fbab9e1c6b073c0e35c
4548,/app/Repos/pandas/pandas/tests/sparse/test_indexing.py,605,624,/app/Repos/pandas/pandas/tests/sparse/test_indexing.py,624,656,True,ddca82a526374829cb01e281153eadb2
4549,/app/Repos/pandas/pandas/tests/indexes/datetimes/test_datetime.py,267,277,/app/Repos/pandas/pandas/tests/indexes/timedeltas/test_timedelta.py,112,124,True,e2493a3b64ec71366f4674b7f8a9cb85
4550,/app/Repos/pandas/pandas/tests/indexes/multi/test_analytics.py,149,166,/app/Repos/pandas/pandas/tests/indexes/multi/test_integrity.py,135,154,True,83089f2a1dc9d7af9ae64858199b23f0
4551,/app/Repos/pandas/pandas/tests/indexes/common.py,547,563,/app/Repos/pandas/pandas/tests/indexes/multi/test_integrity.py,135,154,True,4e67e661a896cfd9d961437033274969
4552,/app/Repos/pandas/pandas/tests/indexes/datetimes/test_datetime.py,214,231,/app/Repos/pandas/pandas/tests/indexes/timedeltas/test_timedelta.py,124,146,True,2e94e253221e2ca452dafcfdef08fed3
4553,/app/Repos/pandas/pandas/tests/indexes/datetimes/test_indexing.py,177,194,/app/Repos/pandas/pandas/tests/indexes/multi/test_integrity.py,135,154,True,9fc25c7ed2edc79fddcaa4dadebe2c2e
4554,/app/Repos/pandas/pandas/tests/indexes/period/test_indexing.py,396,414,/app/Repos/pandas/pandas/tests/indexes/period/test_indexing.py,414,432,True,8eb4c6c764fd68e16818f60540846726
4555,/app/Repos/pandas/pandas/tests/indexes/datetimes/test_date_range.py,47,55,/app/Repos/pandas/pandas/tests/indexes/datetimes/test_date_range.py,55,65,True,1d58d01c4e73a662675c803a4f8f5db8
4556,/app/Repos/pandas/pandas/tests/indexes/datetimes/test_datetime.py,176,187,/app/Repos/pandas/pandas/tests/indexes/timedeltas/test_timedelta.py,163,175,True,223c8cfe9d6821766d05a229e90c14db
4557,/app/Repos/pandas/pandas/tests/indexes/datetimes/test_datetime.py,120,128,/app/Repos/pandas/pandas/tests/indexes/timedeltas/test_timedelta.py,175,185,True,41e273e7c909197fa26d2b7e38df53aa
4558,/app/Repos/pandas/pandas/tests/scalar/period/test_period.py,1012,1021,/app/Repos/pandas/pandas/tests/scalar/period/test_period.py,1288,1298,True,c75e34677c43e81faba32a1739df13bb
4559,/app/Repos/pandas/pandas/tests/indexes/common.py,465,486,/app/Repos/pandas/pandas/tests/indexes/multi/test_integrity.py,267,288,True,6f94e554411cee8bbf71d79929cd10a9
4560,/app/Repos/pandas/pandas/tests/indexes/datetimes/test_date_range.py,94,103,/app/Repos/pandas/pandas/tests/indexes/datetimes/test_date_range.py,103,111,True,68388be8489f505f202e7879bec72e6e
4561,/app/Repos/pandas/pandas/tests/scalar/period/test_period.py,97,119,/app/Repos/pandas/pandas/tests/scalar/period/test_period.py,1288,1298,True,261f4d6a55071958cbb396aa78aa5d80
4562,/app/Repos/pandas/pandas/tests/indexes/datetimes/test_date_range.py,94,103,/app/Repos/pandas/pandas/tests/indexes/datetimes/test_date_range.py,111,119,True,da0ad9eee10364cb46e253c9e9319c1f
4563,/app/Repos/pandas/pandas/tests/indexes/datetimes/test_datetime.py,110,120,/app/Repos/pandas/pandas/tests/indexes/timedeltas/test_timedelta.py,206,216,True,e9606bf597bf6ee482d7b52267c555ea
4564,/app/Repos/pandas/pandas/tests/indexes/datetimes/test_indexing.py,486,551,/app/Repos/pandas/pandas/tests/indexes/datetimes/test_indexing.py,486,551,True,41966c88b8aef9c0d965ea03f174c9a6
4565,/app/Repos/pandas/pandas/tests/indexes/datetimes/test_datetime.py,247,256,/app/Repos/pandas/pandas/tests/indexes/timedeltas/test_timedelta.py,216,226,True,41f85861e74563927b2ae9e06366c58a
4566,/app/Repos/pandas/pandas/tests/indexes/datetimes/test_date_range.py,103,111,/app/Repos/pandas/pandas/tests/indexes/datetimes/test_date_range.py,111,119,True,fa59bc40108ff0b5be1f0ea5a97eacde
4567,/app/Repos/pandas/pandas/tests/indexes/multi/conftest.py,9,25,/app/Repos/pandas/pandas/tests/indexes/multi/test_analytics.py,270,304,True,439bf4ade03635195c8a775a3a88a235
4568,/app/Repos/pandas/pandas/tests/indexes/datetimes/test_partial_slicing.py,155,176,/app/Repos/pandas/pandas/tests/indexes/datetimes/test_partial_slicing.py,185,199,True,a3324a1e641097d574a7714877c34421
4569,/app/Repos/pandas/pandas/tests/indexes/multi/conftest.py,25,40,/app/Repos/pandas/pandas/tests/indexes/multi/test_analytics.py,270,304,True,99a2b516dc32f63f4e184a6b24d4faab
4570,/app/Repos/pandas/pandas/tests/indexes/datetimes/test_partial_slicing.py,176,185,/app/Repos/pandas/pandas/tests/indexes/datetimes/test_partial_slicing.py,185,199,True,7705228d7d25c35241167587122852a8
4571,/app/Repos/pandas/pandas/tests/sparse/test_indexing.py,773,781,/app/Repos/pandas/pandas/tests/sparse/test_indexing.py,854,869,True,ebdca84b66c2781cd9f9e6f17c488f97
4572,/app/Repos/pandas/pandas/tests/indexes/interval/test_astype.py,95,104,/app/Repos/pandas/pandas/tests/indexes/interval/test_astype.py,133,151,True,60e9d52401e55475e1c6ce3816f2cca7
4573,/app/Repos/pandas/pandas/tests/sparse/test_indexing.py,822,830,/app/Repos/pandas/pandas/tests/sparse/test_indexing.py,854,869,True,ed0d5b9ac39afcc68592f1b7c233d51b
4574,/app/Repos/pandas/pandas/tests/indexes/datetimes/test_indexing.py,551,584,/app/Repos/pandas/pandas/tests/indexes/datetimes/test_indexing.py,551,584,True,2a6a09477fcc23df92dfdd65be98b4f3
4575,/app/Repos/pandas/pandas/tests/sparse/test_indexing.py,16,42,/app/Repos/pandas/pandas/tests/sparse/test_indexing.py,42,51,True,984398aa62d50cd8df276650e7b7c05b
4576,/app/Repos/pandas/pandas/tests/indexes/datetimes/test_date_range.py,326,347,/app/Repos/pandas/pandas/tests/indexes/datetimes/test_date_range.py,370,395,True,26725070f52b8c2c6b497cf3919cb537
4577,/app/Repos/pandas/pandas/tests/indexing/test_indexing_engines.py,9,30,/app/Repos/pandas/pandas/tests/indexing/test_indexing_engines.py,96,119,True,99c05394fc543c6e80b9ab76ae88d22b
4578,/app/Repos/pandas/pandas/tests/sparse/test_indexing.py,291,303,/app/Repos/pandas/pandas/tests/sparse/test_indexing.py,854,869,True,94e0fa980f51de971b954d9b9d2f6187
4579,/app/Repos/pandas/pandas/tests/indexing/test_indexing_engines.py,30,43,/app/Repos/pandas/pandas/tests/indexing/test_indexing_engines.py,96,119,True,ae89212959331de01c22d96e8983c221
4580,/app/Repos/pandas/pandas/tests/indexes/period/test_arithmetic.py,62,83,/app/Repos/pandas/pandas/tests/indexes/timedeltas/test_arithmetic.py,37,43,True,61f62b82977d355497ee160462df052c
4581,/app/Repos/pandas/pandas/tests/indexes/datetimes/test_date_range.py,395,414,/app/Repos/pandas/pandas/tests/indexes/datetimes/test_date_range.py,414,457,True,ac1084580a6a9635519adf06735a1c42
4582,/app/Repos/pandas/pandas/tests/indexes/timedeltas/test_arithmetic.py,37,43,/app/Repos/pandas/pandas/tests/indexes/timedeltas/test_arithmetic.py,43,52,True,2008c7264a25c7c9f943e854ea0a405e
4583,/app/Repos/pandas/pandas/tests/arrays/interval/test_ops.py,18,30,/app/Repos/pandas/pandas/tests/scalar/interval/test_ops.py,8,20,True,272e9dbd9ea5911bb274b4fe675c5c05
4584,/app/Repos/pandas/pandas/tests/indexes/timedeltas/test_arithmetic.py,43,52,/app/Repos/pandas/pandas/tests/indexes/timedeltas/test_arithmetic.py,52,63,True,81d35c709a6b6e46a828da5fa91719e2
4585,/app/Repos/pandas/pandas/tests/indexes/timedeltas/test_arithmetic.py,37,43,/app/Repos/pandas/pandas/tests/indexes/timedeltas/test_arithmetic.py,52,63,True,88f10fce8e44af79d5f23c2904abff9d
4586,/app/Repos/pandas/pandas/tests/arrays/interval/test_ops.py,32,51,/app/Repos/pandas/pandas/tests/scalar/interval/test_ops.py,27,35,True,7b7ba4878920dfef9615dd38a379d372
4587,/app/Repos/pandas/pandas/tests/scalar/interval/test_ops.py,27,35,/app/Repos/pandas/pandas/tests/scalar/interval/test_ops.py,35,43,True,73a3f1b4fba30705d3084b7be784eb88
4588,/app/Repos/pandas/pandas/tests/sparse/test_indexing.py,93,101,/app/Repos/pandas/pandas/tests/sparse/test_indexing.py,303,322,True,a576fc7b949c389efa25dd3da624a5d1
4589,/app/Repos/pandas/pandas/tests/scalar/interval/test_ops.py,27,35,/app/Repos/pandas/pandas/tests/scalar/interval/test_ops.py,43,53,True,b4cefc4ae0e226e5799ecebd524ae005
4590,/app/Repos/pandas/pandas/tests/indexes/datetimes/test_arithmetic.py,18,35,/app/Repos/pandas/pandas/tests/indexes/datetimes/test_arithmetic.py,18,35,True,0de35c819a3da6d7c223ea8496eeefa9
4590,/app/Repos/pandas/pandas/tests/indexes/datetimes/test_arithmetic.py,18,35,/app/Repos/pandas/pandas/tests/indexes/datetimes/test_arithmetic.py,18,35,False,0de35c819a3da6d7c223ea8496eeefa9
4591,/app/Repos/pandas/pandas/tests/scalar/interval/test_ops.py,35,43,/app/Repos/pandas/pandas/tests/scalar/interval/test_ops.py,43,53,True,7c3a0170cce68ad0b3d9030940c1bc56
4590,/app/Repos/pandas/pandas/tests/indexes/datetimes/test_arithmetic.py,18,35,/app/Repos/pandas/pandas/tests/indexes/datetimes/test_arithmetic.py,18,35,False,0de35c819a3da6d7c223ea8496eeefa9
4592,/app/Repos/pandas/pandas/tests/indexes/timedeltas/test_arithmetic.py,63,73,/app/Repos/pandas/pandas/tests/indexes/timedeltas/test_arithmetic.py,73,82,True,d619f087701c2c0f82fdbf3650a7424a
4593,/app/Repos/pandas/pandas/tests/arrays/interval/test_ops.py,74,83,/app/Repos/pandas/pandas/tests/scalar/interval/test_ops.py,53,62,True,fe2958f8e798a5170e5f4fab2e48dc7a
4594,/app/Repos/pandas/pandas/tests/indexes/datetimes/test_partial_slicing.py,40,67,/app/Repos/pandas/pandas/tests/indexes/datetimes/test_partial_slicing.py,45,50,True,6bb67261de6ecad9d8728cbdbdc1567a
4595,/app/Repos/pandas/pandas/tests/indexes/datetimes/test_arithmetic.py,35,57,/app/Repos/pandas/pandas/tests/indexes/datetimes/test_arithmetic.py,35,57,True,c1de42d5d811150dd61be6640b5fbcbe
4596,/app/Repos/pandas/pandas/tests/indexes/datetimes/test_partial_slicing.py,155,176,/app/Repos/pandas/pandas/tests/indexes/datetimes/test_partial_slicing.py,176,185,True,fdebf444e2377dc0fbb91cd1f3123e00
4597,/app/Repos/pandas/pandas/plotting/_converter.py,1136,1153,/app/Repos/pandas/pandas/plotting/_timeseries.py,290,307,True,40696553fadcff1f80fc89f43896866e
4598,/app/Repos/pandas/pandas/tests/indexing/test_indexing_engines.py,64,77,/app/Repos/pandas/pandas/tests/indexing/test_indexing_engines.py,77,91,True,ee52854b2a6d15b47cf64d6799d9072e
4599,/app/Repos/pandas/pandas/tests/indexes/datetimes/test_construction.py,275,286,/app/Repos/pandas/pandas/tests/indexes/datetimes/test_construction.py,275,286,True,397bbb7ce1828b9b8cd7221e43f65b7c
4600,/app/Repos/pandas/pandas/tests/indexes/multi/test_monotonic.py,10,79,/app/Repos/pandas/pandas/tests/indexes/multi/test_monotonic.py,79,149,True,b10ce56c6fcf38e6493a01ac5919f9dd
4601,/app/Repos/pandas/pandas/tests/indexes/datetimes/test_construction.py,592,604,/app/Repos/pandas/pandas/tests/indexes/datetimes/test_construction.py,592,604,True,32b4c73d428d3d6df9f19566511a534d
4602,/app/Repos/pandas/pandas/tests/indexes/multi/test_equivalence.py,12,29,/app/Repos/pandas/pandas/tests/indexes/multi/test_equivalence.py,12,29,True,155df20445a8049ef0c43b7f007422e0
4603,/app/Repos/pandas/pandas/tests/indexes/common.py,770,790,/app/Repos/pandas/pandas/tests/indexes/multi/test_equivalence.py,12,29,True,de446f5f21a13dd0db02cd2e4f9be0ca
4604,/app/Repos/pandas/pandas/tests/frame/test_combine_concat.py,749,762,/app/Repos/pandas/pandas/tests/frame/test_combine_concat.py,762,794,True,233f663c78f015dfb6185247b26eefb2
4605,/app/Repos/pandas/pandas/tests/indexes/common.py,790,852,/app/Repos/pandas/pandas/tests/indexes/multi/test_equivalence.py,29,90,True,bc4857d4f419ef3f6b0c3cc0c1bf2f75
4606,/app/Repos/pandas/pandas/tests/test_take.py,276,285,/app/Repos/pandas/pandas/tests/test_take.py,285,302,True,5f9940502ca67cd88069af468e34e5c5
3899,/app/Repos/pandas/pandas/tests/indexes/multi/test_equivalence.py,90,132,/app/Repos/pandas/pandas/tests/indexes/multi/test_equivalence.py,90,132,False,6cae0988fde41d9f2bedef0548915959
4607,/app/Repos/pandas/pandas/tests/indexes/interval/test_construction.py,68,82,/app/Repos/pandas/pandas/tests/indexes/interval/test_construction.py,82,101,True,9339979706ce62d3af53a253b69a59a4
4608,/app/Repos/pandas/pandas/tests/sparse/frame/test_frame.py,1065,1099,/app/Repos/pandas/pandas/tests/sparse/frame/test_frame.py,1069,1094,True,12e28bd6230b89929b3171e95c7c0e4f
4609,/app/Repos/pandas/pandas/tests/indexes/multi/test_indexing.py,299,312,/app/Repos/pandas/pandas/tests/indexes/multi/test_indexing.py,324,335,True,d11c09b81471186aa6a48417121bc764
4610,/app/Repos/pandas/pandas/tests/indexes/multi/conftest.py,9,25,/app/Repos/pandas/pandas/tests/indexes/multi/test_equivalence.py,90,132,True,0b95b24a274b166198c6604344ecc35f
4611,/app/Repos/pandas/pandas/tests/indexes/datetimes/test_partial_slicing.py,67,77,/app/Repos/pandas/pandas/tests/indexes/timedeltas/test_partial_slicing.py,79,87,True,ff651b3927597d1796afa1e26c62e25b
4612,/app/Repos/pandas/pandas/tests/sparse/frame/test_frame.py,50,59,/app/Repos/pandas/pandas/tests/sparse/series/test_series.py,889,897,True,0f6685713342443a585c3413f437140e
4613,/app/Repos/pandas/pandas/tests/test_take.py,99,115,/app/Repos/pandas/pandas/tests/test_take.py,236,276,True,17791dd1e868c43e60ca075c9a521f21
4614,/app/Repos/pandas/pandas/tests/generic/test_generic.py,861,883,/app/Repos/pandas/pandas/tests/generic/test_generic.py,861,883,True,c7633cc5fbc636b9cd6812d88b6d5f3d
4614,/app/Repos/pandas/pandas/tests/generic/test_generic.py,861,883,/app/Repos/pandas/pandas/tests/generic/test_generic.py,861,883,False,c7633cc5fbc636b9cd6812d88b6d5f3d
4615,/app/Repos/pandas/pandas/tests/test_take.py,156,184,/app/Repos/pandas/pandas/tests/test_take.py,236,276,True,2b9170e634a2b14a83847d3419e35631
4616,/app/Repos/pandas/pandas/tests/sparse/frame/test_analytics.py,7,25,/app/Repos/pandas/pandas/tests/sparse/frame/test_frame.py,1309,1326,True,2e293d3db77fb28453cfb6f6e47f114f
4617,/app/Repos/pandas/pandas/tests/indexes/period/test_indexing.py,497,526,/app/Repos/pandas/pandas/tests/indexes/timedeltas/test_indexing.py,316,332,True,ef78163a6472489774b9f4cea38734ab
4618,/app/Repos/pandas/pandas/tests/sparse/frame/test_analytics.py,25,41,/app/Repos/pandas/pandas/tests/sparse/frame/test_frame.py,1309,1326,True,dfa268ee672f6e6b1a964fbdee1c89dd
4619,/app/Repos/pandas/pandas/tests/indexes/period/test_indexing.py,581,620,/app/Repos/pandas/pandas/tests/indexes/timedeltas/test_indexing.py,316,332,True,1392df5bd4d6392ced84e4d6eaa00331
4620,/app/Repos/pandas/pandas/tests/indexes/datetimes/test_timezones.py,962,974,/app/Repos/pandas/pandas/tests/indexes/datetimes/test_timezones.py,1119,1125,True,8b40d2e415444b3f9cbff30ccaaf5d10
4621,/app/Repos/pandas/pandas/tests/sparse/frame/test_frame.py,226,248,/app/Repos/pandas/pandas/tests/sparse/series/test_series.py,173,182,True,9e719348b327cea01db1187b8db0774c
4622,/app/Repos/pandas/pandas/plotting/_converter.py,597,823,/app/Repos/pandas/pandas/plotting/_converter.py,649,657,True,f396ba64a0996ed2cc659bdd4843fb7b
4623,/app/Repos/pandas/pandas/tests/indexes/multi/test_set_ops.py,167,202,/app/Repos/pandas/pandas/tests/indexes/multi/test_set_ops.py,202,224,True,2d6e29cce57a31c1108ff4dedb893173
4624,/app/Repos/pandas/pandas/tests/sparse/series/test_series.py,918,965,/app/Repos/pandas/pandas/tests/sparse/series/test_series.py,918,965,True,13296ab5fbfc0a24abdc09feb7453024
4625,/app/Repos/pandas/pandas/tests/test_take.py,403,414,/app/Repos/pandas/pandas/tests/test_take.py,414,427,True,3e0f98964693f3e07e6c87ede814406b
4624,/app/Repos/pandas/pandas/tests/sparse/series/test_series.py,918,965,/app/Repos/pandas/pandas/tests/sparse/series/test_series.py,918,965,False,13296ab5fbfc0a24abdc09feb7453024
4624,/app/Repos/pandas/pandas/tests/sparse/series/test_series.py,918,965,/app/Repos/pandas/pandas/tests/sparse/series/test_series.py,918,965,False,13296ab5fbfc0a24abdc09feb7453024
4624,/app/Repos/pandas/pandas/tests/sparse/series/test_series.py,918,965,/app/Repos/pandas/pandas/tests/sparse/series/test_series.py,918,965,False,13296ab5fbfc0a24abdc09feb7453024
4626,/app/Repos/pandas/pandas/tests/indexes/period/test_ops.py,15,22,/app/Repos/pandas/pandas/tests/indexes/timedeltas/test_ops.py,18,24,True,4ff24c2f3ca92894cfd80a5879ed4ce8
4627,/app/Repos/pandas/pandas/tests/sparse/series/test_series.py,965,999,/app/Repos/pandas/pandas/tests/sparse/series/test_series.py,965,999,True,815e412195e9a9f5370122db404fa90b
4628,/app/Repos/pandas/pandas/tests/scalar/timestamp/test_timestamp.py,608,628,/app/Repos/pandas/pandas/tests/scalar/timestamp/test_timestamp.py,628,648,True,8d73890ca5839ffbe354a7b11dbe8b2d
4629,/app/Repos/pandas/pandas/tests/indexes/period/test_ops.py,62,81,/app/Repos/pandas/pandas/tests/indexes/timedeltas/test_ops.py,56,76,True,1304b88d8808f9ff5ccc54a5c35f2f32
4630,/app/Repos/pandas/pandas/tests/indexes/period/test_indexing.py,432,444,/app/Repos/pandas/pandas/tests/indexes/period/test_indexing.py,470,497,True,b3d7b72d5189159bd0da266caaa56062
4631,/app/Repos/pandas/pandas/tests/sparse/series/test_series.py,1210,1232,/app/Repos/pandas/pandas/tests/sparse/series/test_series.py,1210,1232,True,b3279fd3d05b646616fa3ad7ef1907a8
4632,/app/Repos/pandas/pandas/tests/indexes/period/test_ops.py,91,133,/app/Repos/pandas/pandas/tests/indexes/timedeltas/test_ops.py,76,111,True,553b4b36bb134b46761b548da0863f10
4631,/app/Repos/pandas/pandas/tests/sparse/series/test_series.py,1210,1232,/app/Repos/pandas/pandas/tests/sparse/series/test_series.py,1210,1232,False,b3279fd3d05b646616fa3ad7ef1907a8
4633,/app/Repos/pandas/pandas/tests/indexes/multi/test_analytics.py,166,207,/app/Repos/pandas/pandas/tests/indexes/multi/test_analytics.py,166,207,True,1d7e26ea4e9726495b380d893b65aead
4634,/app/Repos/pandas/pandas/tests/indexing/test_iloc.py,675,689,/app/Repos/pandas/pandas/tests/indexing/test_iloc.py,675,689,True,2cc86259db8b9b3703ecc3044a314495
4631,/app/Repos/pandas/pandas/tests/sparse/series/test_series.py,1210,1232,/app/Repos/pandas/pandas/tests/sparse/series/test_series.py,1210,1232,False,b3279fd3d05b646616fa3ad7ef1907a8
4631,/app/Repos/pandas/pandas/tests/sparse/series/test_series.py,1210,1232,/app/Repos/pandas/pandas/tests/sparse/series/test_series.py,1210,1232,False,b3279fd3d05b646616fa3ad7ef1907a8
4631,/app/Repos/pandas/pandas/tests/sparse/series/test_series.py,1210,1232,/app/Repos/pandas/pandas/tests/sparse/series/test_series.py,1210,1232,False,b3279fd3d05b646616fa3ad7ef1907a8
4635,/app/Repos/pandas/pandas/tests/sparse/test_indexing.py,16,42,/app/Repos/pandas/pandas/tests/sparse/test_indexing.py,66,93,True,9b8433299cfca563a47951681d3f1b67
4636,/app/Repos/pandas/pandas/tests/indexes/datetimes/test_timezones.py,678,692,/app/Repos/pandas/pandas/tests/indexes/datetimes/test_timezones.py,1089,1099,True,d2eab319fa78c3917617ab13f54748cc
4631,/app/Repos/pandas/pandas/tests/sparse/series/test_series.py,1210,1232,/app/Repos/pandas/pandas/tests/sparse/series/test_series.py,1210,1232,False,b3279fd3d05b646616fa3ad7ef1907a8
4637,/app/Repos/pandas/pandas/tests/sparse/test_indexing.py,66,93,/app/Repos/pandas/pandas/tests/sparse/test_indexing.py,145,170,True,a63d82246513189de98d0cba79e5be48
4638,/app/Repos/pandas/pandas/tests/sparse/series/test_series.py,1232,1245,/app/Repos/pandas/pandas/tests/sparse/series/test_series.py,1232,1245,True,0f4a86f5189001df3d55d22487a3a79d
4639,/app/Repos/pandas/pandas/tests/indexes/test_base.py,132,151,/app/Repos/pandas/pandas/tests/indexes/test_base.py,151,164,True,515efb4d4ba8c3dd63672f2f5c13cf0a
4640,/app/Repos/pandas/pandas/tests/indexes/period/test_indexing.py,18,62,/app/Repos/pandas/pandas/tests/indexes/timedeltas/test_indexing.py,12,44,True,917ca24b898a9d251a6c7ef7ad62d0c4
4641,/app/Repos/pandas/pandas/tests/sparse/test_indexing.py,16,42,/app/Repos/pandas/pandas/tests/sparse/test_indexing.py,145,170,True,298498fecd52e2cd115f10fbcf36a4b0
4638,/app/Repos/pandas/pandas/tests/sparse/series/test_series.py,1232,1245,/app/Repos/pandas/pandas/tests/sparse/series/test_series.py,1232,1245,False,0f4a86f5189001df3d55d22487a3a79d
4638,/app/Repos/pandas/pandas/tests/sparse/series/test_series.py,1232,1245,/app/Repos/pandas/pandas/tests/sparse/series/test_series.py,1232,1245,False,0f4a86f5189001df3d55d22487a3a79d
4638,/app/Repos/pandas/pandas/tests/sparse/series/test_series.py,1232,1245,/app/Repos/pandas/pandas/tests/sparse/series/test_series.py,1232,1245,False,0f4a86f5189001df3d55d22487a3a79d
4638,/app/Repos/pandas/pandas/tests/sparse/series/test_series.py,1232,1245,/app/Repos/pandas/pandas/tests/sparse/series/test_series.py,1232,1245,False,0f4a86f5189001df3d55d22487a3a79d
4642,/app/Repos/pandas/pandas/tests/sparse/test_indexing.py,113,145,/app/Repos/pandas/pandas/tests/sparse/test_indexing.py,145,170,True,7ed80d9c9994a6eaeda0ce3fee7ce6a7
4643,/app/Repos/pandas/pandas/tests/indexes/period/test_indexing.py,229,277,/app/Repos/pandas/pandas/tests/indexes/timedeltas/test_indexing.py,12,44,True,2a1591082b0015f1074b016179eb3e03
4644,/app/Repos/pandas/pandas/tests/indexing/test_floats.py,367,473,/app/Repos/pandas/pandas/tests/indexing/test_floats.py,495,567,True,1eb89fd1f5ba0fdf5b47325e471988db
4638,/app/Repos/pandas/pandas/tests/sparse/series/test_series.py,1232,1245,/app/Repos/pandas/pandas/tests/sparse/series/test_series.py,1232,1245,False,0f4a86f5189001df3d55d22487a3a79d
4645,/app/Repos/pandas/pandas/tests/sparse/test_indexing.py,66,93,/app/Repos/pandas/pandas/tests/sparse/test_indexing.py,244,250,True,1bccf4a088390294ff90e1e13e92d1d4
4646,/app/Repos/pandas/pandas/tests/sparse/test_indexing.py,101,113,/app/Repos/pandas/pandas/tests/sparse/test_indexing.py,244,250,True,d1d72dd062dc806278f0d7fc65521c8d
4647,/app/Repos/pandas/pandas/tests/sparse/series/test_series.py,1245,1265,/app/Repos/pandas/pandas/tests/sparse/series/test_series.py,1245,1265,True,16726ec090433558d2e6850de922e287
4648,/app/Repos/pandas/pandas/tests/indexes/datetimes/test_indexing.py,17,51,/app/Repos/pandas/pandas/tests/indexes/timedeltas/test_indexing.py,12,44,True,4cc24c0024f1c5124cb8492d06e97385
4649,/app/Repos/pandas/pandas/tests/sparse/test_indexing.py,170,191,/app/Repos/pandas/pandas/tests/sparse/test_indexing.py,244,250,True,a6ffed4f4b042768cd44dd4c0c25a0ed
4650,/app/Repos/pandas/pandas/tests/sparse/test_indexing.py,196,203,/app/Repos/pandas/pandas/tests/sparse/test_indexing.py,244,250,True,94075e07da4efa27379befe0f9d082b9
4651,/app/Repos/pandas/pandas/tests/sparse/test_indexing.py,203,209,/app/Repos/pandas/pandas/tests/sparse/test_indexing.py,244,250,True,873cb72f82b11887caf8487f3e86d50f
4647,/app/Repos/pandas/pandas/tests/sparse/series/test_series.py,1245,1265,/app/Repos/pandas/pandas/tests/sparse/series/test_series.py,1245,1265,False,16726ec090433558d2e6850de922e287
4652,/app/Repos/pandas/pandas/tests/indexing/test_iloc.py,111,120,/app/Repos/pandas/pandas/tests/indexing/test_iloc.py,120,129,True,5f79b85084b0514a4279fe968e9aa17c
4653,/app/Repos/pandas/pandas/tests/sparse/test_indexing.py,227,239,/app/Repos/pandas/pandas/tests/sparse/test_indexing.py,244,250,True,32006b26cebc893f0f2d3d741331b2d2
4647,/app/Repos/pandas/pandas/tests/sparse/series/test_series.py,1245,1265,/app/Repos/pandas/pandas/tests/sparse/series/test_series.py,1245,1265,False,16726ec090433558d2e6850de922e287
4654,/app/Repos/pandas/pandas/tests/sparse/test_indexing.py,239,244,/app/Repos/pandas/pandas/tests/sparse/test_indexing.py,244,250,True,e150c059ba301017d33b363e046c1f64
4647,/app/Repos/pandas/pandas/tests/sparse/series/test_series.py,1245,1265,/app/Repos/pandas/pandas/tests/sparse/series/test_series.py,1245,1265,False,16726ec090433558d2e6850de922e287
4655,/app/Repos/pandas/pandas/tests/indexes/datetimes/test_indexing.py,135,177,/app/Repos/pandas/pandas/tests/indexes/timedeltas/test_indexing.py,12,44,True,ed3ba66f31f5db7fbfcfedd22868887d
4656,/app/Repos/pandas/pandas/tests/indexes/period/test_ops.py,243,315,/app/Repos/pandas/pandas/tests/indexes/timedeltas/test_ops.py,125,196,True,2509dd459a121d4518b40d5a34e8f2a5
4657,/app/Repos/pandas/pandas/tests/sparse/test_indexing.py,196,203,/app/Repos/pandas/pandas/tests/sparse/test_indexing.py,348,370,True,c3e03d8057f832df72f819e576e4a0f9
4647,/app/Repos/pandas/pandas/tests/sparse/series/test_series.py,1245,1265,/app/Repos/pandas/pandas/tests/sparse/series/test_series.py,1245,1265,False,16726ec090433558d2e6850de922e287
4658,/app/Repos/pandas/pandas/tests/indexes/period/test_ops.py,133,145,/app/Repos/pandas/pandas/tests/indexes/timedeltas/test_ops.py,196,209,True,da1c67ac80c0d9f35c802de148946b32
4659,/app/Repos/pandas/pandas/tests/sparse/test_indexing.py,239,244,/app/Repos/pandas/pandas/tests/sparse/test_indexing.py,348,370,True,5479e8d9dcc808c4ad712665738bbc42
4660,/app/Repos/pandas/pandas/tests/indexes/period/test_ops.py,145,167,/app/Repos/pandas/pandas/tests/indexes/timedeltas/test_ops.py,209,230,True,620865bef3b74d97358fdf42a6ba0830
4647,/app/Repos/pandas/pandas/tests/sparse/series/test_series.py,1245,1265,/app/Repos/pandas/pandas/tests/sparse/series/test_series.py,1245,1265,False,16726ec090433558d2e6850de922e287
4661,/app/Repos/pandas/pandas/tests/indexes/common.py,547,563,/app/Repos/pandas/pandas/tests/indexes/common.py,547,563,True,0087579aa4e83ad0e520c06797faabee
4662,/app/Repos/pandas/pandas/tests/sparse/series/test_series.py,1265,1278,/app/Repos/pandas/pandas/tests/sparse/series/test_series.py,1265,1278,True,0ecca1f105cef91256c9a46d3f64fbc2
4662,/app/Repos/pandas/pandas/tests/sparse/series/test_series.py,1265,1278,/app/Repos/pandas/pandas/tests/sparse/series/test_series.py,1265,1278,False,0ecca1f105cef91256c9a46d3f64fbc2
4662,/app/Repos/pandas/pandas/tests/sparse/series/test_series.py,1265,1278,/app/Repos/pandas/pandas/tests/sparse/series/test_series.py,1265,1278,False,0ecca1f105cef91256c9a46d3f64fbc2
4663,/app/Repos/pandas/pandas/tests/indexes/period/test_ops.py,339,359,/app/Repos/pandas/pandas/tests/indexes/timedeltas/test_ops.py,258,278,True,f36c1bc16f4f3a9ecce9f3f1cbdc8672
4662,/app/Repos/pandas/pandas/tests/sparse/series/test_series.py,1265,1278,/app/Repos/pandas/pandas/tests/sparse/series/test_series.py,1265,1278,False,0ecca1f105cef91256c9a46d3f64fbc2
4664,/app/Repos/pandas/pandas/tests/indexes/period/test_ops.py,359,393,/app/Repos/pandas/pandas/tests/indexes/timedeltas/test_ops.py,278,298,True,d0241b2d615ec5f49d15e7337d9fb8b3
4662,/app/Repos/pandas/pandas/tests/sparse/series/test_series.py,1265,1278,/app/Repos/pandas/pandas/tests/sparse/series/test_series.py,1265,1278,False,0ecca1f105cef91256c9a46d3f64fbc2
4665,/app/Repos/pandas/pandas/tests/sparse/test_indexing.py,113,145,/app/Repos/pandas/pandas/tests/sparse/test_indexing.py,496,504,True,ece86569f225f4af48ed36d958b36a59
4666,/app/Repos/pandas/pandas/tests/indexes/period/test_indexing.py,229,277,/app/Repos/pandas/pandas/tests/indexes/timedeltas/test_indexing.py,60,99,True,ccec941e0103041dca71790143b6867f
4667,/app/Repos/pandas/pandas/tests/sparse/test_indexing.py,278,291,/app/Repos/pandas/pandas/tests/sparse/test_indexing.py,496,504,True,113c89563246abe381f0aefa54e5ddb1
4662,/app/Repos/pandas/pandas/tests/sparse/series/test_series.py,1265,1278,/app/Repos/pandas/pandas/tests/sparse/series/test_series.py,1265,1278,False,0ecca1f105cef91256c9a46d3f64fbc2
4668,/app/Repos/pandas/pandas/tests/sparse/test_indexing.py,467,496,/app/Repos/pandas/pandas/tests/sparse/test_indexing.py,496,504,True,4ef2fa9b67d0afc2f1d8849f78860a0e
4669,/app/Repos/pandas/pandas/tests/plotting/test_hist_method.py,60,69,/app/Repos/pandas/pandas/tests/plotting/test_hist_method.py,69,115,True,6c907479cdc29717c12bb684a5604b34
4670,/app/Repos/pandas/pandas/tests/sparse/series/test_series.py,1278,1297,/app/Repos/pandas/pandas/tests/sparse/series/test_series.py,1278,1297,True,acf82bdc1083258f716a5f39e0acc8a8
4671,/app/Repos/pandas/pandas/tests/indexes/common.py,612,642,/app/Repos/pandas/pandas/tests/indexes/common.py,669,704,True,64f4503ff76b23a0a578afe2428230bd
4672,/app/Repos/pandas/pandas/tests/indexes/datetimes/test_indexing.py,135,177,/app/Repos/pandas/pandas/tests/indexes/timedeltas/test_indexing.py,60,99,True,90fa14fbf9dc86606a230c66c07a252e
4670,/app/Repos/pandas/pandas/tests/sparse/series/test_series.py,1278,1297,/app/Repos/pandas/pandas/tests/sparse/series/test_series.py,1278,1297,False,acf82bdc1083258f716a5f39e0acc8a8
4670,/app/Repos/pandas/pandas/tests/sparse/series/test_series.py,1278,1297,/app/Repos/pandas/pandas/tests/sparse/series/test_series.py,1278,1297,False,acf82bdc1083258f716a5f39e0acc8a8
4673,/app/Repos/pandas/pandas/tests/sparse/test_indexing.py,605,624,/app/Repos/pandas/pandas/tests/sparse/test_indexing.py,656,718,True,0bf2a0c0268aead55f8c73091ca63270
4670,/app/Repos/pandas/pandas/tests/sparse/series/test_series.py,1278,1297,/app/Repos/pandas/pandas/tests/sparse/series/test_series.py,1278,1297,False,acf82bdc1083258f716a5f39e0acc8a8
4674,/app/Repos/pandas/pandas/tests/indexes/common.py,642,669,/app/Repos/pandas/pandas/tests/indexes/common.py,669,704,True,3c69777493bbf8a5bc6ffb63793f9bd5
4675,/app/Repos/pandas/pandas/tests/indexes/datetimes/test_indexing.py,177,194,/app/Repos/pandas/pandas/tests/indexes/timedeltas/test_indexing.py,99,116,True,e499722d93f1b6eb48cf1fdd74a6b11e
4670,/app/Repos/pandas/pandas/tests/sparse/series/test_series.py,1278,1297,/app/Repos/pandas/pandas/tests/sparse/series/test_series.py,1278,1297,False,acf82bdc1083258f716a5f39e0acc8a8
4676,/app/Repos/pandas/pandas/tests/indexes/multi/test_analytics.py,149,166,/app/Repos/pandas/pandas/tests/indexes/timedeltas/test_indexing.py,99,116,True,7b87a55bc909c10133585b06e1c12dcd
4677,/app/Repos/pandas/pandas/tests/indexes/common.py,547,563,/app/Repos/pandas/pandas/tests/indexes/timedeltas/test_indexing.py,99,116,True,108d3108b6b708f1cd00b09c2d0e5ba5
4678,/app/Repos/pandas/pandas/tests/indexes/common.py,669,704,/app/Repos/pandas/pandas/tests/indexes/common.py,669,704,True,1ed9bcfa5b7128b3ca95783c95031cc3
4679,/app/Repos/pandas/pandas/tests/indexes/datetimes/test_indexing.py,194,214,/app/Repos/pandas/pandas/tests/indexes/timedeltas/test_indexing.py,116,130,True,a45d677b58ba82aa4340a9ac6761d252
4678,/app/Repos/pandas/pandas/tests/indexes/common.py,669,704,/app/Repos/pandas/pandas/tests/indexes/common.py,669,704,False,1ed9bcfa5b7128b3ca95783c95031cc3
4680,/app/Repos/pandas/pandas/tests/sparse/test_indexing.py,145,170,/app/Repos/pandas/pandas/tests/sparse/test_indexing.py,656,718,True,f39643a342601f1ed737f1d70ea626ff
4670,/app/Repos/pandas/pandas/tests/sparse/series/test_series.py,1278,1297,/app/Repos/pandas/pandas/tests/sparse/series/test_series.py,1278,1297,False,acf82bdc1083258f716a5f39e0acc8a8
4678,/app/Repos/pandas/pandas/tests/indexes/common.py,669,704,/app/Repos/pandas/pandas/tests/indexes/common.py,669,704,False,1ed9bcfa5b7128b3ca95783c95031cc3
4681,/app/Repos/pandas/pandas/tests/sparse/test_indexing.py,66,93,/app/Repos/pandas/pandas/tests/sparse/test_indexing.py,170,191,True,494a6215ac1258d3222d1aab7357e5c3
4678,/app/Repos/pandas/pandas/tests/indexes/common.py,669,704,/app/Repos/pandas/pandas/tests/indexes/common.py,669,704,False,1ed9bcfa5b7128b3ca95783c95031cc3
4682,/app/Repos/pandas/pandas/tests/sparse/series/test_series.py,1297,1329,/app/Repos/pandas/pandas/tests/sparse/series/test_series.py,1297,1329,True,7a77896cb4baf1bf791a11cc807d81f4
4683,/app/Repos/pandas/pandas/tests/sparse/test_indexing.py,113,145,/app/Repos/pandas/pandas/tests/sparse/test_indexing.py,656,718,True,d40251f407f1f8ef8a381d74322e7293
4684,/app/Repos/pandas/pandas/tests/indexes/datetimes/test_indexing.py,214,246,/app/Repos/pandas/pandas/tests/indexes/timedeltas/test_indexing.py,130,163,True,b8c10bbc3ea222e2133abc72ef74bb98
4685,/app/Repos/pandas/pandas/tests/sparse/test_indexing.py,101,113,/app/Repos/pandas/pandas/tests/sparse/test_indexing.py,170,191,True,77768f28bc48e13bde1ccf958400c9dd
4686,/app/Repos/pandas/pandas/tests/indexes/period/test_indexing.py,293,326,/app/Repos/pandas/pandas/tests/indexes/timedeltas/test_indexing.py,130,163,True,61d9168c93788546d8ced7cd473574e5
4682,/app/Repos/pandas/pandas/tests/sparse/series/test_series.py,1297,1329,/app/Repos/pandas/pandas/tests/sparse/series/test_series.py,1297,1329,False,7a77896cb4baf1bf791a11cc807d81f4
4682,/app/Repos/pandas/pandas/tests/sparse/series/test_series.py,1297,1329,/app/Repos/pandas/pandas/tests/sparse/series/test_series.py,1297,1329,False,7a77896cb4baf1bf791a11cc807d81f4
4687,/app/Repos/pandas/pandas/tests/plotting/test_hist_method.py,69,115,/app/Repos/pandas/pandas/tests/plotting/test_hist_method.py,332,381,True,313d2560e0defedd9b583535be349db3
4688,/app/Repos/pandas/pandas/tests/indexes/multi/test_analytics.py,166,207,/app/Repos/pandas/pandas/tests/indexes/timedeltas/test_indexing.py,130,163,True,54f18ec2a68aab92ea61d217eac4ea42
4689,/app/Repos/pandas/pandas/tests/sparse/test_indexing.py,170,191,/app/Repos/pandas/pandas/tests/sparse/test_indexing.py,656,718,True,d1a32b7dc07c64e190bdaacc3617f35f
4690,/app/Repos/pandas/pandas/tests/sparse/test_indexing.py,145,170,/app/Repos/pandas/pandas/tests/sparse/test_indexing.py,170,191,True,a30383a6fbe039dd703b8f30704d6502
4691,/app/Repos/pandas/pandas/tests/sparse/test_indexing.py,203,209,/app/Repos/pandas/pandas/tests/sparse/test_indexing.py,656,718,True,0e529357079223d45371ca95e16301f7
4692,/app/Repos/pandas/pandas/tests/indexes/datetimes/test_indexing.py,246,278,/app/Repos/pandas/pandas/tests/indexes/timedeltas/test_indexing.py,130,163,True,53663cd61b174cc3fc965f4bb461585b
4682,/app/Repos/pandas/pandas/tests/sparse/series/test_series.py,1297,1329,/app/Repos/pandas/pandas/tests/sparse/series/test_series.py,1297,1329,False,7a77896cb4baf1bf791a11cc807d81f4
4693,/app/Repos/pandas/pandas/tests/indexes/test_base.py,1888,1898,/app/Repos/pandas/pandas/tests/indexes/timedeltas/test_indexing.py,130,163,True,88acef5e48b53da063caec35183fb046
4694,/app/Repos/pandas/pandas/tests/indexes/test_base.py,690,701,/app/Repos/pandas/pandas/tests/indexes/test_base.py,701,714,True,f9ecfa76525378fac9046a2810d9da5a
4695,/app/Repos/pandas/pandas/tests/sparse/test_indexing.py,516,554,/app/Repos/pandas/pandas/tests/sparse/test_indexing.py,656,718,True,6af510cec52b78069f12174d32d4974b
4696,/app/Repos/pandas/pandas/tests/groupby/test_categorical.py,794,822,/app/Repos/pandas/pandas/tests/groupby/test_categorical.py,822,846,True,e91c0d060987521bfe2c6043b02125ba
4697,/app/Repos/pandas/pandas/tests/arithmetic/test_numeric.py,489,496,/app/Repos/pandas/pandas/tests/arithmetic/test_numeric.py,489,496,True,9c04aae353859a61d6843719af3ccc31
4682,/app/Repos/pandas/pandas/tests/sparse/series/test_series.py,1297,1329,/app/Repos/pandas/pandas/tests/sparse/series/test_series.py,1297,1329,False,7a77896cb4baf1bf791a11cc807d81f4
4698,/app/Repos/pandas/pandas/tests/indexes/test_base.py,876,893,/app/Repos/pandas/pandas/tests/indexes/test_base.py,893,910,True,6a9b776e68fff86a5ba800297ed5f2f2
4699,/app/Repos/pandas/pandas/tests/arithmetic/test_numeric.py,508,519,/app/Repos/pandas/pandas/tests/arithmetic/test_numeric.py,508,519,True,3005aec32e9aa8e6445f7071b8c26f62
4699,/app/Repos/pandas/pandas/tests/arithmetic/test_numeric.py,508,519,/app/Repos/pandas/pandas/tests/arithmetic/test_numeric.py,508,519,False,3005aec32e9aa8e6445f7071b8c26f62
4699,/app/Repos/pandas/pandas/tests/arithmetic/test_numeric.py,508,519,/app/Repos/pandas/pandas/tests/arithmetic/test_numeric.py,508,519,False,3005aec32e9aa8e6445f7071b8c26f62
4700,/app/Repos/pandas/pandas/tests/sparse/test_indexing.py,773,781,/app/Repos/pandas/pandas/tests/sparse/test_indexing.py,869,884,True,f8eb23eac9039ce820444108204bd3c5
4699,/app/Repos/pandas/pandas/tests/arithmetic/test_numeric.py,508,519,/app/Repos/pandas/pandas/tests/arithmetic/test_numeric.py,508,519,False,3005aec32e9aa8e6445f7071b8c26f62
4701,/app/Repos/pandas/pandas/tests/sparse/test_indexing.py,822,830,/app/Repos/pandas/pandas/tests/sparse/test_indexing.py,869,884,True,f2978611c339119df63ced99f083fb3b
4702,/app/Repos/pandas/pandas/tests/sparse/test_indexing.py,842,854,/app/Repos/pandas/pandas/tests/sparse/test_indexing.py,869,884,True,cf3a167ed6986408e0b9db5bc2d66f8d
4703,/app/Repos/pandas/pandas/tests/sparse/test_indexing.py,854,869,/app/Repos/pandas/pandas/tests/sparse/test_indexing.py,869,884,True,276e00baac2b2b794aa6a2aa681c5f77
4704,/app/Repos/pandas/pandas/tests/sparse/test_indexing.py,239,244,/app/Repos/pandas/pandas/tests/sparse/test_indexing.py,250,268,True,f0089b4b0706b02d8e7955d385201579
4705,/app/Repos/pandas/pandas/tests/sparse/frame/test_frame.py,1287,1300,/app/Repos/pandas/pandas/tests/sparse/series/test_series.py,1450,1467,True,329bed4e077d12d264507d673b831469
3959,/app/Repos/pandas/pandas/tests/indexes/common.py,584,598,/app/Repos/pandas/pandas/tests/indexes/common.py,584,598,False,7b006d8a13d0cab1ff5e019692b9bbf5
4706,/app/Repos/pandas/pandas/tests/sparse/test_indexing.py,101,113,/app/Repos/pandas/pandas/tests/sparse/test_indexing.py,370,397,True,8ffcded2062ef0102305d7010d8fe316
4707,/app/Repos/pandas/pandas/tests/indexes/datetimes/test_timezones.py,93,133,/app/Repos/pandas/pandas/tests/indexes/datetimes/test_timezones.py,133,173,True,b821bfef9ddbf761387dcae8e7a957b9
4708,/app/Repos/pandas/pandas/tests/indexing/test_iloc.py,566,581,/app/Repos/pandas/pandas/tests/indexing/test_loc.py,574,589,True,965d97047adc50e03e2eba273e803f33
4709,/app/Repos/pandas/pandas/tests/indexes/multi/test_indexing.py,73,88,/app/Repos/pandas/pandas/tests/indexes/multi/test_indexing.py,229,246,True,33e48cdd20fea738e2c7f74cb757c8bc
4710,/app/Repos/pandas/pandas/tests/sparse/test_indexing.py,196,203,/app/Repos/pandas/pandas/tests/sparse/test_indexing.py,370,397,True,c4fe55de3c77163b2f48fae059ef38d9
4711,/app/Repos/pandas/pandas/tests/sparse/test_indexing.py,203,209,/app/Repos/pandas/pandas/tests/sparse/test_indexing.py,370,397,True,4a74e37fef43d5230b1e12394feefb83
4712,/app/Repos/pandas/pandas/tests/indexes/datetimes/test_timezones.py,271,283,/app/Repos/pandas/pandas/tests/indexes/datetimes/test_timezones.py,464,478,True,de9d9596e08039ebad0b4ab075d88e98
4713,/app/Repos/pandas/pandas/tests/sparse/test_indexing.py,239,244,/app/Repos/pandas/pandas/tests/sparse/test_indexing.py,370,397,True,af0cf986d0cad5570b5259450ce98ce1
4714,/app/Repos/pandas/pandas/tests/sparse/test_indexing.py,244,250,/app/Repos/pandas/pandas/tests/sparse/test_indexing.py,370,397,True,52d5868bd2b5bb51c3d8b46f1940bfd5
4715,/app/Repos/pandas/pandas/tests/indexes/datetimes/test_timezones.py,749,762,/app/Repos/pandas/pandas/tests/indexes/datetimes/test_timezones.py,762,775,True,02c28469ebc6a45f53b5bc8429067de2
4716,/app/Repos/pandas/pandas/tests/indexing/test_iloc.py,675,689,/app/Repos/pandas/pandas/tests/indexing/test_loc.py,708,722,True,8482c86ffcf3167ec9fa23a0ed9376f1
4717,/app/Repos/pandas/pandas/tests/sparse/test_format.py,45,69,/app/Repos/pandas/pandas/tests/sparse/test_format.py,45,69,True,6c326b24989fc8e01a74b606a0406163
4718,/app/Repos/pandas/pandas/tests/indexing/test_ix.py,315,332,/app/Repos/pandas/pandas/tests/indexing/test_loc.py,708,722,True,77908f078500153c4e696800c193c61d
4719,/app/Repos/pandas/pandas/tests/indexing/test_iloc.py,689,706,/app/Repos/pandas/pandas/tests/indexing/test_loc.py,722,747,True,5398e3b284b321bc42745b400c941298
4720,/app/Repos/pandas/pandas/tests/sparse/frame/test_frame.py,605,614,/app/Repos/pandas/pandas/tests/sparse/test_format.py,126,137,True,c11fc1c2cfc973752c1683f28a9649a6
4721,/app/Repos/pandas/pandas/tests/indexes/datetimes/test_timezones.py,707,715,/app/Repos/pandas/pandas/tests/indexes/datetimes/test_timezones.py,1018,1034,True,0bbfaa49110ce734b956a48f2faa558e
4722,/app/Repos/pandas/pandas/tests/sparse/test_indexing.py,348,370,/app/Repos/pandas/pandas/tests/sparse/test_indexing.py,370,397,True,d671060be28fbd3e6980ace46bd68083
4723,/app/Repos/pandas/pandas/tests/indexes/common.py,940,980,/app/Repos/pandas/pandas/tests/indexes/multi/test_missing.py,13,56,True,466709d13f8b66bf3318942742f39bd3
4724,/app/Repos/pandas/pandas/tests/sparse/test_indexing.py,42,51,/app/Repos/pandas/pandas/tests/sparse/test_indexing.py,504,516,True,8b445de1d96541d302f8ed07b61b7d16
4725,/app/Repos/pandas/pandas/tests/indexes/common.py,905,940,/app/Repos/pandas/pandas/tests/indexes/multi/test_missing.py,13,56,True,46c97ca20f3c9d7979f1fe28f8664e38
4726,/app/Repos/pandas/pandas/tests/indexes/common.py,905,940,/app/Repos/pandas/pandas/tests/indexes/multi/test_missing.py,87,109,True,0ad8ed35d955ad287430511079ee158c
4727,/app/Repos/pandas/pandas/tests/indexing/test_iloc.py,156,181,/app/Repos/pandas/pandas/tests/indexing/test_iloc.py,246,257,True,2b361fabb5fc1917434ab8e6ba07f94b
4728,/app/Repos/pandas/pandas/tests/indexing/test_iloc.py,111,120,/app/Repos/pandas/pandas/tests/indexing/test_iloc.py,246,257,True,3a77dc9fa5468537635e61488b4d0f6b
4729,/app/Repos/pandas/pandas/tests/indexing/test_iloc.py,120,129,/app/Repos/pandas/pandas/tests/indexing/test_iloc.py,246,257,True,59adea89fa3caac7c35adc9106051f08
4730,/app/Repos/pandas/pandas/tests/indexing/test_iloc.py,340,353,/app/Repos/pandas/pandas/tests/indexing/test_partial.py,19,181,True,2311caf54c18c67c0281fe5fe6db1895
4731,/app/Repos/pandas/pandas/tests/sparse/test_indexing.py,145,170,/app/Repos/pandas/pandas/tests/sparse/test_indexing.py,718,773,True,d5f44c63a6b16ecf805baae708d4d710
4732,/app/Repos/pandas/pandas/tests/plotting/test_hist_method.py,401,415,/app/Repos/pandas/pandas/tests/plotting/test_hist_method.py,415,428,True,fc89a7495af2b3f250fcbbc7f8d70262
4733,/app/Repos/pandas/pandas/tests/sparse/test_indexing.py,605,624,/app/Repos/pandas/pandas/tests/sparse/test_indexing.py,718,773,True,a1507fce9662698249d731f491352a2a
4734,/app/Repos/pandas/pandas/tests/indexes/common.py,345,357,/app/Repos/pandas/pandas/tests/indexes/common.py,357,384,True,65899d36bfc2282ce0843d4e9402fcf3
4735,/app/Repos/pandas/pandas/tests/indexes/common.py,93,123,/app/Repos/pandas/pandas/tests/indexes/multi/test_constructor.py,428,459,True,4f6e586b7609e3090f51e4c72b2df5cc
4736,/app/Repos/pandas/pandas/tests/indexes/common.py,598,612,/app/Repos/pandas/pandas/tests/indexes/common.py,598,612,True,21b8fbf697a87b24b727f7698e9b7d70
4737,/app/Repos/pandas/pandas/tests/indexes/multi/test_analytics.py,207,214,/app/Repos/pandas/pandas/tests/indexes/multi/test_constructor.py,428,459,True,afe12e0a61dfaae29efd4ec7623f9f04
4738,/app/Repos/pandas/pandas/tests/sparse/test_indexing.py,656,718,/app/Repos/pandas/pandas/tests/sparse/test_indexing.py,718,773,True,de0a1aa42e1fa93fb6c38fd1e810ad31
4739,/app/Repos/pandas/pandas/tests/indexes/period/test_indexing.py,195,208,/app/Repos/pandas/pandas/tests/indexes/test_numeric.py,81,93,True,dd2a9341a3680f2bb5f7669fde0171bc
4740,/app/Repos/pandas/pandas/tests/indexes/common.py,584,598,/app/Repos/pandas/pandas/tests/indexes/test_numeric.py,81,93,True,cabc306a3cad862a68c64f15fe1fcc24
4741,/app/Repos/pandas/pandas/tests/indexes/datetimes/test_astype.py,19,37,/app/Repos/pandas/pandas/tests/indexes/datetimes/test_astype.py,19,37,True,7b16e26eb86cbd8afd83c0352c4e9baa
4742,/app/Repos/pandas/pandas/tests/sparse/test_indexing.py,113,145,/app/Repos/pandas/pandas/tests/sparse/test_indexing.py,718,773,True,f15e6502eae15fe0012403bd46ce780a
4743,/app/Repos/pandas/pandas/tests/indexes/period/test_indexing.py,497,526,/app/Repos/pandas/pandas/tests/indexes/test_numeric.py,259,272,True,1074f031d5d83aa64d2a406884bf7cae
4744,/app/Repos/pandas/pandas/tests/indexes/period/test_indexing.py,581,620,/app/Repos/pandas/pandas/tests/indexes/test_numeric.py,259,272,True,93979610a0e0a85168250b2ef829bcce
4745,/app/Repos/pandas/pandas/tests/sparse/test_indexing.py,170,191,/app/Repos/pandas/pandas/tests/sparse/test_indexing.py,718,773,True,1be97608b23db7aa601f92c53ba174ed
4746,/app/Repos/pandas/pandas/tests/indexes/datetimes/test_astype.py,166,176,/app/Repos/pandas/pandas/tests/indexes/datetimes/test_astype.py,166,176,True,fc6bac523170b75497e2fcdf3b6d1b63
4747,/app/Repos/pandas/pandas/tests/indexes/multi/test_indexing.py,335,344,/app/Repos/pandas/pandas/tests/indexes/test_numeric.py,320,328,True,57e27ccc1f66c6f2ed9aface8971f706
4748,/app/Repos/pandas/pandas/tests/indexes/datetimes/test_scalar_compat.py,80,131,/app/Repos/pandas/pandas/tests/indexes/datetimes/test_scalar_compat.py,80,131,True,df06966569e82974b76c3284c6998606
4749,/app/Repos/pandas/pandas/tests/sparse/test_indexing.py,516,554,/app/Repos/pandas/pandas/tests/sparse/test_indexing.py,718,773,True,0fd6f437a3a36bd1954cbc7d29ed00e8
4750,/app/Repos/pandas/pandas/tests/indexes/datetimes/test_scalar_compat.py,147,172,/app/Repos/pandas/pandas/tests/indexes/datetimes/test_scalar_compat.py,147,172,True,093940f37e54d2d345bbac4e2425beb7
4751,/app/Repos/pandas/pandas/tests/indexes/period/test_indexing.py,293,326,/app/Repos/pandas/pandas/tests/indexes/test_numeric.py,375,404,True,4093ec7c3615abf2a6a30febde079155
4752,/app/Repos/pandas/pandas/tests/indexes/datetimes/test_indexing.py,214,246,/app/Repos/pandas/pandas/tests/indexes/test_numeric.py,375,404,True,a7eb2b2d5f6d46fe958e9ac033c15863
4753,/app/Repos/pandas/pandas/tests/sparse/test_indexing.py,322,334,/app/Repos/pandas/pandas/tests/sparse/test_indexing.py,884,899,True,22beaf2ac40bde574bfbb9c123602523
4754,/app/Repos/pandas/pandas/tests/scalar/timedelta/test_construction.py,170,188,/app/Repos/pandas/pandas/tests/scalar/timedelta/test_construction.py,170,188,True,49a6cfdb8cca8a876a86269840de5d1c
4755,/app/Repos/pandas/pandas/tests/indexes/multi/test_analytics.py,166,207,/app/Repos/pandas/pandas/tests/indexes/test_numeric.py,375,404,True,caa434d29525408a7704a25854c2a186
4756,/app/Repos/pandas/pandas/tests/indexes/datetimes/test_partial_slicing.py,45,50,/app/Repos/pandas/pandas/tests/indexing/test_indexing.py,817,837,True,ac21351a5e5b043409875a0241c34286
4757,/app/Repos/pandas/pandas/tests/sparse/test_indexing.py,605,624,/app/Repos/pandas/pandas/tests/sparse/test_indexing.py,884,899,True,2ad0d8649b3002003aba522d9210e0d7
4758,/app/Repos/pandas/pandas/tests/indexing/test_indexing.py,817,837,/app/Repos/pandas/pandas/tests/indexing/test_indexing.py,817,837,True,fa1da5a32c9f4f22d7484cb6bfb02d56
4759,/app/Repos/pandas/pandas/tests/indexes/datetimes/test_partial_slicing.py,45,50,/app/Repos/pandas/pandas/tests/indexing/test_indexing.py,820,828,True,2a3f6ddb796a61a88920d8127756541f
4760,/app/Repos/pandas/pandas/tests/indexes/datetimes/test_indexing.py,246,278,/app/Repos/pandas/pandas/tests/indexes/test_numeric.py,375,404,True,0d7e420b16a78a03ad705ecbabf14a55
4761,/app/Repos/pandas/pandas/tests/indexing/test_indexing.py,820,828,/app/Repos/pandas/pandas/tests/indexing/test_indexing.py,820,828,True,86120467e9f02894f681eb05fee90213
4761,/app/Repos/pandas/pandas/tests/indexing/test_indexing.py,820,828,/app/Repos/pandas/pandas/tests/indexing/test_indexing.py,820,828,False,86120467e9f02894f681eb05fee90213
4762,/app/Repos/pandas/pandas/tests/sparse/test_indexing.py,624,656,/app/Repos/pandas/pandas/tests/sparse/test_indexing.py,884,899,True,da49e8858a8846946aab9041d7ac7a0a
4763,/app/Repos/pandas/pandas/tests/indexes/test_base.py,1870,1888,/app/Repos/pandas/pandas/tests/indexes/test_numeric.py,375,404,True,89d04ae9c3f0b62c4fa10d01ee5fa9f1
4764,/app/Repos/pandas/pandas/tests/indexes/test_base.py,1888,1898,/app/Repos/pandas/pandas/tests/indexes/test_numeric.py,375,404,True,2f184d359a1d7849e1e8943b1f8627aa
4765,/app/Repos/pandas/pandas/tests/sparse/test_indexing.py,773,781,/app/Repos/pandas/pandas/tests/sparse/test_indexing.py,884,899,True,404a7e11bd2718d5a7794e23f186da8e
4766,/app/Repos/pandas/pandas/tests/sparse/test_indexing.py,822,830,/app/Repos/pandas/pandas/tests/sparse/test_indexing.py,884,899,True,f42c1b0b5458e946c47664ca1df0bb9f
4767,/app/Repos/pandas/pandas/tests/indexes/period/test_construction.py,357,424,/app/Repos/pandas/pandas/tests/indexes/period/test_period.py,166,231,True,d3d3f2d91b03840a0af7c91e955b64d7
4768,/app/Repos/pandas/pandas/tests/indexes/datetimes/test_indexing.py,214,246,/app/Repos/pandas/pandas/tests/indexes/test_numeric.py,530,559,True,904264d1935c19edea5ec444c49db353
4769,/app/Repos/pandas/pandas/tests/indexes/period/test_indexing.py,293,326,/app/Repos/pandas/pandas/tests/indexes/test_numeric.py,530,559,True,d3ec6de7e652b75e4ae3d788db008287
4770,/app/Repos/pandas/pandas/tests/indexes/timedeltas/test_scalar_compat.py,14,39,/app/Repos/pandas/pandas/tests/scalar/timedelta/test_timedelta.py,170,179,True,4cfa34875ae6d271481b2d00361d8627
4771,/app/Repos/pandas/pandas/tests/indexes/datetimes/test_indexing.py,246,278,/app/Repos/pandas/pandas/tests/indexes/test_numeric.py,530,559,True,f74c4907d1a40e2076065bc65ee5d1bb
4772,/app/Repos/pandas/pandas/tests/indexes/test_base.py,1888,1898,/app/Repos/pandas/pandas/tests/indexes/test_numeric.py,530,559,True,5040f0343b2e153f84fb0e57270b974e
4773,/app/Repos/pandas/pandas/tests/indexes/datetimes/test_datetime.py,311,356,/app/Repos/pandas/pandas/tests/indexes/period/test_period.py,297,326,True,e932cba868d31213a4c18e40ba04c651
4774,/app/Repos/pandas/pandas/tests/test_take.py,302,312,/app/Repos/pandas/pandas/tests/test_take.py,312,326,True,49b1ac1d4a98bbd657aa4a1c65c64cfa
4775,/app/Repos/pandas/pandas/tests/indexes/period/test_period.py,375,382,/app/Repos/pandas/pandas/tests/indexes/period/test_period.py,375,382,True,3aebf588f5571b6956968dfd7b63f4f0
4776,/app/Repos/pandas/pandas/tests/indexes/datetimes/test_ops.py,22,29,/app/Repos/pandas/pandas/tests/indexes/datetimes/test_ops.py,22,29,True,6a1c2fcd85aff1f2b2bcb635e06a6ca8
4777,/app/Repos/pandas/pandas/tests/indexes/datetimes/test_ops.py,49,67,/app/Repos/pandas/pandas/tests/indexes/datetimes/test_ops.py,49,67,True,219193d0a9c0a46f24d2626b393ce5cb
4778,/app/Repos/pandas/pandas/tests/indexes/datetimes/test_ops.py,79,98,/app/Repos/pandas/pandas/tests/indexes/datetimes/test_ops.py,79,98,True,175f1fc94de83b2cd06567ebd2f0aa21
4779,/app/Repos/pandas/pandas/tests/indexes/datetimes/test_ops.py,98,130,/app/Repos/pandas/pandas/tests/indexes/datetimes/test_ops.py,98,130,True,7ede009ca6868127eb220483f7578c1e
4780,/app/Repos/pandas/pandas/tests/indexes/datetimes/test_ops.py,153,164,/app/Repos/pandas/pandas/tests/indexes/datetimes/test_ops.py,153,164,True,2a60acfd57cfe63efb8221a6dd32f9c9
4781,/app/Repos/pandas/pandas/tests/indexes/datetimes/test_ops.py,164,204,/app/Repos/pandas/pandas/tests/indexes/datetimes/test_ops.py,164,204,True,d368320f6dec3c0dbf8d4f47b9eb55c6
4782,/app/Repos/pandas/pandas/tests/indexes/period/test_construction.py,19,39,/app/Repos/pandas/pandas/tests/indexes/timedeltas/test_construction.py,13,24,True,769ec0492dadcd5b861754424c9deffa
4783,/app/Repos/pandas/pandas/tests/indexes/datetimes/test_ops.py,211,251,/app/Repos/pandas/pandas/tests/indexes/datetimes/test_ops.py,211,251,True,2472110fab42816dee42f6d3b09617ca
4784,/app/Repos/pandas/pandas/tests/indexes/datetimes/test_timezones.py,582,604,/app/Repos/pandas/pandas/tests/scalar/timestamp/test_timezones.py,200,212,True,0f28cd854eade7b3a2aa397cb1d16926
4785,/app/Repos/pandas/pandas/tests/indexes/datetimes/test_indexing.py,288,387,/app/Repos/pandas/pandas/tests/indexes/test_range.py,304,321,True,c2821639364220ecfb02de2274477f9d
4786,/app/Repos/pandas/pandas/tests/indexes/common.py,745,770,/app/Repos/pandas/pandas/tests/indexes/test_range.py,304,321,True,398ef7693a7054e4416a03d5b28acef1
4787,/app/Repos/pandas/pandas/tests/indexes/datetimes/test_ops.py,251,296,/app/Repos/pandas/pandas/tests/indexes/datetimes/test_ops.py,251,296,True,cc15daaa27159a221d3f560a586b855c
4788,/app/Repos/pandas/pandas/tests/indexing/test_iloc.py,237,246,/app/Repos/pandas/pandas/tests/indexing/test_loc.py,209,218,True,35b9b296848d379795921b3c4c407e0f
4789,/app/Repos/pandas/pandas/tests/plotting/test_hist_method.py,60,69,/app/Repos/pandas/pandas/tests/plotting/test_hist_method.py,217,248,True,f9f031a99418d89fa6d18e5fecc616a6
4790,/app/Repos/pandas/pandas/tests/plotting/test_hist_method.py,401,415,/app/Repos/pandas/pandas/tests/plotting/test_hist_method.py,428,440,True,1f8185047b46109ad01f25a293bcb9e2
4791,/app/Repos/pandas/pandas/tests/plotting/test_hist_method.py,415,428,/app/Repos/pandas/pandas/tests/plotting/test_hist_method.py,428,440,True,e8e2abb2e5915c6be3d478ae656cc54d
4792,/app/Repos/pandas/pandas/tests/indexes/common.py,169,188,/app/Repos/pandas/pandas/tests/indexes/common.py,169,188,True,595fd0075f5768eaaa8efa27dfc18da3
4793,/app/Repos/pandas/pandas/tests/indexes/conftest.py,10,29,/app/Repos/pandas/pandas/tests/indexes/conftest.py,10,29,True,e9e0304a12ea6151f16d259a365dc7c0
4794,/app/Repos/pandas/pandas/tests/indexes/test_base.py,789,798,/app/Repos/pandas/pandas/tests/indexes/test_base.py,1045,1064,True,0d3910eeaa5d0d1bcf11a9b679e3b202
4795,/app/Repos/pandas/pandas/tests/indexes/test_base.py,1145,1151,/app/Repos/pandas/pandas/tests/indexes/test_base.py,1151,1157,True,059b1966e6fcdddb92480aebf4e16e0c
4796,/app/Repos/pandas/pandas/tests/indexes/multi/test_analytics.py,84,100,/app/Repos/pandas/pandas/tests/indexes/multi/test_reshape.py,92,104,True,1dbb506fade1f834b0a615fbd9a72c57
4797,/app/Repos/pandas/pandas/tests/indexes/common.py,745,770,/app/Repos/pandas/pandas/tests/indexes/multi/test_reshape.py,112,127,True,604983408bdd74188c7668fa12a0d332
4798,/app/Repos/pandas/pandas/tests/indexes/datetimes/test_ops.py,296,309,/app/Repos/pandas/pandas/tests/indexes/datetimes/test_ops.py,296,309,True,50d18080ad26f8dc2b3557db32570208
4799,/app/Repos/pandas/pandas/tests/indexes/common.py,123,141,/app/Repos/pandas/pandas/tests/indexes/multi/test_compat.py,12,29,True,3250a8dbb02a9b30a25634886fbcf0d1
4800,/app/Repos/pandas/pandas/tests/indexes/common.py,188,201,/app/Repos/pandas/pandas/tests/indexes/multi/test_compat.py,100,113,True,d38014f69ad9eb54f49bf6ca0970df1d
4801,/app/Repos/pandas/pandas/tests/indexes/datetimes/test_indexing.py,135,177,/app/Repos/pandas/pandas/tests/indexes/datetimes/test_ops.py,296,309,True,44ee39a16178bee73cad0f7ceab4518f
4802,/app/Repos/pandas/pandas/tests/indexes/datetimes/test_ops.py,309,330,/app/Repos/pandas/pandas/tests/indexes/datetimes/test_ops.py,309,330,True,49bcd62aa5fe5a6f108c2ec5eb54c386
4803,/app/Repos/pandas/pandas/tests/indexes/common.py,159,169,/app/Repos/pandas/pandas/tests/indexes/multi/test_reindex.py,92,103,True,8463c522dcb594a370c4af941c957871
4804,/app/Repos/pandas/pandas/tests/indexes/datetimes/test_ops.py,341,362,/app/Repos/pandas/pandas/tests/indexes/datetimes/test_ops.py,341,362,True,d7f020d2c82394c4ff98efa54a2c97ea
4805,/app/Repos/pandas/pandas/tests/indexes/period/test_indexing.py,293,326,/app/Repos/pandas/pandas/tests/indexes/test_range.py,739,766,True,8bc341fb5a66da9085ecd8c25de92ed9
4806,/app/Repos/pandas/pandas/tests/indexes/datetimes/test_indexing.py,214,246,/app/Repos/pandas/pandas/tests/indexes/test_range.py,739,766,True,0951bf48f346038857103dbf391d0374
4807,/app/Repos/pandas/pandas/tests/indexes/datetimes/test_ops.py,362,392,/app/Repos/pandas/pandas/tests/indexes/datetimes/test_ops.py,362,392,True,2bfc22f8faf6a8b067d71f3374bab104
4808,/app/Repos/pandas/pandas/tests/indexes/multi/test_analytics.py,166,207,/app/Repos/pandas/pandas/tests/indexes/test_range.py,739,766,True,38e21882734baff2d88b838ee8fe8097
4809,/app/Repos/pandas/pandas/tests/indexes/datetimes/test_indexing.py,246,278,/app/Repos/pandas/pandas/tests/indexes/test_range.py,739,766,True,978fb7c9b69bac0860fcb21ba169ff19
4810,/app/Repos/pandas/pandas/tests/indexes/datetimes/test_ops.py,532,542,/app/Repos/pandas/pandas/tests/indexes/datetimes/test_ops.py,532,542,True,f3b2fc1aadc87c0ee537179ffe2b4b52
4811,/app/Repos/pandas/pandas/tests/indexes/test_base.py,1888,1898,/app/Repos/pandas/pandas/tests/indexes/test_range.py,739,766,True,b76194f83b2be870965aa18f1ef0226b
4812,/app/Repos/pandas/pandas/tests/indexes/test_base.py,2444,2450,/app/Repos/pandas/pandas/tests/indexes/test_range.py,766,772,True,7ab69fc69113c02005d34c770bce5737
4813,/app/Repos/pandas/pandas/tests/indexes/period/test_indexing.py,195,208,/app/Repos/pandas/pandas/tests/indexes/test_category.py,314,328,True,463fd628a1ff5caafcdb110fdccd6ecf
4814,/app/Repos/pandas/pandas/tests/indexes/common.py,584,598,/app/Repos/pandas/pandas/tests/indexes/test_category.py,314,328,True,cb5465f2ac42f72b44c6674309822dfe
4815,/app/Repos/pandas/pandas/tests/indexes/common.py,1115,1141,/app/Repos/pandas/pandas/tests/indexes/test_category.py,446,476,True,84169f3274c1a3546012b24fe2dd490f
4816,/app/Repos/pandas/pandas/tests/indexes/common.py,159,169,/app/Repos/pandas/pandas/tests/indexes/test_category.py,476,487,True,2f7f125c32a7958c2bd24e91ad964f08
4817,/app/Repos/pandas/pandas/tests/indexes/datetimes/test_partial_slicing.py,40,67,/app/Repos/pandas/pandas/tests/indexes/period/test_partial_slicing.py,16,42,True,db6a2ebcea5e517539281417c789d177
4818,/app/Repos/pandas/pandas/tests/indexes/datetimes/test_partial_slicing.py,45,50,/app/Repos/pandas/pandas/tests/indexes/period/test_partial_slicing.py,16,42,True,8dc883c3dde6dbc953de05b64d7d5569
4819,/app/Repos/pandas/pandas/tests/indexes/period/test_partial_slicing.py,16,42,/app/Repos/pandas/pandas/tests/indexes/period/test_partial_slicing.py,16,42,True,a15bfb67458f33c352d1f3f09c7ce95f
4820,/app/Repos/pandas/pandas/tests/indexes/datetimes/test_partial_slicing.py,40,67,/app/Repos/pandas/pandas/tests/indexes/period/test_partial_slicing.py,21,26,True,5db101aa6ace9771024b9d12f5d4f262
4821,/app/Repos/pandas/pandas/tests/indexes/datetimes/test_partial_slicing.py,45,50,/app/Repos/pandas/pandas/tests/indexes/period/test_partial_slicing.py,21,26,True,0e5db0b78eef7da0a990d62c29bd12eb
4822,/app/Repos/pandas/pandas/tests/indexes/period/test_partial_slicing.py,21,26,/app/Repos/pandas/pandas/tests/indexes/period/test_partial_slicing.py,21,26,True,b58742231d1de1ef8640f421fbad2cc9
4822,/app/Repos/pandas/pandas/tests/indexes/period/test_partial_slicing.py,21,26,/app/Repos/pandas/pandas/tests/indexes/period/test_partial_slicing.py,21,26,False,b58742231d1de1ef8640f421fbad2cc9
4822,/app/Repos/pandas/pandas/tests/indexes/period/test_partial_slicing.py,21,26,/app/Repos/pandas/pandas/tests/indexes/period/test_partial_slicing.py,21,26,False,b58742231d1de1ef8640f421fbad2cc9
4822,/app/Repos/pandas/pandas/tests/indexes/period/test_partial_slicing.py,21,26,/app/Repos/pandas/pandas/tests/indexes/period/test_partial_slicing.py,21,26,False,b58742231d1de1ef8640f421fbad2cc9
4823,/app/Repos/pandas/pandas/tests/indexes/datetimes/test_partial_slicing.py,67,77,/app/Repos/pandas/pandas/tests/indexes/period/test_partial_slicing.py,42,52,True,b537fb924fc148e6cd858201b28d7015
4824,/app/Repos/pandas/pandas/tests/indexes/period/test_partial_slicing.py,42,52,/app/Repos/pandas/pandas/tests/indexes/period/test_partial_slicing.py,42,52,True,70036a0ee113790d1c76d2ee67032324
4825,/app/Repos/pandas/pandas/tests/indexes/period/test_indexing.py,164,194,/app/Repos/pandas/pandas/tests/indexes/period/test_partial_slicing.py,66,91,True,81feb7c192513347bf355ef8d4111ca8
4826,/app/Repos/pandas/pandas/tests/indexes/period/test_indexing.py,140,164,/app/Repos/pandas/pandas/tests/indexes/period/test_partial_slicing.py,66,91,True,d851bb2a767b9c7eaaf845e4b5b19af6
4827,/app/Repos/pandas/pandas/tests/indexes/period/test_indexing.py,140,164,/app/Repos/pandas/pandas/tests/indexes/period/test_partial_slicing.py,91,116,True,9cc4770ab87f8d32ef292d0c171e6e0c
4828,/app/Repos/pandas/pandas/tests/indexes/period/test_indexing.py,293,326,/app/Repos/pandas/pandas/tests/indexes/test_category.py,1007,1066,True,8e1948c99d0057deaa923226386149e0
4829,/app/Repos/pandas/pandas/tests/indexes/datetimes/test_indexing.py,214,246,/app/Repos/pandas/pandas/tests/indexes/test_category.py,1007,1066,True,68167848c934432e37e2bcb36f9d7b71
4830,/app/Repos/pandas/pandas/tests/indexes/datetimes/test_indexing.py,246,278,/app/Repos/pandas/pandas/tests/indexes/test_category.py,1007,1066,True,ae27795b4d095e8d83b3ebf20d7d7f32
4831,/app/Repos/pandas/pandas/tests/indexes/test_base.py,1870,1888,/app/Repos/pandas/pandas/tests/indexes/test_category.py,1007,1066,True,1ec40379702458c81876e4fcf3cf350a
4832,/app/Repos/pandas/pandas/tests/indexes/test_base.py,1888,1898,/app/Repos/pandas/pandas/tests/indexes/test_category.py,1007,1066,True,78a477a2c811cb5a9c0550d8afe841a0
4833,/app/Repos/pandas/pandas/tests/indexes/datetimes/test_indexing.py,214,246,/app/Repos/pandas/pandas/tests/indexes/test_category.py,1066,1104,True,21c4136d798e474be13bca152a677187
4834,/app/Repos/pandas/pandas/tests/indexes/datetimes/test_indexing.py,246,278,/app/Repos/pandas/pandas/tests/indexes/test_category.py,1066,1104,True,31583274c5fb5a0f1e7efd61589375ac
4835,/app/Repos/pandas/pandas/tests/indexes/period/test_indexing.py,293,326,/app/Repos/pandas/pandas/tests/indexes/test_category.py,1066,1104,True,c215aa638d7a180bafad81868c50df6c
4836,/app/Repos/pandas/pandas/tests/indexes/multi/test_analytics.py,166,207,/app/Repos/pandas/pandas/tests/indexes/test_category.py,1066,1104,True,fcb4e7c0a7e0373c8b1d4a320c76d344
4837,/app/Repos/pandas/pandas/tests/indexes/test_base.py,1870,1888,/app/Repos/pandas/pandas/tests/indexes/test_category.py,1066,1104,True,7edfc97e42cf72471afd849261e24c91
4838,/app/Repos/pandas/pandas/tests/indexes/test_base.py,1888,1898,/app/Repos/pandas/pandas/tests/indexes/test_category.py,1066,1104,True,a03639c9db8e4accb4cf28d9478bd260
4839,/app/Repos/pandas/pandas/tests/indexes/datetimes/test_indexing.py,177,194,/app/Repos/pandas/pandas/tests/indexes/test_category.py,1104,1120,True,7234b93b5c0b17375d15a82bdd96e24f
4840,/app/Repos/pandas/pandas/tests/indexes/multi/test_analytics.py,149,166,/app/Repos/pandas/pandas/tests/indexes/test_category.py,1104,1120,True,f20806800ce6ac5fb6147b2422e57000
4841,/app/Repos/pandas/pandas/tests/indexes/common.py,547,563,/app/Repos/pandas/pandas/tests/indexes/test_category.py,1104,1120,True,9911a7a603cc8c060d3c384f392512fa
4842,/app/Repos/pandas/pandas/tests/arithmetic/test_numeric.py,854,869,/app/Repos/pandas/pandas/tests/arithmetic/test_numeric.py,854,869,True,241c8449b1ea058ef385f31aa10c0f9b
4842,/app/Repos/pandas/pandas/tests/arithmetic/test_numeric.py,854,869,/app/Repos/pandas/pandas/tests/arithmetic/test_numeric.py,854,869,False,241c8449b1ea058ef385f31aa10c0f9b
4843,/app/Repos/pandas/pandas/tests/indexes/period/test_astype.py,12,21,/app/Repos/pandas/pandas/tests/indexes/period/test_astype.py,12,21,True,1dbcb669260a94c34cab5b35072c5779
4844,/app/Repos/pandas/pandas/tests/indexes/period/test_astype.py,21,44,/app/Repos/pandas/pandas/tests/indexes/period/test_astype.py,21,44,True,79bf449f66ebb49926b731fa3608f4ab
4845,/app/Repos/pandas/pandas/tests/indexes/period/test_astype.py,65,100,/app/Repos/pandas/pandas/tests/indexes/period/test_astype.py,65,100,True,3a245977921ce0ac0526d4dc2daa0e0f
4846,/app/Repos/pandas/pandas/tests/indexes/period/test_arithmetic.py,15,28,/app/Repos/pandas/pandas/tests/indexes/period/test_asfreq.py,79,85,True,97acc36259ff2f9d1ee63e4a7fe5db01
4847,/app/Repos/pandas/pandas/tests/indexes/period/test_arithmetic.py,83,92,/app/Repos/pandas/pandas/tests/indexes/period/test_asfreq.py,79,85,True,29c313dfc264e6c593527d393bbac709
4848,/app/Repos/pandas/pandas/tests/indexes/datetimes/test_indexing.py,387,435,/app/Repos/pandas/pandas/tests/indexes/datetimes/test_indexing.py,435,486,True,771bbaca07e7af9e54cb24e6c5334013
4849,/app/Repos/pandas/pandas/tests/indexes/interval/test_interval_new.py,54,111,/app/Repos/pandas/pandas/tests/indexes/interval/test_interval_new.py,111,132,True,6f10854efe90484a88d3dca37afb39a0
4850,/app/Repos/pandas/pandas/tests/test_compat.py,43,53,/app/Repos/pandas/pandas/tests/test_compat.py,63,70,True,6fdfd2ed0704e99a1a6870b48f7d342f
4851,/app/Repos/pandas/pandas/tests/indexes/datetimes/test_setops.py,57,67,/app/Repos/pandas/pandas/tests/indexes/datetimes/test_setops.py,57,67,True,3d775cdc5eea9cc72953e3e9e85530ff
4852,/app/Repos/pandas/pandas/tests/arrays/categorical/test_api.py,139,177,/app/Repos/pandas/pandas/tests/arrays/categorical/test_api.py,333,359,True,636c4c9bfb87f907766a1f1f360b9334
4853,/app/Repos/pandas/pandas/tests/indexes/datetimes/test_setops.py,23,36,/app/Repos/pandas/pandas/tests/indexes/datetimes/test_setops.py,121,138,True,fc429349b3e759542ec0bc5df75f03a6
4854,/app/Repos/pandas/pandas/tests/indexes/datetimes/test_setops.py,85,94,/app/Repos/pandas/pandas/tests/indexes/datetimes/test_setops.py,85,94,True,e93daaa8b8cbe5a3183d654c6e47e427
4854,/app/Repos/pandas/pandas/tests/indexes/datetimes/test_setops.py,85,94,/app/Repos/pandas/pandas/tests/indexes/datetimes/test_setops.py,85,94,False,e93daaa8b8cbe5a3183d654c6e47e427
4855,/app/Repos/pandas/pandas/tests/indexes/datetimes/test_setops.py,75,85,/app/Repos/pandas/pandas/tests/indexes/datetimes/test_setops.py,85,94,True,c601c50708930f2ab5acb241bd045e2b
4856,/app/Repos/pandas/pandas/tests/arrays/categorical/test_api.py,177,217,/app/Repos/pandas/pandas/tests/arrays/categorical/test_api.py,333,359,True,de302d165fab0486ade2cc2f970f4b4b
4857,/app/Repos/pandas/pandas/tests/indexes/datetimes/test_setops.py,278,309,/app/Repos/pandas/pandas/tests/indexes/datetimes/test_setops.py,420,451,True,de9e9c93a7388f5ed5e3901fb5202610
4858,/app/Repos/pandas/pandas/tests/indexes/datetimes/test_setops.py,278,309,/app/Repos/pandas/pandas/tests/indexes/datetimes/test_setops.py,309,341,True,7832797fdb0708ccd7af642f254e39b0
4859,/app/Repos/pandas/pandas/tests/indexes/datetimes/test_setops.py,309,341,/app/Repos/pandas/pandas/tests/indexes/datetimes/test_setops.py,420,451,True,537c8cf2c2b4712d885a03ef11a8257d
4860,/app/Repos/pandas/pandas/tests/test_window.py,105,115,/app/Repos/pandas/pandas/tests/test_window.py,115,122,True,5f9d16708c9064a3ba8d7b59f75628dd
4861,/app/Repos/pandas/pandas/tests/indexes/multi/test_integrity.py,47,72,/app/Repos/pandas/pandas/tests/indexes/multi/test_integrity.py,72,96,True,1fa6e98540d2af2ffa57122e54289fa6
4862,/app/Repos/pandas/pandas/tests/indexes/datetimes/test_setops.py,75,85,/app/Repos/pandas/pandas/tests/indexes/datetimes/test_setops.py,75,85,True,47e363e5a8d88fc3e677db27e18ea9a9
4862,/app/Repos/pandas/pandas/tests/indexes/datetimes/test_setops.py,75,85,/app/Repos/pandas/pandas/tests/indexes/datetimes/test_setops.py,75,85,False,47e363e5a8d88fc3e677db27e18ea9a9
4863,/app/Repos/pandas/pandas/tests/test_window.py,622,631,/app/Repos/pandas/pandas/tests/test_window.py,709,718,True,1904b6552f36461e7c899f373d603cf2
4864,/app/Repos/pandas/pandas/tests/indexes/datetimes/test_setops.py,67,75,/app/Repos/pandas/pandas/tests/indexes/datetimes/test_setops.py,67,75,True,3d8d5b693fed4c66dd5ac6b80bdce610
4865,/app/Repos/pandas/pandas/tests/indexes/interval/test_interval_new.py,166,191,/app/Repos/pandas/pandas/tests/indexes/interval/test_interval_new.py,205,236,True,0f9b9e9d1cd45247cdfb00b79a07b9be
4866,/app/Repos/pandas/pandas/tests/indexes/datetimes/test_setops.py,379,396,/app/Repos/pandas/pandas/tests/indexes/datetimes/test_setops.py,396,415,True,70a304fedb59e32afe0a951af4d617b4
4867,/app/Repos/pandas/pandas/tests/indexes/datetimes/test_setops.py,36,57,/app/Repos/pandas/pandas/tests/indexes/datetimes/test_setops.py,210,230,True,926db83bda132c1fded826c41aca812e
4868,/app/Repos/pandas/pandas/tests/indexes/datetimes/test_setops.py,114,121,/app/Repos/pandas/pandas/tests/indexes/datetimes/test_setops.py,114,121,True,ca490bcf563087180d83df4ec365fbc0
4869,/app/Repos/pandas/pandas/tests/test_window.py,459,469,/app/Repos/pandas/pandas/tests/test_window.py,729,769,True,5919718ceaf8eb817021cf82574fa6c2
4870,/app/Repos/pandas/pandas/tests/test_window.py,122,182,/app/Repos/pandas/pandas/tests/test_window.py,195,212,True,39310c6c271fa596c06a1e60c07774cc
4871,/app/Repos/pandas/pandas/tests/test_window.py,405,419,/app/Repos/pandas/pandas/tests/test_window.py,662,675,True,e734a982a0a14982bfa970d0e9e027b2
4872,/app/Repos/pandas/pandas/tests/test_window.py,502,515,/app/Repos/pandas/pandas/tests/test_window.py,662,675,True,3ba80910c771d77b7fca9f3d8c60396a
4873,/app/Repos/pandas/pandas/tests/test_window.py,371,396,/app/Repos/pandas/pandas/tests/test_window.py,459,469,True,8d4d52aa998a889633071271bf0d5203
4874,/app/Repos/pandas/pandas/tests/test_window.py,371,396,/app/Repos/pandas/pandas/tests/test_window.py,642,662,True,4590ca2437924b3acb02a1b86e46ccb8
4875,/app/Repos/pandas/pandas/tests/test_window.py,396,405,/app/Repos/pandas/pandas/tests/test_window.py,459,469,True,142a268ee19c2aa086a58c0021fc602b
4876,/app/Repos/pandas/pandas/tests/test_window.py,431,459,/app/Repos/pandas/pandas/tests/test_window.py,642,662,True,1b3846f71edbbfeae3c729e6085ff9b8
4877,/app/Repos/pandas/pandas/tests/test_window.py,431,459,/app/Repos/pandas/pandas/tests/test_window.py,459,469,True,cab89ffda340db41985401a25edcf691
4878,/app/Repos/pandas/pandas/tests/test_window.py,459,469,/app/Repos/pandas/pandas/tests/test_window.py,642,662,True,74868fcb9e997ecdc10952a976637c1b
4879,/app/Repos/pandas/pandas/tests/test_window.py,371,396,/app/Repos/pandas/pandas/tests/test_window.py,396,405,True,08ff5134ef6881bcf04c18f1025cde4d
4880,/app/Repos/pandas/pandas/tests/test_window.py,1863,1876,/app/Repos/pandas/pandas/tests/test_window.py,1921,1942,True,d6cd6de3af37c703018e7c2215b4c905
4881,/app/Repos/pandas/pandas/tests/test_window.py,405,419,/app/Repos/pandas/pandas/tests/test_window.py,502,515,True,f187699cf0b4f51d9c3a3875fbb48aaf
4882,/app/Repos/pandas/pandas/tests/test_window.py,1992,2044,/app/Repos/pandas/pandas/tests/test_window.py,1993,2020,True,a18d46fb2260f5a1c38e631224494f7c
4883,/app/Repos/pandas/pandas/tests/test_window.py,1700,1710,/app/Repos/pandas/pandas/tests/test_window.py,1710,1724,True,f2e5d6b5e38b937c7c42bd1c4469326d
4884,/app/Repos/pandas/pandas/tests/test_window.py,1876,1903,/app/Repos/pandas/pandas/tests/test_window.py,1921,1942,True,694f415ec2e7f7f4abca86a9ef1ceaab
4885,/app/Repos/pandas/pandas/tests/test_window.py,589,602,/app/Repos/pandas/pandas/tests/test_window.py,696,709,True,130809c3a6a644b0cb0e3be210b3b931
4886,/app/Repos/pandas/pandas/tests/test_window.py,1863,1876,/app/Repos/pandas/pandas/tests/test_window.py,1903,1921,True,8b85242c2fb9cfcf1861cff4700850c0
4887,/app/Repos/pandas/pandas/tests/test_window.py,1234,1245,/app/Repos/pandas/pandas/tests/test_window.py,1245,1255,True,3a8d5e02d8f7c37028ae9df6b4190ad1
4888,/app/Repos/pandas/pandas/tests/test_window.py,1903,1921,/app/Repos/pandas/pandas/tests/test_window.py,1921,1942,True,18267c1910e9e529803cd43be0cd8023
4889,/app/Repos/pandas/pandas/tests/test_window.py,405,419,/app/Repos/pandas/pandas/tests/test_window.py,769,791,True,4a2f7a89c1b0bb44c6e2aff68944209b
4890,/app/Repos/pandas/pandas/tests/test_window.py,1876,1903,/app/Repos/pandas/pandas/tests/test_window.py,1903,1921,True,34648acde20adcf3f9800b591f1e612e
4891,/app/Repos/pandas/pandas/tests/test_window.py,502,515,/app/Repos/pandas/pandas/tests/test_window.py,769,791,True,0cb615471ff07e7620278c852b8c3b38
4892,/app/Repos/pandas/pandas/tests/indexes/datetimes/test_setops.py,230,246,/app/Repos/pandas/pandas/tests/indexes/timedeltas/test_timedelta.py,56,73,True,288a12082ce8d21add5cc02dfdcf9446
4893,/app/Repos/pandas/pandas/tests/test_window.py,662,675,/app/Repos/pandas/pandas/tests/test_window.py,769,791,True,75121feae8daed4522068ce2030c40d5
4894,/app/Repos/pandas/pandas/tests/test_window.py,1035,1045,/app/Repos/pandas/pandas/tests/test_window.py,1045,1055,True,0ea6c4d080abe726153485f16a071346
4895,/app/Repos/pandas/pandas/tests/test_window.py,2216,2315,/app/Repos/pandas/pandas/tests/test_window.py,2221,2256,True,261ae0b0101b90efb303b357cd04a9cd
4896,/app/Repos/pandas/pandas/tests/test_window.py,2501,2517,/app/Repos/pandas/pandas/tests/test_window.py,2670,2680,True,e902332260a012c509cba0763aaf9827
4897,/app/Repos/pandas/pandas/tests/test_window.py,2647,2657,/app/Repos/pandas/pandas/tests/test_window.py,2670,2680,True,069c356fbd50418007d74e98395ee8b2
4898,/app/Repos/pandas/pandas/tests/test_window.py,1185,1211,/app/Repos/pandas/pandas/tests/test_window.py,1211,1231,True,8a1e0f754b59d64ab6cef6c369942902
4899,/app/Repos/pandas/pandas/tests/test_window.py,2315,2390,/app/Repos/pandas/pandas/tests/test_window.py,2390,2491,True,212bda053b218a4864cea3af6c6173e1
4900,/app/Repos/pandas/pandas/tests/test_window.py,1145,1157,/app/Repos/pandas/pandas/tests/test_window.py,1211,1231,True,a5cc5cab125c769c0d5fb19c5d1f5056
4901,/app/Repos/pandas/pandas/tests/test_window.py,1409,1415,/app/Repos/pandas/pandas/tests/test_window.py,1444,1450,True,e30200191018299c5cea8606ca41ed5c
4902,/app/Repos/pandas/pandas/tests/test_window.py,2695,2713,/app/Repos/pandas/pandas/tests/test_window.py,2731,2743,True,91f9aa6e34cfc0310cdea6be208da22f
4903,/app/Repos/pandas/pandas/tests/test_window.py,1863,1876,/app/Repos/pandas/pandas/tests/test_window.py,1876,1903,True,ffe5b13f32a9825b9cd6cd3e7eaab3bc
4904,/app/Repos/pandas/pandas/tests/test_window.py,2713,2731,/app/Repos/pandas/pandas/tests/test_window.py,2731,2743,True,343ec4d3918e2cc3bf24f9ff05108be3
4905,/app/Repos/pandas/pandas/tests/test_window.py,3110,3141,/app/Repos/pandas/pandas/tests/test_window.py,3159,3177,True,abb19d8e0d63b55ad1aa69c87348e984
4906,/app/Repos/pandas/pandas/tests/test_window.py,3141,3159,/app/Repos/pandas/pandas/tests/test_window.py,3159,3177,True,d4606dc144dddd32f517a1ae24946c83
4907,/app/Repos/pandas/pandas/tests/test_window.py,3093,3110,/app/Repos/pandas/pandas/tests/test_window.py,3159,3177,True,7b59bda094dd87588f9c44127add3a8c
4908,/app/Repos/pandas/pandas/tests/test_window.py,3251,3270,/app/Repos/pandas/pandas/tests/test_window.py,3321,3340,True,4f686a0b34414f9c0a2cfee2e3ec3061
4909,/app/Repos/pandas/pandas/tests/test_window.py,1863,1876,/app/Repos/pandas/pandas/tests/test_window.py,1942,1971,True,1bab9f46f34cb1cc9f0b4a2eb63d71a1
4910,/app/Repos/pandas/pandas/tests/test_window.py,2695,2713,/app/Repos/pandas/pandas/tests/test_window.py,2713,2731,True,c8d13bda49709ce7e74a3113b6d736f8
4911,/app/Repos/pandas/pandas/tests/test_window.py,3389,3400,/app/Repos/pandas/pandas/tests/test_window.py,3475,3519,True,20079ada106d830c7feb631596b959a9
4912,/app/Repos/pandas/pandas/tests/test_window.py,1903,1921,/app/Repos/pandas/pandas/tests/test_window.py,1942,1971,True,540afbc4b77966a6a684f0538800f6a9
4913,/app/Repos/pandas/pandas/tests/test_window.py,2916,2942,/app/Repos/pandas/pandas/tests/test_window.py,2942,2968,True,ac5a8e23310114edaaf091a31afcd67f
4914,/app/Repos/pandas/pandas/tests/test_window.py,3623,3666,/app/Repos/pandas/pandas/tests/test_window.py,3679,3692,True,e95e4fa379e4425205a3aca06c1a112f
4915,/app/Repos/pandas/pandas/tests/test_window.py,3666,3679,/app/Repos/pandas/pandas/tests/test_window.py,3679,3692,True,3d6a99ed1ffbd8e16e30a0b9ea5e0385
4916,/app/Repos/pandas/pandas/tests/test_window.py,2755,2797,/app/Repos/pandas/pandas/tests/test_window.py,2816,2883,True,7e5fccd05d49a24f9f473da0ce5ae77f
4917,/app/Repos/pandas/pandas/tests/test_window.py,3110,3141,/app/Repos/pandas/pandas/tests/test_window.py,3141,3159,True,1f036d903759e9c21c4d3729eb5c87be
4918,/app/Repos/pandas/pandas/tests/test_window.py,1921,1942,/app/Repos/pandas/pandas/tests/test_window.py,1942,1971,True,6ea64e100d397ec4f3e5c5266c03a483
4919,/app/Repos/pandas/pandas/tests/test_window.py,3093,3110,/app/Repos/pandas/pandas/tests/test_window.py,3141,3159,True,d1d583025e19420f74d3ff19f3cde91f
4920,/app/Repos/pandas/pandas/tests/test_window.py,3623,3666,/app/Repos/pandas/pandas/tests/test_window.py,3861,3880,True,d643d30bf1015b8cbda2f28b15a233e5
4921,/app/Repos/pandas/pandas/tests/test_window.py,3666,3679,/app/Repos/pandas/pandas/tests/test_window.py,3861,3880,True,60bf7ed47b2f70e05e52ba3027a7516e
4922,/app/Repos/pandas/pandas/tests/test_window.py,3679,3692,/app/Repos/pandas/pandas/tests/test_window.py,3861,3880,True,61c20e68d3c071afca5662791c26c3a5
4923,/app/Repos/pandas/pandas/tests/test_window.py,2216,2315,/app/Repos/pandas/pandas/tests/test_window.py,2256,2265,True,d25bcca5af1e6b9f0b8e076db7eb3b8c
4924,/app/Repos/pandas/pandas/tests/test_window.py,3692,3705,/app/Repos/pandas/pandas/tests/test_window.py,3861,3880,True,ff98f84891be11e7c23ce04b4e3070d1
3899,/app/Repos/pandas/pandas/tests/indexes/multi/test_equivalence.py,90,132,/app/Repos/pandas/pandas/tests/indexes/multi/test_equivalence.py,90,132,False,6cae0988fde41d9f2bedef0548915959
4925,/app/Repos/pandas/pandas/tests/test_window.py,3705,3728,/app/Repos/pandas/pandas/tests/test_window.py,3861,3880,True,bac7bf294d41745ecdf7b088f0698b4e
4926,/app/Repos/pandas/pandas/tests/test_window.py,3728,3751,/app/Repos/pandas/pandas/tests/test_window.py,3861,3880,True,10724c441b7f26d1951ed5f5a87a3de8
4927,/app/Repos/pandas/pandas/tests/test_window.py,3270,3289,/app/Repos/pandas/pandas/tests/test_window.py,3340,3359,True,cea6af750b2d8601563b4dff0f2c17bf
4928,/app/Repos/pandas/pandas/tests/test_window.py,3751,3764,/app/Repos/pandas/pandas/tests/test_window.py,3861,3880,True,f07fbf134a188482242af9d39feb7ee7
4929,/app/Repos/pandas/pandas/tests/test_window.py,2680,2688,/app/Repos/pandas/pandas/tests/test_window.py,2688,2695,True,9806e2181ad22f4907a2d030a6841290
4930,/app/Repos/pandas/pandas/tests/test_window.py,2491,2498,/app/Repos/pandas/pandas/tests/test_window.py,2501,2517,True,bcf99b516795442cd72eec2716807dff
4931,/app/Repos/pandas/pandas/tests/test_window.py,515,521,/app/Repos/pandas/pandas/tests/test_window.py,3584,3623,True,6fbd7ead270ff53cc330b166d4d8db89
4932,/app/Repos/pandas/pandas/tests/test_window.py,3764,3777,/app/Repos/pandas/pandas/tests/test_window.py,3861,3880,True,c9efd1a316719457a45cb2ca711895ce
4933,/app/Repos/pandas/pandas/tests/test_window.py,3570,3584,/app/Repos/pandas/pandas/tests/test_window.py,3584,3623,True,d6e7c2c590e8a8413b4dc868bd56d363
4934,/app/Repos/pandas/pandas/tests/test_window.py,3777,3799,/app/Repos/pandas/pandas/tests/test_window.py,3861,3880,True,cc61ebdafa59b05d473cd823d100454e
4935,/app/Repos/pandas/pandas/tests/test_window.py,3623,3666,/app/Repos/pandas/pandas/tests/test_window.py,3826,3845,True,4162a6b519787e7086e38fe2424827b5
4936,/app/Repos/pandas/pandas/tests/test_window.py,3826,3845,/app/Repos/pandas/pandas/tests/test_window.py,3861,3880,True,e8e294f2977000dd7b4a0397c5358019
4937,/app/Repos/pandas/pandas/tests/test_window.py,1863,1876,/app/Repos/pandas/pandas/tests/test_window.py,1971,1992,True,2f2227d6722a66b5f460816d9e66b878
4938,/app/Repos/pandas/pandas/tests/test_window.py,3666,3679,/app/Repos/pandas/pandas/tests/test_window.py,3826,3845,True,a7d47f45e612c3754a02e82c9936bb42
4939,/app/Repos/pandas/pandas/tests/test_window.py,424,431,/app/Repos/pandas/pandas/tests/test_window.py,3519,3548,True,9fde4432bc6392bfb2279ad4e676f5e2
4940,/app/Repos/pandas/pandas/tests/test_window.py,3679,3692,/app/Repos/pandas/pandas/tests/test_window.py,3826,3845,True,1750f43c7e773281df14841cce56a52e
4941,/app/Repos/pandas/pandas/tests/test_window.py,3389,3400,/app/Repos/pandas/pandas/tests/test_window.py,3519,3548,True,4f3482adf6330d46800f68ad0f0a7543
4942,/app/Repos/pandas/pandas/tests/test_window.py,3692,3705,/app/Repos/pandas/pandas/tests/test_window.py,3826,3845,True,774761ff2af1e334f8f20504e748ea4b
4943,/app/Repos/pandas/pandas/tests/test_window.py,1876,1903,/app/Repos/pandas/pandas/tests/test_window.py,1971,1992,True,ed00e31a1331cb64d51dc5e14e1ced25
4944,/app/Repos/pandas/pandas/tests/test_window.py,3705,3728,/app/Repos/pandas/pandas/tests/test_window.py,3826,3845,True,068924995cc0c7a1bf759e942983b272
4945,/app/Repos/pandas/pandas/tests/test_window.py,3623,3666,/app/Repos/pandas/pandas/tests/test_window.py,3728,3751,True,a5bae2ec978ec488d51be63c4385a190
4946,/app/Repos/pandas/pandas/tests/test_window.py,3728,3751,/app/Repos/pandas/pandas/tests/test_window.py,3826,3845,True,a5a7e168e5382fa4e52076599a2766ff
4947,/app/Repos/pandas/pandas/tests/test_window.py,3666,3679,/app/Repos/pandas/pandas/tests/test_window.py,3728,3751,True,aaa2e9862bf6d974f7359bea3414ad80
4948,/app/Repos/pandas/pandas/tests/test_window.py,3679,3692,/app/Repos/pandas/pandas/tests/test_window.py,3728,3751,True,d290ee21b4aaf6c5a0d7c849535e3cf6
4949,/app/Repos/pandas/pandas/tests/test_window.py,3751,3764,/app/Repos/pandas/pandas/tests/test_window.py,3826,3845,True,45c5c1d24c4a15775cc44a7b48615792
4950,/app/Repos/pandas/pandas/tests/test_window.py,1903,1921,/app/Repos/pandas/pandas/tests/test_window.py,1971,1992,True,5d2f7daca290ba0505e485001284458b
4951,/app/Repos/pandas/pandas/tests/test_window.py,3764,3777,/app/Repos/pandas/pandas/tests/test_window.py,3826,3845,True,2c923cbd028543e5aa7ca2efbee474af
4952,/app/Repos/pandas/pandas/tests/arithmetic/test_numeric.py,257,265,/app/Repos/pandas/pandas/tests/arithmetic/test_numeric.py,265,273,True,aedb33e952edc858a82c02794cb5a22d
4953,/app/Repos/pandas/pandas/tests/test_window.py,3692,3705,/app/Repos/pandas/pandas/tests/test_window.py,3728,3751,True,a458946223d7145a5920b6b73fbb672b
4954,/app/Repos/pandas/pandas/tests/test_window.py,3777,3799,/app/Repos/pandas/pandas/tests/test_window.py,3826,3845,True,fd4cd5ca1d44650964dec87e24cf78b0
4955,/app/Repos/pandas/pandas/tests/test_window.py,3705,3728,/app/Repos/pandas/pandas/tests/test_window.py,3728,3751,True,f6236ad96c1cbce0626037bef9dc20d2
4956,/app/Repos/pandas/pandas/tests/arithmetic/test_numeric.py,305,321,/app/Repos/pandas/pandas/tests/arithmetic/test_numeric.py,362,376,True,335c73e205223a0a4fe2cb7802c4d92b
4957,/app/Repos/pandas/pandas/tests/test_window.py,3799,3826,/app/Repos/pandas/pandas/tests/test_window.py,3826,3845,True,e3202231068d8a384306126274d8ab59
4958,/app/Repos/pandas/pandas/tests/test_window.py,1921,1942,/app/Repos/pandas/pandas/tests/test_window.py,1971,1992,True,d665749aa8b0ff559b3724319299695d
4959,/app/Repos/pandas/pandas/tests/arithmetic/test_numeric.py,344,362,/app/Repos/pandas/pandas/tests/arithmetic/test_numeric.py,362,376,True,46a9440d8c6a04700e6198f8c4874b19
4960,/app/Repos/pandas/pandas/tests/test_window.py,3623,3666,/app/Repos/pandas/pandas/tests/test_window.py,3777,3799,True,849b29b06e3d494ec8c27950394b3413
4961,/app/Repos/pandas/pandas/tests/test_window.py,3666,3679,/app/Repos/pandas/pandas/tests/test_window.py,3777,3799,True,dbfc66b6667b55949f39543bd921b24d
4962,/app/Repos/pandas/pandas/tests/test_window.py,3679,3692,/app/Repos/pandas/pandas/tests/test_window.py,3777,3799,True,6a6117842b755555b8b917f07245b066
4963,/app/Repos/pandas/pandas/tests/test_window.py,3692,3705,/app/Repos/pandas/pandas/tests/test_window.py,3777,3799,True,1c592e4138233494dbe61998aa0334c3
4964,/app/Repos/pandas/pandas/tests/indexes/test_category.py,512,543,/app/Repos/pandas/pandas/tests/indexes/test_category.py,543,551,True,0764446a7b35768e907fc48c9654f624
4965,/app/Repos/pandas/pandas/tests/test_window.py,1942,1971,/app/Repos/pandas/pandas/tests/test_window.py,1971,1992,True,a92682ecda69305ba9335f76961a7c2c
4966,/app/Repos/pandas/pandas/tests/test_window.py,3623,3666,/app/Repos/pandas/pandas/tests/test_window.py,3666,3679,True,eb9dd45ca6fd43cd8aab012e4fc26bf1
4967,/app/Repos/pandas/pandas/tests/indexes/multi/test_equivalence.py,12,29,/app/Repos/pandas/pandas/tests/indexes/timedeltas/test_ops.py,278,298,True,86774316daac32e9147b54b9020e092f
4968,/app/Repos/pandas/pandas/tests/test_window.py,3728,3751,/app/Repos/pandas/pandas/tests/test_window.py,3777,3799,True,7fdf2215475d4cc98c77707201ec60c4
4969,/app/Repos/pandas/pandas/tests/test_window.py,3751,3764,/app/Repos/pandas/pandas/tests/test_window.py,3777,3799,True,d2b9c04419af6451401697b7cbf5bca5
4970,/app/Repos/pandas/pandas/tests/test_window.py,3764,3777,/app/Repos/pandas/pandas/tests/test_window.py,3777,3799,True,7236b92a1589edd85006fa777231d1ac
4971,/app/Repos/pandas/pandas/tests/arithmetic/test_numeric.py,66,90,/app/Repos/pandas/pandas/tests/arithmetic/test_numeric.py,90,120,True,c3e000868256a4b510402ee22b4a9b6b
4972,/app/Repos/pandas/pandas/tests/test_window.py,2216,2315,/app/Repos/pandas/pandas/tests/test_window.py,2265,2273,True,91c9f67a1ed7546928c06154bd7c0a5f
4973,/app/Repos/pandas/pandas/tests/test_window.py,3623,3666,/app/Repos/pandas/pandas/tests/test_window.py,3764,3777,True,e521c80c93ced049706f6859dea1cb41
4974,/app/Repos/pandas/pandas/tests/test_window.py,3289,3299,/app/Repos/pandas/pandas/tests/test_window.py,3359,3370,True,de5374af85ccdff1db710f2ce7310eb3
4975,/app/Repos/pandas/pandas/tests/test_window.py,3623,3666,/app/Repos/pandas/pandas/tests/test_window.py,3880,3900,True,763c7e98ed0223ff69c4c57d5c30e56f
4976,/app/Repos/pandas/pandas/tests/arithmetic/test_numeric.py,519,530,/app/Repos/pandas/pandas/tests/arithmetic/test_numeric.py,530,542,True,61b3a189e8a4c62e3fcc08ad89b1e4f3
4977,/app/Repos/pandas/pandas/tests/test_window.py,3666,3679,/app/Repos/pandas/pandas/tests/test_window.py,3764,3777,True,7990f247865b42022e354e1706b02569
4978,/app/Repos/pandas/pandas/tests/test_window.py,3666,3679,/app/Repos/pandas/pandas/tests/test_window.py,3880,3900,True,e1dcea838f1a0c60e4c5d1f32a58b5f4
4979,/app/Repos/pandas/pandas/tests/test_window.py,3679,3692,/app/Repos/pandas/pandas/tests/test_window.py,3764,3777,True,93afa3e32e69431e46d9dd80f6159de4
4980,/app/Repos/pandas/pandas/tests/test_window.py,3679,3692,/app/Repos/pandas/pandas/tests/test_window.py,3880,3900,True,7c849851ad82fc63204b323a4e1acaff
4981,/app/Repos/pandas/pandas/tests/indexes/test_category.py,1007,1066,/app/Repos/pandas/pandas/tests/indexes/test_category.py,1066,1104,True,14fa42bec2754146b7613555f799734e
4982,/app/Repos/pandas/pandas/tests/test_window.py,3321,3340,/app/Repos/pandas/pandas/tests/test_window.py,3359,3370,True,03184a6be8470097f87c92571204199c
4983,/app/Repos/pandas/pandas/tests/test_window.py,3692,3705,/app/Repos/pandas/pandas/tests/test_window.py,3764,3777,True,d5284b71a933e9be139a78a4def18523
4984,/app/Repos/pandas/pandas/tests/test_window.py,3692,3705,/app/Repos/pandas/pandas/tests/test_window.py,3880,3900,True,eb874446bbef701dadaa8d22cbfa38a3
4985,/app/Repos/pandas/pandas/tests/arithmetic/test_numeric.py,762,792,/app/Repos/pandas/pandas/tests/arithmetic/test_numeric.py,763,785,True,b8753ce58ea028fae1e5cd70c458ceeb
4986,/app/Repos/pandas/pandas/tests/test_window.py,3705,3728,/app/Repos/pandas/pandas/tests/test_window.py,3880,3900,True,9c6f084137e1b8c7448fdff1626a6694
4987,/app/Repos/pandas/pandas/tests/test_window.py,3705,3728,/app/Repos/pandas/pandas/tests/test_window.py,3764,3777,True,f6f3edd23edc575c0c1abf90cfcd07b1
4988,/app/Repos/pandas/pandas/tests/test_window.py,3728,3751,/app/Repos/pandas/pandas/tests/test_window.py,3880,3900,True,f6962f487ac42953520850bcc3f45583
4989,/app/Repos/pandas/pandas/tests/test_window.py,3728,3751,/app/Repos/pandas/pandas/tests/test_window.py,3764,3777,True,2c636f0d20d5610aef63190ea85c523a
4990,/app/Repos/pandas/pandas/tests/test_window.py,3751,3764,/app/Repos/pandas/pandas/tests/test_window.py,3764,3777,True,3de8971e998211b3b9a49157391128c6
4991,/app/Repos/pandas/pandas/tests/arithmetic/test_numeric.py,718,762,/app/Repos/pandas/pandas/tests/arithmetic/test_numeric.py,728,745,True,b87db4e21ababb53a4d25be4f524f10b
4992,/app/Repos/pandas/pandas/tests/test_window.py,3826,3845,/app/Repos/pandas/pandas/tests/test_window.py,3880,3900,True,89d5ddcd4dfb257b0e41a35276879411
4993,/app/Repos/pandas/pandas/tests/test_window.py,3861,3880,/app/Repos/pandas/pandas/tests/test_window.py,3880,3900,True,7185ad01ffed479b8699c2a3baad3366
4994,/app/Repos/pandas/pandas/tests/test_window.py,3751,3764,/app/Repos/pandas/pandas/tests/test_window.py,3880,3900,True,0f5e54c1a7f25f32f707d4fa87313fc7
4995,/app/Repos/pandas/pandas/tests/test_window.py,3764,3777,/app/Repos/pandas/pandas/tests/test_window.py,3880,3900,True,6ff5198fdfd2b96210f41f1536bf8911
4996,/app/Repos/pandas/pandas/tests/test_window.py,3623,3666,/app/Repos/pandas/pandas/tests/test_window.py,3692,3705,True,ba84a97f753321ad676c30f43b5599b2
4997,/app/Repos/pandas/pandas/tests/test_window.py,3666,3679,/app/Repos/pandas/pandas/tests/test_window.py,3692,3705,True,60ab725d1b8b2b1201fdc6c70e0256ef
4998,/app/Repos/pandas/pandas/tests/test_window.py,3679,3692,/app/Repos/pandas/pandas/tests/test_window.py,3692,3705,True,8a609016c9479bc4672bec806bf7e0d5
4999,/app/Repos/pandas/pandas/tests/arithmetic/test_numeric.py,718,762,/app/Repos/pandas/pandas/tests/arithmetic/test_numeric.py,719,728,True,e9043101a547ce7fe7df8f2a1f866df0
5000,/app/Repos/pandas/pandas/tests/test_window.py,3093,3110,/app/Repos/pandas/pandas/tests/test_window.py,3110,3141,True,54eed64d2bdf2bd8dc776441f1c768fd
5001,/app/Repos/pandas/pandas/tests/test_window.py,3219,3237,/app/Repos/pandas/pandas/tests/test_window.py,3237,3251,True,4e3d64e5393250fe5fdcca80c5bfe157
5002,/app/Repos/pandas/pandas/tests/arithmetic/test_numeric.py,257,265,/app/Repos/pandas/pandas/tests/arithmetic/test_numeric.py,273,281,True,3c43094154489fe180b114eb15c71ae3
5003,/app/Repos/pandas/pandas/tests/arithmetic/test_numeric.py,265,273,/app/Repos/pandas/pandas/tests/arithmetic/test_numeric.py,273,281,True,9bd198e2c3609d847fac1717af910058
5004,/app/Repos/pandas/pandas/tests/arithmetic/test_numeric.py,321,332,/app/Repos/pandas/pandas/tests/arithmetic/test_numeric.py,376,386,True,f4fc21d44b8e705f21f74c3f8dfecf2d
5005,/app/Repos/pandas/pandas/tests/test_window.py,3548,3570,/app/Repos/pandas/pandas/tests/test_window.py,3570,3584,True,d201513a7855c8f09e1897c3e5a209f6
5006,/app/Repos/pandas/pandas/tests/arithmetic/test_numeric.py,178,188,/app/Repos/pandas/pandas/tests/arithmetic/test_numeric.py,188,199,True,5d699813157d6dce861920a7059527a7
5007,/app/Repos/pandas/pandas/tests/arithmetic/test_numeric.py,281,291,/app/Repos/pandas/pandas/tests/arithmetic/test_numeric.py,344,362,True,b3d37d646629021aac857f15a7ba4aef
5008,/app/Repos/pandas/pandas/tests/arithmetic/test_numeric.py,291,305,/app/Repos/pandas/pandas/tests/arithmetic/test_numeric.py,344,362,True,b00f2d82eece9759711ee2c48dcf1fbc
5009,/app/Repos/pandas/pandas/tests/indexes/datetimes/test_construction.py,32,43,/app/Repos/pandas/pandas/tests/indexes/datetimes/test_construction.py,43,64,True,63ae22efbf76279b24a145a85e2dbf48
5010,/app/Repos/pandas/pandas/tests/arithmetic/test_numeric.py,332,344,/app/Repos/pandas/pandas/tests/arithmetic/test_numeric.py,344,362,True,9892ee6ebd6375198f3bf725b90c9b4b
5011,/app/Repos/pandas/pandas/tests/arithmetic/test_numeric.py,442,450,/app/Repos/pandas/pandas/tests/arithmetic/test_numeric.py,496,508,True,80d1a718bbbe581177e40217ebf390da
5012,/app/Repos/pandas/pandas/tests/arithmetic/test_numeric.py,450,461,/app/Repos/pandas/pandas/tests/arithmetic/test_numeric.py,461,469,True,97b144dcb4df54f5ad4a997f63238ec7
5013,/app/Repos/pandas/pandas/tests/test_window.py,3623,3666,/app/Repos/pandas/pandas/tests/test_window.py,3705,3728,True,722fc068d7ee27dfdd380ee50064052f
5014,/app/Repos/pandas/pandas/tests/sparse/series/test_series.py,573,619,/app/Repos/pandas/pandas/tests/sparse/series/test_series.py,582,599,True,2ffdd5f68460071d6c2069a027758e9b
5015,/app/Repos/pandas/pandas/tests/test_window.py,3666,3679,/app/Repos/pandas/pandas/tests/test_window.py,3705,3728,True,0779c75d05fa5007f9b0308125989a40
5016,/app/Repos/pandas/pandas/tests/test_window.py,3679,3692,/app/Repos/pandas/pandas/tests/test_window.py,3705,3728,True,1424bacf2cfba1e4e55dad86a1af8373
5017,/app/Repos/pandas/pandas/tests/indexes/multi/test_integrity.py,135,154,/app/Repos/pandas/pandas/tests/indexes/test_category.py,1104,1120,True,81c67e89b48a499cb7efe8a2228cb3a8
5018,/app/Repos/pandas/pandas/tests/test_window.py,3692,3705,/app/Repos/pandas/pandas/tests/test_window.py,3705,3728,True,09b4e7b720741b8272a5f0bd1449ab3b
5019,/app/Repos/pandas/pandas/tests/indexes/timedeltas/test_indexing.py,12,44,/app/Repos/pandas/pandas/tests/indexes/timedeltas/test_indexing.py,60,99,True,4765c1ee5b37636b9d51b1eccc65af55
5020,/app/Repos/pandas/pandas/tests/indexes/timedeltas/test_indexing.py,60,99,/app/Repos/pandas/pandas/tests/indexes/timedeltas/test_indexing.py,60,99,True,be9f15858b693c1229519b74a53c89dd
5021,/app/Repos/pandas/pandas/tests/sparse/series/test_series.py,733,783,/app/Repos/pandas/pandas/tests/sparse/series/test_series.py,736,753,True,ba784e3d54dada64835d04f908938e4f
5022,/app/Repos/pandas/pandas/tests/sparse/series/test_series.py,849,876,/app/Repos/pandas/pandas/tests/sparse/series/test_series.py,850,861,True,59969f508a865e36b183c3ca0f8e54fc
5023,/app/Repos/pandas/pandas/tests/indexes/test_category.py,374,403,/app/Repos/pandas/pandas/tests/indexes/test_category.py,403,420,True,dd96de5353e085293c90e916275342c4
5024,/app/Repos/pandas/pandas/tests/sparse/series/test_series.py,259,316,/app/Repos/pandas/pandas/tests/sparse/series/test_series.py,271,283,True,be80daa3d46f2d244999fef73ca21417
5025,/app/Repos/pandas/pandas/tests/sparse/series/test_series.py,1210,1232,/app/Repos/pandas/pandas/tests/sparse/series/test_series.py,1278,1297,True,2260cbcda810935a7b765240681154ef
5026,/app/Repos/pandas/pandas/tests/sparse/series/test_series.py,1232,1245,/app/Repos/pandas/pandas/tests/sparse/series/test_series.py,1278,1297,True,6fa5321d7e8c15adfc8bd6993b71f845
5027,/app/Repos/pandas/pandas/tests/sparse/series/test_series.py,1245,1265,/app/Repos/pandas/pandas/tests/sparse/series/test_series.py,1278,1297,True,61d294f90aa8dfca91217b370d2ece1e
5028,/app/Repos/pandas/pandas/tests/sparse/series/test_series.py,1265,1278,/app/Repos/pandas/pandas/tests/sparse/series/test_series.py,1278,1297,True,96ee9b4ad5f9ea2d4fffcb22a7d900db
5029,/app/Repos/pandas/pandas/tests/sparse/test_format.py,69,90,/app/Repos/pandas/pandas/tests/sparse/test_format.py,90,112,True,d57f752118bf31fb5f9a454a4f987c56
5030,/app/Repos/pandas/pandas/tests/sparse/series/test_series.py,918,965,/app/Repos/pandas/pandas/tests/sparse/series/test_series.py,965,999,True,4e4136f3bda4742b474ee7000d690be6
5031,/app/Repos/pandas/pandas/tests/sparse/series/test_series.py,1112,1118,/app/Repos/pandas/pandas/tests/sparse/series/test_series.py,1126,1134,True,794dcd64447d9185203e03a68be5d944
5032,/app/Repos/pandas/pandas/tests/indexes/test_category.py,714,723,/app/Repos/pandas/pandas/tests/indexes/test_category.py,739,795,True,0596bd83f7df26d7dc2d0af08c6cce6b
5033,/app/Repos/pandas/pandas/tests/sparse/series/test_series.py,1118,1126,/app/Repos/pandas/pandas/tests/sparse/series/test_series.py,1126,1134,True,e34c2263d5402c837846dac0ce537acb
5034,/app/Repos/pandas/pandas/tests/sparse/series/test_series.py,1112,1118,/app/Repos/pandas/pandas/tests/sparse/series/test_series.py,1118,1126,True,a7bc98a59cb1f99ca830ccd55e1df8dc
5035,/app/Repos/pandas/pandas/tests/sparse/series/test_series.py,1210,1232,/app/Repos/pandas/pandas/tests/sparse/series/test_series.py,1232,1245,True,a56f199302073140c20b735b1461e31a
5036,/app/Repos/pandas/pandas/tests/generic/test_series.py,124,176,/app/Repos/pandas/pandas/tests/generic/test_series.py,154,166,True,e6b6a3d6f3a5b62dbe6963ee62765634
5037,/app/Repos/pandas/pandas/tests/sparse/test_groupby.py,22,35,/app/Repos/pandas/pandas/tests/sparse/test_groupby.py,35,50,True,8d2091bd031d5c8e14ecf03e01baf73b
5038,/app/Repos/pandas/pandas/tests/sparse/series/test_series.py,68,98,/app/Repos/pandas/pandas/tests/sparse/series/test_series.py,1427,1436,True,695cb50418e380fe576e05f426b9942c
5039,/app/Repos/pandas/pandas/tests/sparse/test_format.py,22,32,/app/Repos/pandas/pandas/tests/sparse/test_format.py,32,45,True,f37049e43854246edcbc45e661fafb63
5040,/app/Repos/pandas/pandas/tests/arithmetic/test_numeric.py,178,188,/app/Repos/pandas/pandas/tests/arithmetic/test_numeric.py,199,209,True,855aa0bad561bc33a6f9b09ea4733b41
5041,/app/Repos/pandas/pandas/tests/arithmetic/test_numeric.py,188,199,/app/Repos/pandas/pandas/tests/arithmetic/test_numeric.py,199,209,True,be50c05338dd489a646b75b0826e65d1
5042,/app/Repos/pandas/pandas/tests/indexes/datetimes/test_indexing.py,387,435,/app/Repos/pandas/pandas/tests/indexes/timedeltas/test_indexing.py,217,245,True,fea06870c7f76aaa721e9a2a02d07031
5043,/app/Repos/pandas/pandas/tests/arithmetic/test_numeric.py,281,291,/app/Repos/pandas/pandas/tests/arithmetic/test_numeric.py,291,305,True,b6cef54bd9174e0edd7d5e9d8067b651
5044,/app/Repos/pandas/pandas/plotting/_core.py,869,917,/app/Repos/pandas/pandas/plotting/_core.py,926,944,True,225d0f6bc355a058d372741ad7f8c6b5
5045,/app/Repos/pandas/pandas/tests/arithmetic/test_numeric.py,496,508,/app/Repos/pandas/pandas/tests/arithmetic/test_numeric.py,508,519,True,409859f8e56401edf7c39dfc64ff6723
5046,/app/Repos/pandas/pandas/plotting/_core.py,1283,1291,/app/Repos/pandas/pandas/plotting/_core.py,1304,1313,True,bcd72e353e6ca24e267d9cbf6dcfce18
5047,/app/Repos/pandas/pandas/plotting/_core.py,2170,2251,/app/Repos/pandas/pandas/plotting/_core.py,2186,2193,True,198f405c2f10f04153fbd534069789e6
5048,/app/Repos/pandas/pandas/plotting/_core.py,1639,1659,/app/Repos/pandas/pandas/plotting/_core.py,2186,2193,True,7fe3abcd9cd2b8ca7a37a7e394a23c30
5049,/app/Repos/pandas/pandas/tests/sparse/series/test_series.py,1210,1232,/app/Repos/pandas/pandas/tests/sparse/series/test_series.py,1297,1329,True,543fe2735e0db7ac0276f086e0ed8f6a
5050,/app/Repos/pandas/pandas/tests/sparse/series/test_series.py,1232,1245,/app/Repos/pandas/pandas/tests/sparse/series/test_series.py,1297,1329,True,3d15b787613d2074c6eee398e6f78257
5051,/app/Repos/pandas/pandas/plotting/_core.py,1961,1983,/app/Repos/pandas/pandas/plotting/_core.py,2931,2948,True,4328c19702ddd884ae747f5f25ad69ff
5052,/app/Repos/pandas/pandas/tests/sparse/series/test_series.py,1245,1265,/app/Repos/pandas/pandas/tests/sparse/series/test_series.py,1297,1329,True,df27180addaddcd2fdff7ec61bfeda78
5053,/app/Repos/pandas/pandas/plotting/_core.py,1983,2008,/app/Repos/pandas/pandas/plotting/_core.py,2931,2948,True,2ff730267c011a28f445f574219f00ff
5054,/app/Repos/pandas/pandas/tests/sparse/series/test_series.py,1265,1278,/app/Repos/pandas/pandas/tests/sparse/series/test_series.py,1297,1329,True,fe00f0019629072d35ed16c6e8d4fd27
5055,/app/Repos/pandas/pandas/tests/indexes/datetimes/test_construction.py,64,134,/app/Repos/pandas/pandas/tests/indexes/datetimes/test_construction.py,206,275,True,813884ea01bbc881f130cd7cd024188c
5056,/app/Repos/pandas/pandas/plotting/_core.py,2732,2748,/app/Repos/pandas/pandas/plotting/_core.py,2931,2948,True,00e6103a34c4c214911c50fafe7ac9f9
5057,/app/Repos/pandas/pandas/tests/sparse/series/test_series.py,1278,1297,/app/Repos/pandas/pandas/tests/sparse/series/test_series.py,1297,1329,True,6f58024ffec169ce37b11f6918ebdeed
5058,/app/Repos/pandas/pandas/tests/sparse/series/test_series.py,1329,1345,/app/Repos/pandas/pandas/tests/sparse/series/test_series.py,1366,1383,True,a31a92d3d47ef65f2a340c0be5efeb75
5059,/app/Repos/pandas/pandas/tests/sparse/series/test_series.py,1345,1366,/app/Repos/pandas/pandas/tests/sparse/series/test_series.py,1366,1383,True,a9d55504f36d6fbe568d8a1d079a4927
5060,/app/Repos/pandas/pandas/tests/indexing/interval/test_interval.py,15,34,/app/Repos/pandas/pandas/tests/indexing/interval/test_interval.py,34,53,True,4771efb9fc2100afbf443b1dba03b349
5061,/app/Repos/pandas/pandas/tests/arithmetic/test_numeric.py,840,854,/app/Repos/pandas/pandas/tests/arithmetic/test_numeric.py,854,869,True,08d8a554e2919653211e75c13ff53b66
5062,/app/Repos/pandas/pandas/tests/indexing/test_indexing.py,817,837,/app/Repos/pandas/pandas/tests/indexing/test_indexing.py,820,828,True,06bae33a04d6bdc6e26c5576d9e656fe
5063,/app/Repos/pandas/pandas/tests/indexes/datetimes/test_construction.py,134,206,/app/Repos/pandas/pandas/tests/indexes/datetimes/test_construction.py,206,275,True,6eecc2c0cdc1a4e542552c089458d344
5064,/app/Repos/pandas/pandas/tests/generic/test_series.py,39,45,/app/Repos/pandas/pandas/tests/generic/test_series.py,54,67,True,cec4bb487460538290a99ab5530e4c00
5065,/app/Repos/pandas/pandas/tests/generic/test_series.py,45,54,/app/Repos/pandas/pandas/tests/generic/test_series.py,54,67,True,b53491f5f1ee8a41696959796021e96f
5066,/app/Repos/pandas/pandas/tests/sparse/series/test_series.py,693,733,/app/Repos/pandas/pandas/tests/sparse/series/test_series.py,694,704,True,e98e1dc3242ab28941e19b429c0797d1
5067,/app/Repos/pandas/pandas/tests/generic/test_generic.py,740,788,/app/Repos/pandas/pandas/tests/generic/test_generic.py,788,795,True,6c10cd2a2bb4bf3eff9142781ebcaacf
5068,/app/Repos/pandas/pandas/tests/indexing/test_loc.py,91,103,/app/Repos/pandas/pandas/tests/indexing/test_loc.py,218,257,True,23570638f6bc511b3528ce35668eb208
5069,/app/Repos/pandas/pandas/tests/indexing/test_loc.py,655,693,/app/Repos/pandas/pandas/tests/indexing/test_loc.py,669,677,True,3c06dd812e9d32f9e1ed4b1968b30cbb
5070,/app/Repos/pandas/pandas/tests/sparse/series/test_series.py,128,149,/app/Repos/pandas/pandas/tests/sparse/series/test_series.py,173,182,True,82eaf267abf2b85b6c000f73c7a591c5
5071,/app/Repos/pandas/pandas/tests/indexing/interval/test_interval.py,144,182,/app/Repos/pandas/pandas/tests/indexing/interval/test_interval.py,182,196,True,6c2781f805667e6d04f0897690409878
5072,/app/Repos/pandas/pandas/tests/indexing/test_indexing.py,585,596,/app/Repos/pandas/pandas/tests/indexing/test_indexing.py,621,629,True,4b4515d844ebe51fedd57402a2ea884c
5073,/app/Repos/pandas/pandas/plotting/_misc.py,275,366,/app/Repos/pandas/pandas/plotting/_misc.py,314,336,True,d16b31dfc81cbd7ae29b9fa695d4d42a
5074,/app/Repos/pandas/pandas/tests/indexing/test_indexing.py,596,613,/app/Repos/pandas/pandas/tests/indexing/test_indexing.py,621,629,True,b71aa7c43bda6e0b9cff87009a1488ac
5075,/app/Repos/pandas/pandas/tests/indexing/test_indexing.py,613,621,/app/Repos/pandas/pandas/tests/indexing/test_indexing.py,621,629,True,0edc1118eb02395046df0162a1967ecd
5076,/app/Repos/pandas/pandas/tests/indexing/test_loc.py,182,193,/app/Repos/pandas/pandas/tests/indexing/test_partial.py,223,322,True,5980ea47942704e816d4b8e5c7330443
5077,/app/Repos/pandas/pandas/tests/indexing/test_loc.py,446,458,/app/Repos/pandas/pandas/tests/indexing/test_partial.py,626,644,True,3917fb21b30ac4e5d1b807df65eef579
5078,/app/Repos/pandas/pandas/tests/sparse/series/test_series.py,573,619,/app/Repos/pandas/pandas/tests/sparse/series/test_series.py,575,582,True,02fbe633a4cdda4eba1e324cfb0e32d9
5079,/app/Repos/pandas/pandas/tests/scalar/timedelta/test_construction.py,156,170,/app/Repos/pandas/pandas/tests/scalar/timedelta/test_timedelta.py,17,24,True,2befa908c32b832246ddc84b0461e13d
5080,/app/Repos/pandas/pandas/tests/indexing/test_indexing.py,1011,1019,/app/Repos/pandas/pandas/tests/indexing/test_indexing.py,1019,1028,True,fc40fb91d05fd921b490bad067b4b007
5081,/app/Repos/pandas/pandas/tests/indexes/test_category.py,1104,1120,/app/Repos/pandas/pandas/tests/indexes/timedeltas/test_indexing.py,99,116,True,1903b23647dd638e0256fc185faf5514
5082,/app/Repos/pandas/pandas/tests/sparse/series/test_series.py,733,783,/app/Repos/pandas/pandas/tests/sparse/series/test_series.py,753,763,True,4ed78b0c4bd7e768a42bf240e9129c12
5083,/app/Repos/pandas/pandas/tests/sparse/series/test_series.py,1112,1118,/app/Repos/pandas/pandas/tests/sparse/series/test_series.py,1140,1146,True,fd8ef246a24031ecf898fbe4767e65e0
5084,/app/Repos/pandas/pandas/tests/sparse/series/test_series.py,1118,1126,/app/Repos/pandas/pandas/tests/sparse/series/test_series.py,1140,1146,True,0c83694210db799fab4453e92d7cbfe7
5085,/app/Repos/pandas/pandas/tests/sparse/series/test_series.py,1126,1134,/app/Repos/pandas/pandas/tests/sparse/series/test_series.py,1140,1146,True,616f6e6583dcf1f5d385f09d3d043019
5086,/app/Repos/pandas/pandas/tests/sparse/series/test_series.py,1134,1140,/app/Repos/pandas/pandas/tests/sparse/series/test_series.py,1140,1146,True,91890b3ecc4588ca1ad918562c2f78b5
5087,/app/Repos/pandas/pandas/tests/test_base.py,1004,1011,/app/Repos/pandas/pandas/tests/test_base.py,1018,1029,True,b95d6414a331cb8aceec23dea0ce29d5
5088,/app/Repos/pandas/pandas/tests/test_base.py,1011,1018,/app/Repos/pandas/pandas/tests/test_base.py,1018,1029,True,3f10a7e1044b2a8db43f35cffffa148e
4614,/app/Repos/pandas/pandas/tests/generic/test_generic.py,861,883,/app/Repos/pandas/pandas/tests/generic/test_generic.py,861,883,False,c7633cc5fbc636b9cd6812d88b6d5f3d
5089,/app/Repos/pandas/pandas/tests/sparse/series/test_series.py,1210,1232,/app/Repos/pandas/pandas/tests/sparse/series/test_series.py,1265,1278,True,afa784a6cf4a2722f7c9d8d2fd6c1148
5090,/app/Repos/pandas/pandas/tests/sparse/series/test_series.py,1232,1245,/app/Repos/pandas/pandas/tests/sparse/series/test_series.py,1265,1278,True,2db76249b19df7c76e48170902ae1bac
5091,/app/Repos/pandas/pandas/tests/sparse/series/test_series.py,1245,1265,/app/Repos/pandas/pandas/tests/sparse/series/test_series.py,1265,1278,True,f0a422d5fd2016db89842b9e7736c197
5092,/app/Repos/pandas/pandas/tests/indexes/datetimes/test_setops.py,36,57,/app/Repos/pandas/pandas/tests/indexes/period/test_setops.py,41,92,True,ad0f9321e14a7978c4164aeb93cfa97b
5093,/app/Repos/pandas/pandas/tests/sparse/series/test_series.py,1329,1345,/app/Repos/pandas/pandas/tests/sparse/series/test_series.py,1345,1366,True,9e2dfa57342c009be323ddf3fce86014
5094,/app/Repos/pandas/pandas/tests/generic/test_generic.py,549,583,/app/Repos/pandas/pandas/tests/test_base.py,993,1001,True,e5dfa9981cb77199a0a2c6c0fb6e1a2b
5095,/app/Repos/pandas/pandas/tests/sparse/series/test_series.py,516,548,/app/Repos/pandas/pandas/tests/sparse/series/test_series.py,517,531,True,0e21c6d22bba18fb61522d06e693dc77
5096,/app/Repos/pandas/pandas/tests/indexes/multi/test_constructor.py,95,111,/app/Repos/pandas/pandas/tests/indexes/multi/test_constructor.py,111,127,True,a6a4601fb217d4a19017f65414d92860
5097,/app/Repos/pandas/pandas/tests/indexes/test_numeric.py,26,51,/app/Repos/pandas/pandas/tests/indexes/test_numeric.py,51,57,True,17dfe8ababfaf8ccbf4a086de3b88ef9
5098,/app/Repos/pandas/pandas/tests/scalar/timestamp/test_timezones.py,174,185,/app/Repos/pandas/pandas/tests/scalar/timestamp/test_timezones.py,313,326,True,9ade14243f744fd2afcf98972c2a3e54
5099,/app/Repos/pandas/pandas/tests/sparse/frame/test_apply.py,19,29,/app/Repos/pandas/pandas/tests/sparse/frame/test_apply.py,19,29,True,df2b6ed1bb540c5330e2104e3f7e7562
5100,/app/Repos/pandas/pandas/tests/indexes/test_category.py,1007,1066,/app/Repos/pandas/pandas/tests/indexes/timedeltas/test_indexing.py,130,163,True,086c4aaa0511874fe4c358a14863b21b
5101,/app/Repos/pandas/pandas/tests/indexes/interval/test_interval_range.py,230,316,/app/Repos/pandas/pandas/tests/indexes/interval/test_interval_range.py,230,316,True,87ab5a9864ef65bc32192546b19ad963
5102,/app/Repos/pandas/pandas/tests/indexes/test_category.py,1066,1104,/app/Repos/pandas/pandas/tests/indexes/timedeltas/test_indexing.py,130,163,True,3220f2e09f6616f8d2847f5097d9ecda
5103,/app/Repos/pandas/pandas/tests/indexes/period/test_setops.py,41,92,/app/Repos/pandas/pandas/tests/indexes/period/test_setops.py,206,247,True,272ed4bf069dbd1c194e18940fae0090
5104,/app/Repos/pandas/pandas/tests/indexes/test_numeric.py,904,944,/app/Repos/pandas/pandas/tests/indexes/test_numeric.py,1058,1094,True,b8fd1ccc4b28acaef3f32828e8a5766a
5105,/app/Repos/pandas/pandas/plotting/_core.py,1983,2008,/app/Repos/pandas/pandas/plotting/_core.py,2732,2748,True,8b1d0c084a82d29782ccff3d5bd2771f
5106,/app/Repos/pandas/pandas/tests/indexes/datetimes/test_indexing.py,435,486,/app/Repos/pandas/pandas/tests/indexes/timedeltas/test_indexing.py,245,273,True,2318ee20f2cdc6448867b9b8720b1c5e
5107,/app/Repos/pandas/pandas/tests/indexes/multi/test_constructor.py,127,143,/app/Repos/pandas/pandas/tests/indexes/multi/test_constructor.py,196,216,True,9e0245a477e398589114e654ec9e8c6f
5108,/app/Repos/pandas/pandas/plotting/_core.py,1007,1019,/app/Repos/pandas/pandas/plotting/_core.py,1337,1352,True,f23f26563d6caf0fc649b9d08e06d8ef
5109,/app/Repos/pandas/pandas/tests/indexes/multi/test_constructor.py,143,157,/app/Repos/pandas/pandas/tests/indexes/multi/test_constructor.py,196,216,True,cd07cf7a5d032482021ece074c2b11fd
5110,/app/Repos/pandas/pandas/plotting/_core.py,1961,1983,/app/Repos/pandas/pandas/plotting/_core.py,2732,2748,True,fab9e95fe0f4bd76f2acf460cbf1d2b9
5111,/app/Repos/pandas/pandas/tests/indexes/multi/test_constructor.py,157,171,/app/Repos/pandas/pandas/tests/indexes/multi/test_constructor.py,196,216,True,5ed7e0a06a56e69b21829a5f45d30229
5112,/app/Repos/pandas/pandas/tests/indexes/datetimes/test_setops.py,138,193,/app/Repos/pandas/pandas/tests/indexes/period/test_setops.py,149,206,True,73717ef425e7289a51778b79c848ec0c
5113,/app/Repos/pandas/pandas/tests/indexes/datetimes/test_setops.py,193,202,/app/Repos/pandas/pandas/tests/indexes/period/test_setops.py,149,206,True,719c5da995f15413a2d77eef85495dcc
5114,/app/Repos/pandas/pandas/tests/indexes/test_numeric.py,667,704,/app/Repos/pandas/pandas/tests/indexes/test_numeric.py,1058,1094,True,661f35411a06bd9cd239ed7a8375d5bf
5115,/app/Repos/pandas/pandas/tests/indexes/multi/test_constructor.py,127,143,/app/Repos/pandas/pandas/tests/indexes/multi/test_constructor.py,171,196,True,b66495a917343affb3741b8c87c2eab5
5116,/app/Repos/pandas/pandas/tests/indexes/multi/test_constructor.py,143,157,/app/Repos/pandas/pandas/tests/indexes/multi/test_constructor.py,171,196,True,3e5213e673b3fcdd03c802d11362cc2f
5117,/app/Repos/pandas/pandas/tests/indexes/multi/test_constructor.py,157,171,/app/Repos/pandas/pandas/tests/indexes/multi/test_constructor.py,171,196,True,cc2e9f25177e95ef25fde637eb8a0d2c
5118,/app/Repos/pandas/pandas/tests/indexes/multi/test_constructor.py,216,238,/app/Repos/pandas/pandas/tests/indexes/multi/test_constructor.py,317,323,True,e4af5f55f73ec5b8c27571cd33ef732e
5119,/app/Repos/pandas/pandas/tests/indexes/multi/test_constructor.py,16,25,/app/Repos/pandas/pandas/tests/indexes/multi/test_constructor.py,317,323,True,614cf3868a071f73ca3eee2a96a3099b
5120,/app/Repos/pandas/pandas/plotting/_core.py,2841,2882,/app/Repos/pandas/pandas/plotting/_core.py,3274,3318,True,6ba7363c915a581421ae28908c301b00
5121,/app/Repos/pandas/pandas/tests/indexes/multi/test_reindex.py,52,77,/app/Repos/pandas/pandas/tests/indexes/multi/test_reindex.py,77,85,True,9acd70a4dbfab52e3b0bca06eb944488
5122,/app/Repos/pandas/pandas/tests/indexing/interval/test_interval.py,87,124,/app/Repos/pandas/pandas/tests/indexing/interval/test_interval.py,124,144,True,597db7bd24625fdb0e75d0b26a4bc925
5123,/app/Repos/pandas/pandas/tests/indexes/test_numeric.py,704,741,/app/Repos/pandas/pandas/tests/indexes/test_numeric.py,741,777,True,44a7db07a3d80b29b960794b3048c6d5
5124,/app/Repos/pandas/pandas/tests/indexes/test_numeric.py,804,842,/app/Repos/pandas/pandas/tests/indexes/test_numeric.py,1058,1094,True,505f96e71e5f65d5778dc4e06fc0e896
5125,/app/Repos/pandas/pandas/tests/indexes/datetimes/test_indexing.py,551,584,/app/Repos/pandas/pandas/tests/indexes/timedeltas/test_indexing.py,316,332,True,db224ded7406c2f9928f15fcbb847166
5126,/app/Repos/pandas/pandas/tests/indexes/test_category.py,1007,1066,/app/Repos/pandas/pandas/tests/indexes/test_numeric.py,530,559,True,a7e0e0470c5ae69f5ac257a14782be06
5127,/app/Repos/pandas/pandas/tests/indexes/datetimes/test_scalar_compat.py,238,245,/app/Repos/pandas/pandas/tests/indexes/datetimes/test_scalar_compat.py,245,252,True,33fefa85c5ccb795d67635629525df04
5128,/app/Repos/pandas/pandas/tests/indexes/datetimes/test_scalar_compat.py,238,245,/app/Repos/pandas/pandas/tests/indexes/datetimes/test_scalar_compat.py,252,259,True,f30fc5b324f863161e89625ded827de1
5129,/app/Repos/pandas/pandas/tests/indexes/datetimes/test_scalar_compat.py,245,252,/app/Repos/pandas/pandas/tests/indexes/datetimes/test_scalar_compat.py,252,259,True,5d9030397e35eebdc7aa9ba0ab03600a
5130,/app/Repos/pandas/pandas/tests/indexes/test_numeric.py,530,559,/app/Repos/pandas/pandas/tests/indexes/test_numeric.py,530,559,True,0e63615b9867d0d33102e566396be3a2
5131,/app/Repos/pandas/pandas/tests/indexes/datetimes/test_scalar_compat.py,238,245,/app/Repos/pandas/pandas/tests/indexes/datetimes/test_scalar_compat.py,259,266,True,f9ea8297141ab66988464cdf619acacf
5132,/app/Repos/pandas/pandas/tests/indexes/datetimes/test_scalar_compat.py,245,252,/app/Repos/pandas/pandas/tests/indexes/datetimes/test_scalar_compat.py,259,266,True,a8653dfe39664700b937d2ce185c3c0c
5133,/app/Repos/pandas/pandas/tests/indexes/datetimes/test_scalar_compat.py,252,259,/app/Repos/pandas/pandas/tests/indexes/datetimes/test_scalar_compat.py,259,266,True,3744778977a7441271ca9958de666777
5134,/app/Repos/pandas/pandas/tests/indexes/datetimes/test_scalar_compat.py,238,245,/app/Repos/pandas/pandas/tests/indexes/datetimes/test_scalar_compat.py,266,272,True,3cc4f7c83cfbce23c5a1eeb6f34ebb34
5135,/app/Repos/pandas/pandas/tests/indexes/datetimes/test_scalar_compat.py,245,252,/app/Repos/pandas/pandas/tests/indexes/datetimes/test_scalar_compat.py,266,272,True,9efdcbd3fc7d0c0f66f4766a66c273cf
5136,/app/Repos/pandas/pandas/tests/indexes/datetimes/test_scalar_compat.py,252,259,/app/Repos/pandas/pandas/tests/indexes/datetimes/test_scalar_compat.py,266,272,True,0f7e13cb5868154a87f5dd6365db41dd
5137,/app/Repos/pandas/pandas/tests/indexes/datetimes/test_scalar_compat.py,259,266,/app/Repos/pandas/pandas/tests/indexes/datetimes/test_scalar_compat.py,266,272,True,55e1098caf16743158948092c1a6f3dd
5138,/app/Repos/pandas/pandas/tests/indexes/test_numeric.py,704,741,/app/Repos/pandas/pandas/tests/indexes/test_numeric.py,944,986,True,6e8dcb932ea765fab54a5eb4dc433b58
5139,/app/Repos/pandas/pandas/tests/indexes/test_numeric.py,375,404,/app/Repos/pandas/pandas/tests/indexes/test_numeric.py,530,559,True,8f54c86f685c4b5e074da891e37fead3
5140,/app/Repos/pandas/pandas/tests/indexes/test_category.py,1066,1104,/app/Repos/pandas/pandas/tests/indexes/test_numeric.py,530,559,True,aa0f2256053220c17e100ca68b111b26
5141,/app/Repos/pandas/pandas/tests/indexing/test_callable.py,182,214,/app/Repos/pandas/pandas/tests/indexing/test_callable.py,214,269,True,dc175dd02b472e4b869d78b2b3098bf8
5142,/app/Repos/pandas/pandas/tests/indexes/test_numeric.py,741,777,/app/Repos/pandas/pandas/tests/indexes/test_numeric.py,944,986,True,25eec9e50f8b7245290e0e293c3b65d2
5143,/app/Repos/pandas/pandas/tests/indexes/datetimes/test_setops.py,230,246,/app/Repos/pandas/pandas/tests/indexes/period/test_period.py,75,93,True,1bfacd2d28d40c377bac13279deade60
5144,/app/Repos/pandas/pandas/tests/indexes/period/test_period.py,75,93,/app/Repos/pandas/pandas/tests/indexes/period/test_period.py,75,93,True,c0fb1480406870d35bb8f961326bf02d
5145,/app/Repos/pandas/pandas/tests/indexing/interval/test_interval.py,182,196,/app/Repos/pandas/pandas/tests/indexing/interval/test_interval.py,196,217,True,588b37c66b503a8f1fbcb5e395e73c29
5146,/app/Repos/pandas/pandas/tests/indexing/interval/test_interval.py,144,182,/app/Repos/pandas/pandas/tests/indexing/interval/test_interval.py,196,217,True,2b948db9bd2b9e459eeda70b8c5a25c7
5147,/app/Repos/pandas/pandas/tests/indexes/timedeltas/test_setops.py,43,54,/app/Repos/pandas/pandas/tests/indexes/timedeltas/test_setops.py,54,63,True,9ca6c2d70375d577b37a13f830ce6725
5148,/app/Repos/pandas/pandas/tests/indexes/period/test_astype.py,44,65,/app/Repos/pandas/pandas/tests/indexes/period/test_period.py,122,140,True,2b0d2f9ece0612c73986a87d10f99dd5
5149,/app/Repos/pandas/pandas/plotting/_misc.py,275,366,/app/Repos/pandas/pandas/plotting/_misc.py,315,334,True,5360adead1f238c38e87132f46032ef0
5150,/app/Repos/pandas/pandas/plotting/_misc.py,314,336,/app/Repos/pandas/pandas/plotting/_misc.py,315,334,True,6d5f81eacb770552c90b8675ba5240eb
5151,/app/Repos/pandas/pandas/tests/indexes/period/test_astype.py,44,65,/app/Repos/pandas/pandas/tests/indexes/period/test_period.py,140,166,True,eea0449a687be27c8ca52891e2d060bf
5152,/app/Repos/pandas/pandas/tests/indexes/datetimes/test_setops.py,309,341,/app/Repos/pandas/pandas/tests/indexes/datetimes/test_setops.py,451,483,True,50f9d46f05e5760d3f7d2d7405679a47
5153,/app/Repos/pandas/pandas/tests/indexes/test_numeric.py,667,704,/app/Repos/pandas/pandas/tests/indexes/test_numeric.py,904,944,True,5c430fffaa9e6043e74f3ad11ba17423
5154,/app/Repos/pandas/pandas/tests/indexes/period/test_period.py,122,140,/app/Repos/pandas/pandas/tests/indexes/period/test_period.py,140,166,True,487dd1991cd27fa92342fcccd169b188
5155,/app/Repos/pandas/pandas/tests/indexes/datetimes/test_setops.py,278,309,/app/Repos/pandas/pandas/tests/indexes/datetimes/test_setops.py,451,483,True,5841d70e7d5cf7243483cb49d11b3690
5156,/app/Repos/pandas/pandas/tests/indexes/multi/test_drop.py,67,85,/app/Repos/pandas/pandas/tests/indexes/multi/test_drop.py,85,107,True,074614ef19921d826255b1c38cfcd4be
5157,/app/Repos/pandas/pandas/tests/indexes/datetimes/test_setops.py,420,451,/app/Repos/pandas/pandas/tests/indexes/datetimes/test_setops.py,451,483,True,8a57bd7cb9cfafa5b077d0ce6691c38c
5158,/app/Repos/pandas/pandas/tests/indexing/test_loc.py,133,155,/app/Repos/pandas/pandas/tests/indexing/test_loc.py,200,209,True,3f8e7eb8a7bac181e1034e8d5cc6b6fb
5159,/app/Repos/pandas/pandas/tests/indexing/test_loc.py,91,103,/app/Repos/pandas/pandas/tests/indexing/test_loc.py,200,209,True,771f69b472d5a188a9d65bbc4831e8cf
5160,/app/Repos/pandas/pandas/tests/test_window.py,371,396,/app/Repos/pandas/pandas/tests/test_window.py,431,459,True,694bb1bbb0275d43b3a2f3de03209c14
5161,/app/Repos/pandas/pandas/tests/test_window.py,396,405,/app/Repos/pandas/pandas/tests/test_window.py,431,459,True,fb49b4efd7494c177e1f78ae62ce6b71
4746,/app/Repos/pandas/pandas/tests/indexes/datetimes/test_astype.py,166,176,/app/Repos/pandas/pandas/tests/indexes/datetimes/test_astype.py,166,176,False,fc6bac523170b75497e2fcdf3b6d1b63
5162,/app/Repos/pandas/pandas/tests/indexes/test_numeric.py,804,842,/app/Repos/pandas/pandas/tests/indexes/test_numeric.py,904,944,True,699e7a0c600ae13f46510e7f284299a3
5163,/app/Repos/pandas/pandas/tests/indexes/datetimes/test_scalar_compat.py,17,23,/app/Repos/pandas/pandas/tests/indexes/datetimes/test_scalar_compat.py,23,29,True,4d174cce1841f7697e8a827077bd85f8
5164,/app/Repos/pandas/pandas/tests/indexes/datetimes/test_astype.py,176,193,/app/Repos/pandas/pandas/tests/indexes/datetimes/test_astype.py,177,185,True,d37786ea711f2c6d6fd104bf10e70554
5165,/app/Repos/pandas/pandas/tests/indexes/datetimes/test_astype.py,176,193,/app/Repos/pandas/pandas/tests/indexes/datetimes/test_astype.py,193,211,True,87db807a423d61f465cec862fa1673dd
5166,/app/Repos/pandas/pandas/tests/indexes/datetimes/test_astype.py,177,185,/app/Repos/pandas/pandas/tests/indexes/datetimes/test_astype.py,193,211,True,8c9f78cec8b502b301710b075236bd4b
5167,/app/Repos/pandas/pandas/tests/indexes/period/test_period.py,297,326,/app/Repos/pandas/pandas/tests/indexes/period/test_period.py,297,326,True,59e2d6a03f84ed8659016c49a831570e
5168,/app/Repos/pandas/pandas/tests/indexes/datetimes/test_astype.py,176,193,/app/Repos/pandas/pandas/tests/indexes/datetimes/test_astype.py,194,202,True,c5e886aea527bf35f642f3b994e25b80
5169,/app/Repos/pandas/pandas/tests/indexes/datetimes/test_astype.py,177,185,/app/Repos/pandas/pandas/tests/indexes/datetimes/test_astype.py,194,202,True,8ff857c29894cecf0c013a1ee28a7ab9
5170,/app/Repos/pandas/pandas/tests/indexes/datetimes/test_astype.py,193,211,/app/Repos/pandas/pandas/tests/indexes/datetimes/test_astype.py,194,202,True,f398cfd834adac2f47b74b798a618da3
5171,/app/Repos/pandas/pandas/tests/test_window.py,521,543,/app/Repos/pandas/pandas/tests/test_window.py,555,575,True,d42a7d8aabdbc7db20177eeb9b81bbdf
5172,/app/Repos/pandas/pandas/tests/indexes/datetimes/test_astype.py,176,193,/app/Repos/pandas/pandas/tests/indexes/datetimes/test_astype.py,211,229,True,8847c03e125aaf48bc57283348c25616
5173,/app/Repos/pandas/pandas/tests/indexes/datetimes/test_astype.py,193,211,/app/Repos/pandas/pandas/tests/indexes/datetimes/test_astype.py,211,229,True,fd7178274e394fbfbc4001d39b098ecc
5174,/app/Repos/pandas/pandas/tests/indexes/datetimes/test_astype.py,177,185,/app/Repos/pandas/pandas/tests/indexes/datetimes/test_astype.py,211,229,True,4ffca8900b422daafdfdd92cb6c7891d
5175,/app/Repos/pandas/pandas/tests/indexes/datetimes/test_astype.py,194,202,/app/Repos/pandas/pandas/tests/indexes/datetimes/test_astype.py,211,229,True,c0138404c5dc6b2bc2cab24b1680eb42
5176,/app/Repos/pandas/pandas/tests/indexes/datetimes/test_astype.py,176,193,/app/Repos/pandas/pandas/tests/indexes/datetimes/test_astype.py,212,220,True,b007d76c3ec4b0bc8ce1dc035fe534f8
5177,/app/Repos/pandas/pandas/tests/indexes/datetimes/test_astype.py,177,185,/app/Repos/pandas/pandas/tests/indexes/datetimes/test_astype.py,212,220,True,ed9d48a18099243c0710dc32bb9f327c
5178,/app/Repos/pandas/pandas/tests/indexes/datetimes/test_astype.py,193,211,/app/Repos/pandas/pandas/tests/indexes/datetimes/test_astype.py,212,220,True,c00e80d5e81c5bc0191a1952f04dad89
5179,/app/Repos/pandas/pandas/tests/indexes/datetimes/test_astype.py,194,202,/app/Repos/pandas/pandas/tests/indexes/datetimes/test_astype.py,212,220,True,189330e0d56910a81a5ff3c5b25f57db
5180,/app/Repos/pandas/pandas/tests/indexes/datetimes/test_astype.py,211,229,/app/Repos/pandas/pandas/tests/indexes/datetimes/test_astype.py,212,220,True,e2058de4d2a836608b4f0cd39c98d60c
5181,/app/Repos/pandas/pandas/tests/test_window.py,575,589,/app/Repos/pandas/pandas/tests/test_window.py,675,696,True,b15d345776f3757d849af3814f22353c
5182,/app/Repos/pandas/pandas/tests/indexes/datetimes/test_astype.py,247,257,/app/Repos/pandas/pandas/tests/indexes/datetimes/test_astype.py,257,267,True,77d1242fa9244fd7574aed2999f7d784
5183,/app/Repos/pandas/pandas/tests/test_window.py,856,869,/app/Repos/pandas/pandas/tests/test_window.py,952,964,True,f14051a4aedc79e55402ee14fba81e1e
5184,/app/Repos/pandas/pandas/tests/indexing/test_indexing.py,585,596,/app/Repos/pandas/pandas/tests/indexing/test_indexing.py,596,613,True,a78ad03a8be370c4334392848f92a234
5185,/app/Repos/pandas/pandas/tests/test_window.py,1255,1281,/app/Repos/pandas/pandas/tests/test_window.py,1258,1275,True,328837bc6454c326d6866de197dc5c4c
5186,/app/Repos/pandas/pandas/tests/arithmetic/test_numeric.py,427,442,/app/Repos/pandas/pandas/tests/indexes/test_range.py,187,247,True,afb28678fdd0dc4ca91109d1f2766256
5187,/app/Repos/pandas/pandas/tests/indexes/datetimes/test_tools.py,59,100,/app/Repos/pandas/pandas/tests/indexes/datetimes/test_tools.py,100,116,True,68400b9c07fb43d8147bb3a2c4f3e3d4
5188,/app/Repos/pandas/pandas/tests/indexing/test_indexing.py,1079,1094,/app/Repos/pandas/pandas/tests/indexing/test_indexing.py,1094,1105,True,4601c5520bcebf68383d56f960c7935e
5189,/app/Repos/pandas/pandas/tests/indexes/test_numeric.py,93,101,/app/Repos/pandas/pandas/tests/indexes/test_range.py,290,304,True,94bd8bb255d32339aeb2189bb08e6202
4776,/app/Repos/pandas/pandas/tests/indexes/datetimes/test_ops.py,22,29,/app/Repos/pandas/pandas/tests/indexes/datetimes/test_ops.py,22,29,False,6a1c2fcd85aff1f2b2bcb635e06a6ca8
5190,/app/Repos/pandas/pandas/tests/test_window.py,1992,2044,/app/Repos/pandas/pandas/tests/test_window.py,2020,2031,True,0968727153ea3bf669f6856a5180f085
5191,/app/Repos/pandas/pandas/tests/indexes/datetimes/test_ops.py,67,79,/app/Repos/pandas/pandas/tests/indexes/datetimes/test_ops.py,67,79,True,45b61bf8d776480e13cd7b3687474b90
5192,/app/Repos/pandas/pandas/tests/test_window.py,2695,2713,/app/Repos/pandas/pandas/tests/test_window.py,2743,2755,True,86e21d8c5f3b84c4dd6b4551db9f8116
5193,/app/Repos/pandas/pandas/tests/test_window.py,2713,2731,/app/Repos/pandas/pandas/tests/test_window.py,2743,2755,True,30cd317acd909a6b411c312041fb561a
5194,/app/Repos/pandas/pandas/tests/test_window.py,2731,2743,/app/Repos/pandas/pandas/tests/test_window.py,2743,2755,True,a45310e22d75d46dd03b8a7d817c922a
4778,/app/Repos/pandas/pandas/tests/indexes/datetimes/test_ops.py,79,98,/app/Repos/pandas/pandas/tests/indexes/datetimes/test_ops.py,79,98,False,175f1fc94de83b2cd06567ebd2f0aa21
5195,/app/Repos/pandas/pandas/tests/test_window.py,2968,2989,/app/Repos/pandas/pandas/tests/test_window.py,2989,3010,True,07a634937446be1fa15cba1f64c30bc4
5196,/app/Repos/pandas/pandas/tests/test_base.py,1071,1089,/app/Repos/pandas/pandas/tests/test_base.py,1141,1155,True,718fde0ed7e3af97d80740c23e57d8cb
5197,/app/Repos/pandas/pandas/tests/test_base.py,1089,1113,/app/Repos/pandas/pandas/tests/test_base.py,1141,1155,True,f77e85db918bb209b3ffe824b2a64f23
4779,/app/Repos/pandas/pandas/tests/indexes/datetimes/test_ops.py,98,130,/app/Repos/pandas/pandas/tests/indexes/datetimes/test_ops.py,98,130,False,7ede009ca6868127eb220483f7578c1e
5198,/app/Repos/pandas/pandas/tests/indexes/datetimes/test_tools.py,129,148,/app/Repos/pandas/pandas/tests/indexes/datetimes/test_tools.py,176,185,True,48ff09babf29ce707db90059496a7eb1
5199,/app/Repos/pandas/pandas/tests/test_window.py,3251,3270,/app/Repos/pandas/pandas/tests/test_window.py,3289,3299,True,cb75cbe6074c2affc0b5100ec9f51600
5200,/app/Repos/pandas/pandas/tests/indexes/multi/test_reshape.py,112,127,/app/Repos/pandas/pandas/tests/indexes/test_range.py,304,321,True,bf953b393a041d95d23c221a5c62ef9d
5201,/app/Repos/pandas/pandas/tests/indexes/test_numeric.py,406,419,/app/Repos/pandas/pandas/tests/indexes/test_range.py,321,334,True,c9cd41758ee04aed921749e9b6271935
5202,/app/Repos/pandas/pandas/tests/indexes/test_numeric.py,419,438,/app/Repos/pandas/pandas/tests/indexes/test_range.py,337,371,True,c62e4b1acb74c8f02a6c797f2b78bdc6
5203,/app/Repos/pandas/pandas/tests/test_window.py,3623,3666,/app/Repos/pandas/pandas/tests/test_window.py,3751,3764,True,8e744bcbc86c6ad30571c6f72fd11fc0
5204,/app/Repos/pandas/pandas/tests/test_window.py,3666,3679,/app/Repos/pandas/pandas/tests/test_window.py,3751,3764,True,dce35213a1bcea4cb60ec6f7d54183a5
5205,/app/Repos/pandas/pandas/tests/test_window.py,3679,3692,/app/Repos/pandas/pandas/tests/test_window.py,3751,3764,True,0c9f10bfcc67fc11ec242942a9686367
5206,/app/Repos/pandas/pandas/tests/indexes/test_numeric.py,438,453,/app/Repos/pandas/pandas/tests/indexes/test_range.py,337,371,True,0b1d433e88ab0806d20711d59cc07917
5207,/app/Repos/pandas/pandas/tests/test_window.py,3692,3705,/app/Repos/pandas/pandas/tests/test_window.py,3751,3764,True,878e65ff64734f4ae549fbdd846bfa0d
4781,/app/Repos/pandas/pandas/tests/indexes/datetimes/test_ops.py,164,204,/app/Repos/pandas/pandas/tests/indexes/datetimes/test_ops.py,164,204,False,d368320f6dec3c0dbf8d4f47b9eb55c6
5208,/app/Repos/pandas/pandas/tests/test_window.py,3705,3728,/app/Repos/pandas/pandas/tests/test_window.py,3751,3764,True,3d3b979874715f3f7647b86f3f0a86dd
5209,/app/Repos/pandas/pandas/tests/indexes/datetimes/test_ops.py,204,211,/app/Repos/pandas/pandas/tests/indexes/datetimes/test_ops.py,204,211,True,a9fd9ba56a76bc8b2bc56aad160aac14
5210,/app/Repos/pandas/pandas/tests/test_window.py,3728,3751,/app/Repos/pandas/pandas/tests/test_window.py,3751,3764,True,355c64f54e0ec73b27ccec6904b7f585
5211,/app/Repos/pandas/pandas/tests/indexes/test_numeric.py,458,476,/app/Repos/pandas/pandas/tests/indexes/test_range.py,385,407,True,4347f44f646c4c630dca8017f699ddf8
5212,/app/Repos/pandas/pandas/tests/indexes/test_numeric.py,639,655,/app/Repos/pandas/pandas/tests/indexes/test_range.py,407,413,True,fcad73b4c01617a6c24cd2051b4a0018
5213,/app/Repos/pandas/pandas/tests/indexes/test_numeric.py,873,892,/app/Repos/pandas/pandas/tests/indexes/test_range.py,407,413,True,1c3586e8f9cf9898f575dbaa1ad2da99
5214,/app/Repos/pandas/pandas/tests/scalar/timestamp/test_timezones.py,77,95,/app/Repos/pandas/pandas/tests/scalar/timestamp/test_timezones.py,102,111,True,7d838195d5c0a717697baad7219736e1
5215,/app/Repos/pandas/pandas/tests/indexes/test_numeric.py,804,842,/app/Repos/pandas/pandas/tests/indexes/test_range.py,407,413,True,6783837a467e88bc06121ae845cf2efc
5216,/app/Repos/pandas/pandas/tests/arithmetic/test_numeric.py,281,291,/app/Repos/pandas/pandas/tests/arithmetic/test_numeric.py,332,344,True,5feb5b3e953353cbe0807f8322c7ab37
5217,/app/Repos/pandas/pandas/tests/indexes/test_range.py,407,413,/app/Repos/pandas/pandas/tests/indexes/test_range.py,413,419,True,5aa773f4984446e0ac684d10d907a31f
5218,/app/Repos/pandas/pandas/tests/indexes/test_numeric.py,639,655,/app/Repos/pandas/pandas/tests/indexes/test_range.py,413,419,True,b4328b6f3cea1b5905b4fc2716ecc51a
5219,/app/Repos/pandas/pandas/tests/arithmetic/test_numeric.py,291,305,/app/Repos/pandas/pandas/tests/arithmetic/test_numeric.py,332,344,True,a9121eca564592c9847d483d0db82a53
5220,/app/Repos/pandas/pandas/tests/indexes/test_numeric.py,873,892,/app/Repos/pandas/pandas/tests/indexes/test_range.py,413,419,True,4a9331a35f9b06b0f6e568d8163e383e
4783,/app/Repos/pandas/pandas/tests/indexes/datetimes/test_ops.py,211,251,/app/Repos/pandas/pandas/tests/indexes/datetimes/test_ops.py,211,251,False,2472110fab42816dee42f6d3b09617ca
5221,/app/Repos/pandas/pandas/tests/arithmetic/test_numeric.py,530,542,/app/Repos/pandas/pandas/tests/arithmetic/test_numeric.py,542,554,True,1b867a84c8bac7592194ff8aaf2bca73
5222,/app/Repos/pandas/pandas/tests/arithmetic/test_numeric.py,519,530,/app/Repos/pandas/pandas/tests/arithmetic/test_numeric.py,542,554,True,a2d7cb52f1fc7ca6b810890014cbb069
5223,/app/Repos/pandas/pandas/tests/indexes/test_range.py,407,413,/app/Repos/pandas/pandas/tests/indexes/test_range.py,419,425,True,878c7c7e50f1a691c810652535d8e7b2
5224,/app/Repos/pandas/pandas/tests/indexes/test_range.py,413,419,/app/Repos/pandas/pandas/tests/indexes/test_range.py,419,425,True,7c17bb6f9f6df0da075beaefceceaba3
5225,/app/Repos/pandas/pandas/tests/indexes/test_numeric.py,639,655,/app/Repos/pandas/pandas/tests/indexes/test_range.py,419,425,True,35397adacd5db5fd4ab527ee317ccc44
5226,/app/Repos/pandas/pandas/tests/indexes/test_numeric.py,873,892,/app/Repos/pandas/pandas/tests/indexes/test_range.py,419,425,True,d605ac74ab767be30362d3f9c6942289
5227,/app/Repos/pandas/pandas/tests/indexes/datetimes/test_setops.py,103,114,/app/Repos/pandas/pandas/tests/indexes/period/test_setops.py,116,127,True,98f4ae11242f2529e421429babb074dd
4798,/app/Repos/pandas/pandas/tests/indexes/datetimes/test_ops.py,296,309,/app/Repos/pandas/pandas/tests/indexes/datetimes/test_ops.py,296,309,False,50d18080ad26f8dc2b3557db32570208
4802,/app/Repos/pandas/pandas/tests/indexes/datetimes/test_ops.py,309,330,/app/Repos/pandas/pandas/tests/indexes/datetimes/test_ops.py,309,330,False,49bcd62aa5fe5a6f108c2ec5eb54c386
5228,/app/Repos/pandas/pandas/tests/arithmetic/test_numeric.py,718,762,/app/Repos/pandas/pandas/tests/arithmetic/test_numeric.py,751,758,True,39d9dad1ffb8809bd27c9e18e951a2b2
5229,/app/Repos/pandas/pandas/tests/indexes/datetimes/test_ops.py,330,341,/app/Repos/pandas/pandas/tests/indexes/datetimes/test_ops.py,330,341,True,6b5f11c5bdbc93b564621f0952bad696
5230,/app/Repos/pandas/pandas/tests/indexes/multi/test_constructor.py,127,143,/app/Repos/pandas/pandas/tests/indexes/multi/test_constructor.py,143,157,True,eadf16366b22aede1ce80b9401c3240c
4804,/app/Repos/pandas/pandas/tests/indexes/datetimes/test_ops.py,341,362,/app/Repos/pandas/pandas/tests/indexes/datetimes/test_ops.py,341,362,False,d7f020d2c82394c4ff98efa54a2c97ea
5231,/app/Repos/pandas/pandas/plotting/_style.py,113,120,/app/Repos/pandas/pandas/plotting/_style.py,124,131,True,40654144355b90b4241ee47b110a81a2
5232,/app/Repos/pandas/pandas/tests/indexes/multi/test_constructor.py,267,281,/app/Repos/pandas/pandas/tests/indexes/multi/test_constructor.py,281,297,True,dfcf0bc95a8c1962f1ee5a7ac63da71d
5233,/app/Repos/pandas/pandas/tests/indexes/test_numeric.py,804,842,/app/Repos/pandas/pandas/tests/indexes/test_range.py,425,461,True,8c444b5bc733bbb6f191a433d4f9ec8d
4807,/app/Repos/pandas/pandas/tests/indexes/datetimes/test_ops.py,362,392,/app/Repos/pandas/pandas/tests/indexes/datetimes/test_ops.py,362,392,False,2bfc22f8faf6a8b067d71f3374bab104
5234,/app/Repos/pandas/pandas/tests/indexes/datetimes/test_tools.py,445,453,/app/Repos/pandas/pandas/tests/indexes/datetimes/test_tools.py,453,462,True,f3ee120c6a29b46530174cc28910584f
4807,/app/Repos/pandas/pandas/tests/indexes/datetimes/test_ops.py,362,392,/app/Repos/pandas/pandas/tests/indexes/datetimes/test_ops.py,362,392,False,2bfc22f8faf6a8b067d71f3374bab104
5235,/app/Repos/pandas/pandas/tests/indexes/datetimes/test_ops.py,392,410,/app/Repos/pandas/pandas/tests/indexes/datetimes/test_ops.py,392,410,True,b6246de39bdea67dfbc9fb99c4d4aad4
5236,/app/Repos/pandas/pandas/tests/indexes/test_category.py,314,328,/app/Repos/pandas/pandas/tests/indexes/test_numeric.py,81,93,True,4c714a9ff9a7c988af77e11c80247a22
5237,/app/Repos/pandas/pandas/tests/indexes/datetimes/test_ops.py,410,424,/app/Repos/pandas/pandas/tests/indexes/datetimes/test_ops.py,410,424,True,f5214cbe2b6ac6f9cefb3b6bc574d5d1
5238,/app/Repos/pandas/pandas/tests/indexes/datetimes/test_ops.py,458,475,/app/Repos/pandas/pandas/tests/indexes/datetimes/test_ops.py,512,532,True,4e1d14953658cb200e8d91eef19440b9
5239,/app/Repos/pandas/pandas/tests/indexes/datetimes/test_tools.py,401,416,/app/Repos/pandas/pandas/tests/indexes/datetimes/test_tools.py,473,510,True,53720b72aadb4b1517dc8c2938661c87
5240,/app/Repos/pandas/pandas/tests/indexes/timedeltas/test_formats.py,10,38,/app/Repos/pandas/pandas/tests/indexes/timedeltas/test_formats.py,38,70,True,9ff7734606e94b1d1dec95dbe447ea47
5241,/app/Repos/pandas/pandas/tests/tslibs/test_conversion.py,12,19,/app/Repos/pandas/pandas/tests/tslibs/test_conversion.py,19,26,True,d5e94500532519e722f06bb6508cecb0
5242,/app/Repos/pandas/pandas/tests/indexes/datetimes/test_construction.py,64,134,/app/Repos/pandas/pandas/tests/indexes/datetimes/test_construction.py,134,206,True,1ac93c16165db53da26ad4848cdf0d01
5243,/app/Repos/pandas/pandas/tests/indexes/timedeltas/test_formats.py,38,70,/app/Repos/pandas/pandas/tests/indexes/timedeltas/test_formats.py,70,97,True,821524024034ae618cddacfab592ad80
5244,/app/Repos/pandas/pandas/tests/indexes/timedeltas/test_formats.py,10,38,/app/Repos/pandas/pandas/tests/indexes/timedeltas/test_formats.py,70,97,True,63de8430ee7dab682100056a87de5d36
5245,/app/Repos/pandas/pandas/tests/indexes/datetimes/test_tools.py,544,561,/app/Repos/pandas/pandas/tests/indexes/datetimes/test_tools.py,561,571,True,d4104575707f9c6f59239015f11e3d3b
5246,/app/Repos/pandas/pandas/tests/indexes/test_numeric.py,639,655,/app/Repos/pandas/pandas/tests/indexes/test_numeric.py,873,892,True,bd8b02c6f3db83af18a4ab3ae8627f47
5247,/app/Repos/pandas/pandas/tests/sparse/series/test_series.py,1383,1400,/app/Repos/pandas/pandas/tests/sparse/series/test_series.py,1400,1418,True,556e8d5c82bd4886b9e03334d586fafe
5248,/app/Repos/pandas/pandas/tests/generic/test_generic.py,979,989,/app/Repos/pandas/pandas/tests/generic/test_generic.py,989,998,True,aa7736dedfd37e87dfa7eccb015a74b3
5249,/app/Repos/pandas/pandas/tests/sparse/series/test_series.py,439,469,/app/Repos/pandas/pandas/tests/sparse/series/test_series.py,440,454,True,c991595df0e295d800eace027eda2adf
4822,/app/Repos/pandas/pandas/tests/indexes/period/test_partial_slicing.py,21,26,/app/Repos/pandas/pandas/tests/indexes/period/test_partial_slicing.py,21,26,False,b58742231d1de1ef8640f421fbad2cc9
4822,/app/Repos/pandas/pandas/tests/indexes/period/test_partial_slicing.py,21,26,/app/Repos/pandas/pandas/tests/indexes/period/test_partial_slicing.py,21,26,False,b58742231d1de1ef8640f421fbad2cc9
5250,/app/Repos/pandas/pandas/tests/indexes/period/test_partial_slicing.py,16,42,/app/Repos/pandas/pandas/tests/indexes/period/test_partial_slicing.py,21,26,True,47f225e463ae49dc89bef4c22648c3e9
5251,/app/Repos/pandas/pandas/tests/indexes/test_numeric.py,667,704,/app/Repos/pandas/pandas/tests/indexes/test_range.py,461,494,True,244efb2c651038fed202ec0d8dd52de7
5252,/app/Repos/pandas/pandas/tests/indexes/test_range.py,425,461,/app/Repos/pandas/pandas/tests/indexes/test_range.py,461,494,True,68b50c371c6ecbdf2ac3a6fe48b623db
5253,/app/Repos/pandas/pandas/plotting/_core.py,859,869,/app/Repos/pandas/pandas/plotting/_core.py,920,926,True,35a6ee556fd2f015f36c3432f3838738
5254,/app/Repos/pandas/pandas/plotting/_core.py,1060,1078,/app/Repos/pandas/pandas/plotting/_core.py,1078,1087,True,973779e9b03a3b428fe6fcb4b471c388
5255,/app/Repos/pandas/pandas/tests/indexes/test_numeric.py,804,842,/app/Repos/pandas/pandas/tests/indexes/test_range.py,461,494,True,c6dee88d55d6ac0eeec4d4a86a8c06af
5256,/app/Repos/pandas/pandas/tests/indexes/test_numeric.py,904,944,/app/Repos/pandas/pandas/tests/indexes/test_range.py,461,494,True,9f529d9e81e18e5f83ec2da59c9b891f
5257,/app/Repos/pandas/pandas/tests/indexes/datetimes/test_indexing.py,486,551,/app/Repos/pandas/pandas/tests/indexes/timedeltas/test_indexing.py,273,308,True,b2b7a6b6c06fb00493fbc275e7150993
5258,/app/Repos/pandas/pandas/plotting/_core.py,1961,1983,/app/Repos/pandas/pandas/plotting/_core.py,1983,2008,True,23dc07183ad144622070ba477eef3570
5259,/app/Repos/pandas/pandas/tests/sparse/series/test_series.py,1112,1118,/app/Repos/pandas/pandas/tests/sparse/series/test_series.py,1134,1140,True,6183a0272caa4462a7369cedf0c60470
5260,/app/Repos/pandas/pandas/tests/sparse/series/test_series.py,1118,1126,/app/Repos/pandas/pandas/tests/sparse/series/test_series.py,1134,1140,True,d5db7da3b9b21497d9f8cfd0af61ecb6
5261,/app/Repos/pandas/pandas/tests/indexes/datetimes/test_tools.py,33,59,/app/Repos/pandas/pandas/tests/indexes/datetimes/test_tools.py,770,778,True,298ce4ba41edf908bb270d1fe447c555
5262,/app/Repos/pandas/pandas/tests/indexing/test_loc.py,103,116,/app/Repos/pandas/pandas/tests/indexing/test_loc.py,328,368,True,fe9de0fe621779a4d9bbdf64d3d779b1
5263,/app/Repos/pandas/pandas/tests/indexes/datetimes/test_tools.py,59,100,/app/Repos/pandas/pandas/tests/indexes/datetimes/test_tools.py,770,778,True,e84f277b997dfe8d9e648a4eaa7d6a83
5264,/app/Repos/pandas/pandas/tests/indexes/datetimes/test_misc.py,17,26,/app/Repos/pandas/pandas/tests/indexes/datetimes/test_misc.py,17,26,True,63a5ea6b47df9db6c2a38e4e9a580c19
5265,/app/Repos/pandas/pandas/tests/indexes/test_numeric.py,704,741,/app/Repos/pandas/pandas/tests/indexes/test_range.py,494,519,True,df80ee081495023128b1848ef14b7cc4
5266,/app/Repos/pandas/pandas/tests/sparse/series/test_series.py,1210,1232,/app/Repos/pandas/pandas/tests/sparse/series/test_series.py,1245,1265,True,e48f4b8608e6e3b3e1b38fd7dbc16118
5267,/app/Repos/pandas/pandas/tests/indexes/datetimes/test_tools.py,416,445,/app/Repos/pandas/pandas/tests/indexes/datetimes/test_tools.py,770,778,True,1906b15a0dfaeaf39efbce12ee0eada2
5268,/app/Repos/pandas/pandas/tests/indexes/datetimes/test_tools.py,445,453,/app/Repos/pandas/pandas/tests/indexes/datetimes/test_tools.py,770,778,True,6a58a8c0249e8a1750499fe24065550e
5269,/app/Repos/pandas/pandas/tests/indexes/test_range.py,425,461,/app/Repos/pandas/pandas/tests/indexes/test_range.py,494,519,True,280e948ae1f05b37d00e9e5a43c260e8
5270,/app/Repos/pandas/pandas/tests/indexes/datetimes/test_tools.py,453,462,/app/Repos/pandas/pandas/tests/indexes/datetimes/test_tools.py,770,778,True,9df66d98d57481e405da2e1c5120c384
5271,/app/Repos/pandas/pandas/tests/sparse/series/test_series.py,1232,1245,/app/Repos/pandas/pandas/tests/sparse/series/test_series.py,1245,1265,True,8fa4535c8720775797f25ca9e4f609fa
5272,/app/Repos/pandas/pandas/tests/indexes/datetimes/test_tools.py,473,510,/app/Repos/pandas/pandas/tests/indexes/datetimes/test_tools.py,770,778,True,4d473b6abfbc40d91a45a5fb07d5f3b0
5273,/app/Repos/pandas/pandas/tests/indexes/test_range.py,461,494,/app/Repos/pandas/pandas/tests/indexes/test_range.py,494,519,True,d67a653dfce599d2e5a4f7056e9aac14
5274,/app/Repos/pandas/pandas/tests/indexes/datetimes/test_tools.py,646,695,/app/Repos/pandas/pandas/tests/indexes/datetimes/test_tools.py,770,778,True,d6bc3c243979ecde1e683c0d9feb29be
5275,/app/Repos/pandas/pandas/tests/tslibs/test_conversion.py,28,41,/app/Repos/pandas/pandas/tests/tslibs/test_conversion.py,41,50,True,889e17b1289e7dff7f5548e46b1772b1
5276,/app/Repos/pandas/pandas/tests/indexes/datetimes/test_tools.py,695,715,/app/Repos/pandas/pandas/tests/indexes/datetimes/test_tools.py,770,778,True,1cc014c8c324647eadf6a36ce163dd87
5277,/app/Repos/pandas/pandas/tests/indexes/datetimes/test_tools.py,715,748,/app/Repos/pandas/pandas/tests/indexes/datetimes/test_tools.py,770,778,True,9e87670b4213b3c5ba6c6dd7e0a8d1ad
5278,/app/Repos/pandas/pandas/tests/indexes/datetimes/test_tools.py,748,770,/app/Repos/pandas/pandas/tests/indexes/datetimes/test_tools.py,770,778,True,0ec85cfacfda1c72d2ed6e7a40648f47
5279,/app/Repos/pandas/pandas/tests/sparse/series/test_series.py,1436,1450,/app/Repos/pandas/pandas/tests/sparse/series/test_series.py,1450,1467,True,93983cb8f88e5fd06c3249b36d6b328e
5280,/app/Repos/pandas/pandas/tests/sparse/test_format.py,22,32,/app/Repos/pandas/pandas/tests/sparse/test_format.py,45,69,True,9523ee9e17a418748db71a72f341f760
5281,/app/Repos/pandas/pandas/tests/indexes/test_numeric.py,804,842,/app/Repos/pandas/pandas/tests/indexes/test_range.py,494,519,True,11d7b362e8978edb99495ff942f896d5
5282,/app/Repos/pandas/pandas/tests/sparse/test_format.py,32,45,/app/Repos/pandas/pandas/tests/sparse/test_format.py,45,69,True,33ae5c22fcf29f3b9fd206dbe4eb1594
5283,/app/Repos/pandas/pandas/tests/indexes/datetimes/test_tools.py,473,510,/app/Repos/pandas/pandas/tests/indexes/datetimes/test_tools.py,778,786,True,0f523fa45ffa7bd93f6b1ce13ee56215
5284,/app/Repos/pandas/pandas/tests/indexes/datetimes/test_tools.py,646,695,/app/Repos/pandas/pandas/tests/indexes/datetimes/test_tools.py,778,786,True,98b759be26b6c96846662f973e761058
5285,/app/Repos/pandas/pandas/tests/indexes/test_numeric.py,944,986,/app/Repos/pandas/pandas/tests/indexes/test_range.py,494,519,True,70ba76e1a4c3835e35ff10c2785c8c7a
5286,/app/Repos/pandas/pandas/tests/indexing/test_callable.py,91,126,/app/Repos/pandas/pandas/tests/indexing/test_callable.py,126,182,True,0678c26b9e716305faa1140e44d1a4ea
5287,/app/Repos/pandas/pandas/tests/indexes/datetimes/test_tools.py,770,778,/app/Repos/pandas/pandas/tests/indexes/datetimes/test_tools.py,778,786,True,5681ada8029a69d877e316fdc459879e
4741,/app/Repos/pandas/pandas/tests/indexes/datetimes/test_astype.py,19,37,/app/Repos/pandas/pandas/tests/indexes/datetimes/test_astype.py,19,37,False,7b16e26eb86cbd8afd83c0352c4e9baa
5288,/app/Repos/pandas/pandas/tests/indexes/test_numeric.py,1058,1094,/app/Repos/pandas/pandas/tests/indexes/test_range.py,494,519,True,e1cba851164bde0dd9a8dff4213e3f20
5289,/app/Repos/pandas/pandas/plotting/_core.py,1007,1019,/app/Repos/pandas/pandas/plotting/_core.py,1121,1157,True,a469be55413e93ce0e3c4645d7f7f920
5290,/app/Repos/pandas/pandas/tests/indexes/datetimes/test_astype.py,19,37,/app/Repos/pandas/pandas/tests/indexes/datetimes/test_astype.py,73,82,True,8694f940142a33c740904f61692df908
5291,/app/Repos/pandas/pandas/tests/indexes/datetimes/test_astype.py,73,82,/app/Repos/pandas/pandas/tests/indexes/datetimes/test_astype.py,73,82,True,8a7d69f24a00c3168a5c3769d4345bb4
5292,/app/Repos/pandas/pandas/tests/indexing/interval/test_interval.py,87,124,/app/Repos/pandas/pandas/tests/indexing/interval/test_interval.py,217,228,True,44c7d86c203aa0617a3704a36759f1e0
5293,/app/Repos/pandas/pandas/tests/indexes/test_numeric.py,741,777,/app/Repos/pandas/pandas/tests/indexes/test_range.py,519,546,True,0f7c7c657a0ff1b8f23e2da7b8d6cba7
5294,/app/Repos/pandas/pandas/plotting/_core.py,2170,2251,/app/Repos/pandas/pandas/plotting/_core.py,2193,2213,True,9c7d941b99f68a1b809347c725ee9114
5295,/app/Repos/pandas/pandas/tests/indexes/datetimes/test_astype.py,73,82,/app/Repos/pandas/pandas/tests/indexes/datetimes/test_astype.py,115,133,True,57b6a5b27a8f276b530cfd5ce12a1a35
5296,/app/Repos/pandas/pandas/tests/indexing/interval/test_interval.py,144,182,/app/Repos/pandas/pandas/tests/indexing/interval/test_interval.py,217,228,True,2fa5866e0e7c307b0e8c82f8d5743804
5297,/app/Repos/pandas/pandas/tests/generic/test_generic.py,619,740,/app/Repos/pandas/pandas/tests/indexing/interval/test_interval.py,217,228,True,0859daaea35d9f3fdc340bdde20d4378
5298,/app/Repos/pandas/pandas/tests/indexes/test_range.py,425,461,/app/Repos/pandas/pandas/tests/indexes/test_range.py,519,546,True,f1e69e8c9296bc3e9caf6c0e649011f1
5299,/app/Repos/pandas/pandas/tests/indexes/test_range.py,461,494,/app/Repos/pandas/pandas/tests/indexes/test_range.py,519,546,True,b8f1e6eada563f045e3fb5e1c5950598
5300,/app/Repos/pandas/pandas/tests/test_base.py,1071,1089,/app/Repos/pandas/pandas/tests/test_base.py,1089,1113,True,6f4669ed18e18c5a532305838a6e0a9b
5301,/app/Repos/pandas/pandas/tests/indexes/test_range.py,494,519,/app/Repos/pandas/pandas/tests/indexes/test_range.py,519,546,True,0b7d36388b07068665eeb3b20fffb79b
5302,/app/Repos/pandas/pandas/tests/indexing/test_callable.py,12,68,/app/Repos/pandas/pandas/tests/indexing/test_callable.py,68,91,True,0b37da116b2e17fea8716454a5527f8d
5303,/app/Repos/pandas/pandas/tests/indexing/test_loc.py,655,693,/app/Repos/pandas/pandas/tests/indexing/test_loc.py,662,669,True,3b82768565fdf625bbbe15e544dcf492
5304,/app/Repos/pandas/pandas/tests/indexes/test_numeric.py,804,842,/app/Repos/pandas/pandas/tests/indexes/test_range.py,519,546,True,14656b1f2c00dfada4eed4f144902cc7
5305,/app/Repos/pandas/pandas/tests/indexes/datetimes/test_tools.py,786,910,/app/Repos/pandas/pandas/tests/indexes/datetimes/test_tools.py,910,939,True,e8492e1f7e8ee60fde9ba5ffda6b66e9
5306,/app/Repos/pandas/pandas/tests/scalar/timedelta/test_timedelta.py,292,328,/app/Repos/pandas/pandas/tests/scalar/timedelta/test_timedelta.py,296,312,True,09eec20ae637d696797d1c133a3fae77
5307,/app/Repos/pandas/pandas/tests/indexes/test_numeric.py,986,1029,/app/Repos/pandas/pandas/tests/indexes/test_range.py,519,546,True,de3ec13199a55cda4868aaf7c5334b7b
5308,/app/Repos/pandas/pandas/tests/indexing/test_indexing.py,585,596,/app/Repos/pandas/pandas/tests/indexing/test_indexing.py,613,621,True,034305f85af96cd1ad2109cbce244d98
5309,/app/Repos/pandas/pandas/tests/indexing/test_indexing.py,596,613,/app/Repos/pandas/pandas/tests/indexing/test_indexing.py,613,621,True,17e2e2f907668294e291e605e5c6e174
5310,/app/Repos/pandas/pandas/tests/indexes/test_numeric.py,1058,1094,/app/Repos/pandas/pandas/tests/indexes/test_range.py,519,546,True,f322f20aa5b2a817c04c91ce65799ad6
5311,/app/Repos/pandas/pandas/tests/indexes/test_numeric.py,777,804,/app/Repos/pandas/pandas/tests/indexes/test_range.py,546,573,True,7895e8d04034ac752e76a4743bdc5620
5312,/app/Repos/pandas/pandas/tests/indexes/test_numeric.py,1029,1058,/app/Repos/pandas/pandas/tests/indexes/test_range.py,546,573,True,1cef6de8ecfb09edcdcec492e599e284
5313,/app/Repos/pandas/pandas/tests/indexing/test_indexing.py,980,988,/app/Repos/pandas/pandas/tests/indexing/test_indexing.py,988,997,True,de9fd03d7374aa750fb9a4c4bc7ba2dd
5314,/app/Repos/pandas/pandas/tests/indexes/datetimes/test_tools.py,59,100,/app/Repos/pandas/pandas/tests/indexes/datetimes/test_tools.py,971,979,True,7117d0e2e6cdd50222367c11d275e65b
5315,/app/Repos/pandas/pandas/tests/indexes/datetimes/test_tools.py,100,116,/app/Repos/pandas/pandas/tests/indexes/datetimes/test_tools.py,971,979,True,f719c9903254bf9763df6a5e35b34625
5316,/app/Repos/pandas/pandas/tests/indexing/test_loc.py,91,103,/app/Repos/pandas/pandas/tests/indexing/test_loc.py,133,155,True,14afdff50698670ccecf8f8da915b3bf
5317,/app/Repos/pandas/pandas/tests/indexes/test_numeric.py,804,842,/app/Repos/pandas/pandas/tests/indexes/test_range.py,573,587,True,4bc568e7944103ef6c86b558406db75d
5318,/app/Repos/pandas/pandas/tests/indexes/interval/test_interval_range.py,24,51,/app/Repos/pandas/pandas/tests/indexes/interval/test_interval_range.py,82,109,True,fdf9efb42877794113944b7b2cda2ebf
5319,/app/Repos/pandas/pandas/tests/test_base.py,733,755,/app/Repos/pandas/pandas/tests/test_base.py,755,795,True,40d701819018b49d5a3a670a1723ae08
5320,/app/Repos/pandas/pandas/tests/indexes/interval/test_interval_range.py,51,82,/app/Repos/pandas/pandas/tests/indexes/interval/test_interval_range.py,82,109,True,19c9990afad354160ac7d626829bb7d6
5321,/app/Repos/pandas/pandas/tests/indexes/test_numeric.py,1058,1094,/app/Repos/pandas/pandas/tests/indexes/test_range.py,573,587,True,d8547262008a6087af44be56e26ae5da
5322,/app/Repos/pandas/pandas/tests/indexes/test_range.py,425,461,/app/Repos/pandas/pandas/tests/indexes/test_range.py,573,587,True,b6e651c8204169ca41fc004cec83748c
5323,/app/Repos/pandas/pandas/tests/indexes/multi/test_constructor.py,238,255,/app/Repos/pandas/pandas/tests/indexes/multi/test_constructor.py,347,361,True,4cf4c891d81c248fbfb6318de8afc894
5324,/app/Repos/pandas/pandas/tests/indexing/test_indexing.py,761,817,/app/Repos/pandas/pandas/tests/indexing/test_indexing.py,764,796,True,7e9bd7b4a790053f15d9457a4b6e51a3
5325,/app/Repos/pandas/pandas/tests/indexes/test_numeric.py,655,667,/app/Repos/pandas/pandas/tests/indexes/test_range.py,593,664,True,6d9e585a163eb1ae4b2b60d74e22aec4
5326,/app/Repos/pandas/pandas/tests/indexing/test_indexing.py,1011,1019,/app/Repos/pandas/pandas/tests/indexing/test_indexing.py,1028,1037,True,811edd2abe9c2f08665b7d80013d4ca7
5327,/app/Repos/pandas/pandas/tests/indexing/test_indexing.py,1019,1028,/app/Repos/pandas/pandas/tests/indexing/test_indexing.py,1028,1037,True,817fd7a4533bee22dbb97a6c4d23e408
5328,/app/Repos/pandas/pandas/tests/indexes/datetimes/test_tools.py,770,778,/app/Repos/pandas/pandas/tests/indexes/datetimes/test_tools.py,994,1021,True,8725b7c820d6c947b22b0410b6a9aca8
5329,/app/Repos/pandas/pandas/tests/indexes/test_numeric.py,892,904,/app/Repos/pandas/pandas/tests/indexes/test_range.py,593,664,True,4343769119d30b4907a5f09948429189
5330,/app/Repos/pandas/pandas/tests/indexes/test_numeric.py,496,509,/app/Repos/pandas/pandas/tests/indexes/test_range.py,664,677,True,874226675fa92b6a35ba06867688d9ff
5331,/app/Repos/pandas/pandas/tests/indexes/multi/test_reindex.py,92,103,/app/Repos/pandas/pandas/tests/indexes/multi/test_reindex.py,92,103,True,d186381b142ff4fb2427ca9df6057456
5332,/app/Repos/pandas/pandas/tests/indexes/period/test_setops.py,92,116,/app/Repos/pandas/pandas/tests/indexes/period/test_setops.py,127,149,True,18695abec0d58c3ab60672c1722309e4
5333,/app/Repos/pandas/pandas/tests/indexes/test_category.py,1007,1066,/app/Repos/pandas/pandas/tests/indexes/test_range.py,739,766,True,a1a1e6f864d4cf2d0ba3be240c60226f
5334,/app/Repos/pandas/pandas/tests/indexes/test_numeric.py,375,404,/app/Repos/pandas/pandas/tests/indexes/test_range.py,739,766,True,9a0ac82845ac8e5f7c559e124cd0a13b
5335,/app/Repos/pandas/pandas/tests/indexes/test_numeric.py,667,704,/app/Repos/pandas/pandas/tests/indexes/test_numeric.py,804,842,True,3c71e92ece48772f10806f4e149ba8a2
5336,/app/Repos/pandas/pandas/tests/indexes/multi/test_constructor.py,143,157,/app/Repos/pandas/pandas/tests/indexes/multi/test_constructor.py,157,171,True,d43ff7bfd6f8cddfbe305d57061c4b93
5337,/app/Repos/pandas/pandas/tests/indexes/multi/test_constructor.py,127,143,/app/Repos/pandas/pandas/tests/indexes/multi/test_constructor.py,157,171,True,6b23106b637a4c15aee85198482a7728
5338,/app/Repos/pandas/pandas/tests/indexes/test_range.py,739,766,/app/Repos/pandas/pandas/tests/indexes/test_range.py,739,766,True,4f2eba4f7ea861f4f6fdf0cc75d50192
5339,/app/Repos/pandas/pandas/tests/indexes/multi/test_constructor.py,267,281,/app/Repos/pandas/pandas/tests/indexes/multi/test_constructor.py,297,305,True,f1af89ccdf124cb581a8fcbc5e4a6a15
5340,/app/Repos/pandas/pandas/tests/indexes/test_numeric.py,530,559,/app/Repos/pandas/pandas/tests/indexes/test_range.py,739,766,True,c3de9236c380579a5cd8d7b0db639302
5341,/app/Repos/pandas/pandas/tests/indexes/multi/test_constructor.py,393,408,/app/Repos/pandas/pandas/tests/indexes/multi/test_constructor.py,408,428,True,af8644ae81a178c0cc260ee746b11b1e
5342,/app/Repos/pandas/pandas/tests/indexes/test_category.py,1066,1104,/app/Repos/pandas/pandas/tests/indexes/test_range.py,739,766,True,25f6526f0782d63feab0125c89689a21
5343,/app/Repos/pandas/pandas/tests/indexes/test_numeric.py,26,51,/app/Repos/pandas/pandas/tests/indexes/test_range.py,779,804,True,09e128f49d1855e8f76fe6f0ca8d1820
5344,/app/Repos/pandas/pandas/tests/indexes/test_category.py,374,403,/app/Repos/pandas/pandas/tests/indexes/test_numeric.py,93,101,True,a03fafd78b71d6ab161143f7368aad65
5345,/app/Repos/pandas/pandas/tests/indexes/test_numeric.py,51,57,/app/Repos/pandas/pandas/tests/indexes/test_range.py,812,818,True,21af04ea75b845f498939fc666173846
5346,/app/Repos/pandas/pandas/tests/indexes/test_numeric.py,93,101,/app/Repos/pandas/pandas/tests/indexes/test_numeric.py,93,101,True,5585461ae2d5895eba708e4ddbf5068e
5347,/app/Repos/pandas/pandas/tests/indexes/test_range.py,827,845,/app/Repos/pandas/pandas/tests/indexes/test_range.py,845,863,True,4e34b63bca3cf0147fc9a8603ff3fd87
5348,/app/Repos/pandas/pandas/tests/indexes/datetimes/test_indexing.py,551,584,/app/Repos/pandas/pandas/tests/indexes/test_numeric.py,259,272,True,90ccbdcdc18f180e76c65c3dceae8ea8
5349,/app/Repos/pandas/pandas/tests/indexes/test_numeric.py,259,272,/app/Repos/pandas/pandas/tests/indexes/test_numeric.py,259,272,True,210c3fdee46222a4ce33514cd0391c0e
5350,/app/Repos/pandas/pandas/tests/scalar/timestamp/test_timezones.py,174,185,/app/Repos/pandas/pandas/tests/scalar/timestamp/test_timezones.py,326,342,True,082b34b73c3f8567e94e11112a8c33ce
5351,/app/Repos/pandas/pandas/tests/scalar/timestamp/test_timezones.py,313,326,/app/Repos/pandas/pandas/tests/scalar/timestamp/test_timezones.py,326,342,True,4801a16fd3884793b0200803754065bc
5352,/app/Repos/pandas/pandas/tests/indexes/test_numeric.py,777,804,/app/Repos/pandas/pandas/tests/indexes/test_numeric.py,1029,1058,True,40d6295219a1cf4eac3a3b9115ae3228
5353,/app/Repos/pandas/pandas/tests/indexes/interval/test_interval_range.py,24,51,/app/Repos/pandas/pandas/tests/indexes/interval/test_interval_range.py,51,82,True,243ad5587ecc22d985c7c01b03bd441e
5354,/app/Repos/pandas/pandas/tests/indexes/test_category.py,1007,1066,/app/Repos/pandas/pandas/tests/indexes/test_numeric.py,375,404,True,23eff738e7ebbc9d28ef8c40ab635057
5355,/app/Repos/pandas/pandas/tests/indexes/test_numeric.py,375,404,/app/Repos/pandas/pandas/tests/indexes/test_numeric.py,375,404,True,89930fedb320e080f72c8691379f5123
5356,/app/Repos/pandas/pandas/tests/indexes/test_category.py,1066,1104,/app/Repos/pandas/pandas/tests/indexes/test_numeric.py,375,404,True,7bbe83da1d8b20ff42396fc87531bd7c
5357,/app/Repos/pandas/pandas/tests/indexes/datetimes/test_tools.py,59,100,/app/Repos/pandas/pandas/tests/indexes/datetimes/test_tools.py,1264,1273,True,f8fd44e2559236362729c86d3f3ca2e7
5358,/app/Repos/pandas/pandas/tests/indexes/test_numeric.py,655,667,/app/Repos/pandas/pandas/tests/indexes/test_numeric.py,892,904,True,e3f93d9ae8ec862bc9cfff15121d117e
5359,/app/Repos/pandas/pandas/tests/indexes/test_numeric.py,419,438,/app/Repos/pandas/pandas/tests/indexes/test_numeric.py,438,453,True,833ad7b1c01be2b655601ccb31ec6d27
5360,/app/Repos/pandas/pandas/tests/indexes/datetimes/test_scalar_compat.py,80,131,/app/Repos/pandas/pandas/tests/indexes/datetimes/test_scalar_compat.py,131,147,True,9ad8fedc16f0456af643c3492e43a3ea
5361,/app/Repos/pandas/pandas/tests/indexes/datetimes/test_tools.py,1243,1264,/app/Repos/pandas/pandas/tests/indexes/datetimes/test_tools.py,1264,1273,True,7d8b93b530f5c6219301d590bf2d9b8d
5362,/app/Repos/pandas/pandas/tests/indexes/test_numeric.py,944,986,/app/Repos/pandas/pandas/tests/indexes/test_numeric.py,986,1029,True,ba359f3bea1c1130754dc1f4bad2a6d9
5363,/app/Repos/pandas/pandas/tests/indexes/datetimes/test_tools.py,1243,1264,/app/Repos/pandas/pandas/tests/indexes/datetimes/test_tools.py,1273,1284,True,76a4231d5d619282b06a3d4c6d916889
5364,/app/Repos/pandas/pandas/tests/indexes/test_numeric.py,704,741,/app/Repos/pandas/pandas/tests/indexes/test_numeric.py,986,1029,True,6cd08dcfa357d7735ba5825e05378abc
5365,/app/Repos/pandas/pandas/tests/indexes/datetimes/test_tools.py,1264,1273,/app/Repos/pandas/pandas/tests/indexes/datetimes/test_tools.py,1273,1284,True,888ad01bf0e4d26e8e779ad376df7ce6
5366,/app/Repos/pandas/pandas/tests/indexes/test_numeric.py,741,777,/app/Repos/pandas/pandas/tests/indexes/test_numeric.py,986,1029,True,8a959741b1a2f805fa99f6c023ed083d
5367,/app/Repos/pandas/pandas/tests/indexes/datetimes/test_tools.py,1299,1309,/app/Repos/pandas/pandas/tests/indexes/datetimes/test_tools.py,1320,1332,True,6956ef4300326fe964f6c0b80df84d16
5368,/app/Repos/pandas/pandas/tests/indexes/datetimes/test_tools.py,1309,1320,/app/Repos/pandas/pandas/tests/indexes/datetimes/test_tools.py,1320,1332,True,72cbfddec8fc02c79fbe58502d7da556
5369,/app/Repos/pandas/pandas/tests/indexes/datetimes/test_construction.py,275,286,/app/Repos/pandas/pandas/tests/indexes/timedeltas/test_construction.py,13,24,True,ad3e7079b9aa6bac2c5f8cb05fb041b4
5370,/app/Repos/pandas/pandas/tests/indexes/datetimes/test_construction.py,311,360,/app/Repos/pandas/pandas/tests/indexes/timedeltas/test_construction.py,54,89,True,dd1eae05e72a99f6d5306d94f782192e
5371,/app/Repos/pandas/pandas/tests/indexes/test_range.py,47,55,/app/Repos/pandas/pandas/tests/indexes/test_range.py,55,64,True,18fa1bb7a7e0c3a6fe4a7e883140cf50
